2 0.000030517578125 47.48
2 0.00006103515625 47.51
2 0.0001220703125 42.57
2 0.000244140625 37.43
2 0.00048828125 29.44
2 0.0009765625 21.28
2 0.001953125 15.6
2 0.00390625 11.37
2 0.0078125 8.64
2 0.015625 7.25
2 0.03125 6.09
2 0.0625 5.32
2 0.125 5.0
2 0.25 4.56
2 0.5 4.16
2 1 4.2
3 0.000030517578125 48.51
3 0.00006103515625 45.7
3 0.0001220703125 44.09
3 0.000244140625 37.72
3 0.00048828125 27.99
3 0.0009765625 21.06
3 0.001953125 15.53
3 0.00390625 11.32
3 0.0078125 8.81
3 0.015625 7.22
3 0.03125 6.19
3 0.0625 5.24
3 0.125 5.0
3 0.25 4.63
3 0.5 4.14
3 1 4.18
4 0.000030517578125 48.5
4 0.00006103515625 47.53
4 0.0001220703125 42.44
4 0.000244140625 36.54
4 0.00048828125 30.66
4 0.0009765625 22.02
4 0.001953125 15.4
4 0.00390625 11.29
4 0.0078125 8.82
4 0.015625 7.08
4 0.03125 6.15
4 0.0625 5.28
4 0.125 5.0
4 0.25 4.43
4 0.5 4.21
4 1 4.12
5 0.000030517578125 49.48
5 0.00006103515625 47.54
5 0.0001220703125 43.78
5 0.000244140625 38.65
5 0.00048828125 31.17
5 0.0009765625 20.53
5 0.001953125 15.15
5 0.00390625 11.26
5 0.0078125 8.68
5 0.015625 7.23
5 0.03125 6.07
5 0.0625 5.23
5 0.125 4.99
5 0.25 4.6
5 0.5 4.13
5 1 4.22
6 0.000030517578125 49.22
6 0.00006103515625 47.63
6 0.0001220703125 42.74
6 0.000244140625 36.03
6 0.00048828125 29.34
6 0.0009765625 21.33
6 0.001953125 15.22
6 0.00390625 11.12
6 0.0078125 8.64
6 0.015625 7.26
6 0.03125 6.12
6 0.0625 5.31
6 0.125 5.0
6 0.25 4.53
6 0.5 4.2
6 1 4.17
7 0.000030517578125 48.54
7 0.00006103515625 46.76
7 0.0001220703125 43.66
7 0.000244140625 36.45
7 0.00048828125 28.82
7 0.0009765625 20.73
7 0.001953125 15.07
7 0.00390625 11.04
7 0.0078125 8.89
7 0.015625 7.16
7 0.03125 6.11
7 0.0625 5.3
7 0.125 5.0
7 0.25 4.63
7 0.5 4.18
7 1 4.13
8 0.000030517578125 47.71
8 0.00006103515625 47.59
8 0.0001220703125 42.03
8 0.000244140625 38.68
8 0.00048828125 30.12
8 0.0009765625 21.75
8 0.001953125 15.68
8 0.00390625 10.85
8 0.0078125 8.71
8 0.015625 7.27
8 0.03125 6.09
8 0.0625 5.28
8 0.125 5.0
8 0.25 4.56
8 0.5 4.14
8 1 4.18
9 0.000030517578125 49.1
9 0.00006103515625 46.46
9 0.0001220703125 43.16
9 0.000244140625 37.65
9 0.00048828125 30.0
9 0.0009765625 21.69
9 0.001953125 14.98
9 0.00390625 11.14
9 0.0078125 8.87
9 0.015625 7.25
9 0.03125 6.11
9 0.0625 5.34
9 0.125 5.0
9 0.25 4.39
9 0.5 4.11
9 1 4.08
30 0.000030517578125 49.35
30 0.00006103515625 44.9
30 0.0001220703125 42.6
30 0.000244140625 35.68
30 0.00048828125 30.42
30 0.0009765625 21.38
30 0.001953125 15.27
30 0.00390625 11.07
30 0.0078125 8.86
30 0.015625 7.14
30 0.03125 6.11
30 0.0625 5.31
30 0.125 5.0
30 0.25 4.53
30 0.5 4.1
30 1 4.08
