2 0.000030517578125 94.75
2 0.00006103515625 94.03
2 0.0001220703125 83.03
2 0.000244140625 74.46
2 0.00048828125 58.07
2 0.0009765625 40.06
2 0.001953125 27.28
2 0.00390625 18.25
2 0.0078125 13.14
2 0.015625 10.32
2 0.03125 8.31
2 0.0625 7.06
2 0.125 6.03
2 0.25 5.94
2 0.5 5.49
2 1 5.55
3 0.000030517578125 95.86
3 0.00006103515625 90.34
3 0.0001220703125 85.64
3 0.000244140625 74.44
3 0.00048828125 56.3
3 0.0009765625 38.3
3 0.001953125 27.14
3 0.00390625 18.7
3 0.0078125 13.42
3 0.015625 10.18
3 0.03125 8.38
3 0.0625 7.05
3 0.125 6.11
3 0.25 5.93
3 0.5 5.45
3 1 5.52
4 0.000030517578125 96.78
4 0.00006103515625 91.76
4 0.0001220703125 82.94
4 0.000244140625 71.17
4 0.00048828125 58.7
4 0.0009765625 42.51
4 0.001953125 26.69
4 0.00390625 18.34
4 0.0078125 13.39
4 0.015625 10.06
4 0.03125 8.32
4 0.0625 7.03
4 0.125 6.1
4 0.25 5.91
4 0.5 5.52
4 1 5.52
5 0.000030517578125 97.48
5 0.00006103515625 93.77
5 0.0001220703125 85.3
5 0.000244140625 75.27
5 0.00048828125 59.29
5 0.0009765625 37.55
5 0.001953125 26.47
5 0.00390625 18.41
5 0.0078125 13.21
5 0.015625 10.29
5 0.03125 8.26
5 0.0625 7.04
5 0.125 6.14
5 0.25 5.91
5 0.5 5.41
5 1 5.56
6 0.000030517578125 96.78
6 0.00006103515625 94.18
6 0.0001220703125 84.77
6 0.000244140625 69.1
6 0.00048828125 54.68
6 0.0009765625 40.1
6 0.001953125 26.02
6 0.00390625 18.47
6 0.0078125 13.08
6 0.015625 10.25
6 0.03125 8.3
6 0.0625 7.03
6 0.125 6.12
6 0.25 5.89
6 0.5 5.43
6 1 5.6
7 0.000030517578125 96.49
7 0.00006103515625 91.67
7 0.0001220703125 86.25
7 0.000244140625 70.12
7 0.00048828125 55.4
7 0.0009765625 39.29
7 0.001953125 26.26
7 0.00390625 18.01
7 0.0078125 13.4
7 0.015625 10.15
7 0.03125 8.28
7 0.0625 7.07
7 0.125 6.14
7 0.25 5.93
7 0.5 5.51
7 1 5.55
8 0.000030517578125 94.05
8 0.00006103515625 93.39
8 0.0001220703125 83.41
8 0.000244140625 74.78
8 0.00048828125 56.68
8 0.0009765625 39.43
8 0.001953125 26.87
8 0.00390625 17.93
8 0.0078125 13.17
8 0.015625 10.24
8 0.03125 8.27
8 0.0625 7.01
8 0.125 6.09
8 0.25 5.9
8 0.5 5.45
8 1 5.55
9 0.000030517578125 97.83
9 0.00006103515625 91.5
9 0.0001220703125 85.83
9 0.000244140625 72.44
9 0.00048828125 56.35
9 0.0009765625 40.32
9 0.001953125 25.57
9 0.00390625 18.1
9 0.0078125 13.3
9 0.015625 10.29
9 0.03125 8.21
9 0.0625 7.06
9 0.125 6.09
9 0.25 5.87
9 0.5 5.41
9 1 5.49
30 0.000030517578125 96.97
30 0.00006103515625 88.61
30 0.0001220703125 85.13
30 0.000244140625 68.26
30 0.00048828125 58.79
30 0.0009765625 39.52
30 0.001953125 26.39
30 0.00390625 18.18
30 0.0078125 13.34
30 0.015625 10.2
30 0.03125 8.25
30 0.0625 7.09
30 0.125 6.08
30 0.25 5.93
30 0.5 5.42
30 1 5.52
