0.01000000000000000020816681711721685132943093776702880859375 0.0684063539531
0.01499999999999999944488848768742172978818416595458984375 0.0719645256401
0.0200000000000000004163336342344337026588618755340576171875 0.07903012671
0.025000000000000001387778780781445675529539585113525390625 0.0799797749372
0.0299999999999999988897769753748434595763683319091796875 0.0805904170699
0.0350000000000000033306690738754696212708950042724609375 0.0877832508239
0.040000000000000000832667268468867405317723751068115234375 0.0934476897026
0.045000000000000005273559366969493567012250423431396484375 0.0943593456137
0.05000000000000000277555756156289135105907917022705078125 0.101377231782
0.055000000000000000277555756156289135105907917022705078125 0.104655178555
0.060000000000000004718447854656915296800434589385986328125 0.10889443726
0.065000000000000002220446049250313080847263336181640625 0.122180756501
0.06999999999999999278355033993648248724639415740966796875 0.135874039485
0.07499999999999999722444243843710864894092082977294921875 0.134991770071
0.08000000000000000166533453693773481063544750213623046875 0.170202652364
0.0849999999999999922284388276239042170345783233642578125 0.179295609464
0.0899999999999999966693309261245303787291049957275390625 0.192149918417
0.0950000000000000011102230246251565404236316680908203125 0.211344751551
0.09999999999999999167332731531132594682276248931884765625 0.237660682689
0.10499999999999999611421941381195210851728916168212890625 0.260572509623
0.11000000000000000055511151231257827021181583404541015625 0.279049820509
0.1149999999999999911182158029987476766109466552734375 0.310322700548
0.11999999999999999555910790149937383830547332763671875 0.325386482877
0.125 0.351954648875
0.13000000000000000444089209850062616169452667236328125 0.368866834096
0.1350000000000000088817841970012523233890533447265625 0.383931243845
0.14000000000000001332267629550187848508358001708984375 0.398321636717
0.145000000000000017763568394002504646778106689453125 0.415571220252
0.15000000000000002220446049250313080847263336181640625 0.417251748032
0.1549999999999999988897769753748434595763683319091796875 0.428251741388
0.1600000000000000033306690738754696212708950042724609375 0.432783041249
0.1650000000000000077715611723760957829654216766357421875 0.44888292034
0.1700000000000000122124532708767219446599483489990234375 0.45261351133
0.1750000000000000166533453693773481063544750213623046875 0.465197327422
0.1800000000000000210942374678779742680490016937255859375 0.477147600337
0.1850000000000000255351295663786004297435283660888671875 0.479095849555
0.190000000000000002220446049250313080847263336181640625 0.487337661309
0.195000000000000006661338147750939242541790008544921875 0.492558183501
0.200000000000000011102230246251565404236316680908203125 0.494586157866
0.205000000000000015543122344752191565930843353271484375 0.497724055183
0.210000000000000019984014443252817727625370025634765625 0.503798675781
0.215000000000000024424906541753443889319896697998046875 0.511618596998
0.2200000000000000011102230246251565404236316680908203125 0.513675041417
0.2250000000000000055511151231257827021181583404541015625 0.516537338166
0.2300000000000000099920072216264088638126850128173828125 0.521299486189
0.2350000000000000144328993201270350255072116851806640625 0.522131980805
0.2400000000000000188737914186276611872017383575439453125 0.524235227131
0.2450000000000000233146835171282873488962650299072265625 0.527921245935
0.25 0.534316026284
0.25500000000000000444089209850062616169452667236328125 0.531080955849
0.2600000000000000088817841970012523233890533447265625 0.538413248548
0.26500000000000001332267629550187848508358001708984375 0.539305077943
0.270000000000000017763568394002504646778106689453125 0.543756906584
0.27500000000000002220446049250313080847263336181640625 0.548258211642
0.2800000000000000266453525910037569701671600341796875 0.545618210517
0.28500000000000003108624468950438313186168670654296875 0.549125236899
0.29000000000000003552713678800500929355621337890625 0.548940947766
0.29500000000000003996802888650563545525074005126953125 0.551682444592
0.299999999999999988897769753748434595763683319091796875 0.551403208267
0.000030517578125 0.0534673662422
0.00006103515625 0.0531785596074
0.0001220703125 0.0536752309159
0.000244140625 0.0534360534185
0.00048828125 0.0541394557602
0.0009765625 0.0565429384455
0.001953125 0.0579430292465
0.00390625 0.0626165503332
0.0078125 0.0675381297052
0.015625 0.0736127003202
0.03125 0.0840262350562
0.0625 0.125740946359
0.5 0.570554722999
1 0.552687163692
0.40000000000000002220446049250313080847263336181640625 0.56608620387
0.600000000000000088817841970012523233890533447265625 0.563152967816
0.70000000000000006661338147750939242541790008544921875 0.555799800864
0.8000000000000000444089209850062616169452667236328125 0.553531194417
0.90000000000000002220446049250313080847263336181640625 0.550118636846
