19808.410156
20192.699219
20929.685547
20463.425781
19773.193359
19649.949219
20651.003906
18994.986328
19585.160156
19971.189453
20145.117188
20044.050781
20149.226562
20116.878906
18261.572266
20784.970703
19871.250000
20070.828125
20099.343750
20782.917969
19991.382812
20381.658203
19808.824219
19597.259766
20006.195312
20321.507812
19778.865234
20455.039062
20083.410156
20460.248047
19703.767578
20803.191406
19995.560547
20416.431641
20369.560547
18657.015625
21673.107422
19258.880859
19825.416016
20069.660156
19971.402344
20038.210938
18925.980469
20270.279297
18831.230469
19969.566406
19817.318359
18794.875000
19853.908203
20417.955078
19875.125000
19768.183594
19837.736328
19418.785156
19466.132812
19918.574219
20228.191406
20135.794922
19558.933594
21050.599609
19615.886719
19525.853516
19610.914062
19543.222656
20120.058594
19569.791016
21026.855469
19786.683594
19762.031250
20489.146484
21490.943359
20416.179688
19953.105469
19849.861328
21246.349609
20417.000000
20223.617188
20913.976562
19172.666016
19120.005859
20609.931641
19742.269531
20263.335938
20355.726562
19011.566406
20187.556641
20064.248047
19708.429688
20473.513672
20958.464844
19750.423828
19431.769531
19932.287109
19302.716797
19276.972656
20796.675781
20443.005859
20413.343750
20631.894531
20807.541016
19746.916016
20322.412109
20507.267578
19150.533203
19942.134766
18734.437500
18873.556641
20095.986328
18176.843750
20039.902344
18865.613281
20253.814453
19692.884766
19485.710938
20156.841797
19792.115234
19892.074219
20444.880859
20232.722656
19712.945312
20141.958984
19863.062500
20024.531250
20033.669922
18963.570312
20415.675781
19927.574219
20660.662109
20070.583984
19357.785156
18896.544922
19995.748047
18863.978516
20253.458984
20642.619141
19986.380859
18554.439453
20540.236328
20240.533203
21007.539062
20864.398438
20470.839844
20006.693359
20809.320312
19979.843750
20745.486328
19374.824219
20751.585938
20167.269531
20814.324219
19826.513672
18670.986328
20078.523438
19627.613281
20561.554688
20682.054688
20008.859375
18877.785156
20204.615234
20484.226562
19935.277344
20790.242188
20130.941406
20129.246094
20092.140625
19940.304688
18800.921875
18882.667969
20745.267578
19958.402344
20056.867188
20067.308594
19281.679688
18856.052734
18630.599609
19385.146484
19704.376953
19883.722656
20977.537109
21220.693359
20205.708984
19499.996094
20506.492188
20259.619141
20861.953125
20131.367188
20154.441406
19990.328125
19174.681641
19586.003906
19827.906250
21195.390625
20214.789062
20644.398438
19953.513672
20659.880859
19365.216797
19840.958984
21071.703125
20728.675781
18697.841797
21536.826172
19842.298828
20317.074219
19797.103516
19830.730469
19960.015625
20753.642578
19216.386719
20798.976562
19812.621094
19878.550781
20384.041016
19541.955078
20614.451172
18761.437500
20410.750000
21405.121094
18644.902344
20819.562500
20316.519531
19810.466797
19405.494141
20509.818359
20404.806641
20244.441406
20634.978516
19748.408203
21925.652344
20418.658203
18846.546875
19442.894531
21115.826172
19601.699219
19726.591797
19393.003906
19881.417969
20198.792969
20399.027344
20109.166016
18493.333984
20298.882812
20570.177734
19465.597656
19792.585938
19847.501953
19423.339844
19303.984375
19618.066406
18623.968750
19242.203125
20062.867188
18833.341797
20759.554688
20085.373047
20857.841797
20820.632812
19245.646484
20127.197266
20179.248047
19302.576172
19569.205078
20275.755859
19459.763672
19297.330078
19666.558594
19258.501953
20309.580078
20522.220703
19316.865234
18784.035156
19610.675781
20092.966797
20158.337891
20050.197266
21143.787109
20754.283203
20406.564453
18852.251953
20387.630859
20308.605469
19394.806641
19296.177734
21128.531250
19024.529297
20458.980469
20561.001953
18842.562500
19097.859375
20568.714844
19465.904297
20196.380859
19733.128906
20218.169922
20191.562500
19578.505859
20328.269531
20855.412109
19672.263672
20299.392578
19723.294922
20190.619141
19197.617188
20422.125000
19514.097656
19530.447266
20277.308594
19411.761719
19559.218750
21102.339844
19113.308594
20653.406250
20684.453125
20908.300781
18907.113281
20449.966797
20881.228516
19269.835938
21081.648438
19985.556641
19279.791016
20449.656250
19452.175781
20016.363281
20614.419922
19639.841797
19762.552734
19025.136719
19246.253906
19856.787109
21392.755859
19560.142578
20280.767578
18989.701172
20000.484375
20973.185547
20302.455078
20498.812500
19699.699219
19700.529297
19665.791016
19321.871094
20003.876953
19501.378906
19841.626953
20151.894531
19254.488281
20650.183594
19923.673828
19817.447266
19768.609375
20516.318359
20368.382812
19124.564453
20871.085938
19935.578125
18936.460938
19549.296875
20112.583984
20738.748047
19849.171875
19946.076172
20204.699219
19454.009766
19547.464844
19068.060547
20162.394531
20240.388672
20127.802734
19479.025391
20592.035156
19593.853516
20494.361328
19926.101562
19684.693359
19951.677734
19855.718750
19683.746094
21726.111328
18996.185547
20015.929688
19772.232422
20519.755859
19914.476562
20280.828125
20205.085938
20936.480469
20475.949219
21236.611328
19898.681641
20750.736328
20653.542969
21122.521484
20750.027344
19608.025391
19931.390625
19978.240234
20055.169922
20120.257812
21063.386719
20724.123047
20734.183594
19817.437500
20136.234375
19436.439453
19920.679688
20059.685547
18983.767578
19885.171875
19749.660156
19350.777344
19542.919922
19502.644531
19527.105469
19301.402344
20574.695312
20841.222656
19671.066406
20334.771484
20826.515625
19375.701172
19233.468750
20602.927734
20318.314453
19737.962891
19390.501953
19887.289062
19032.384766
20563.865234
19450.031250
19276.738281
21283.408203
19621.431641
19546.183594
20786.841797
19488.201172
19461.083984
21670.019531
20162.242188
20491.781250
19706.222656
20353.386719
19974.988281
18874.929688
19456.839844
19319.015625
20381.691406
19550.162109
20351.712891
20208.283203
20416.894531
20218.449219
20642.775391
20088.263672
20640.373047
20973.751953
19690.253906
19779.570312
19007.945312
19676.531250
20507.621094
19994.978516
20392.585938
20382.863281
18978.818359
19077.314453
20596.666016
20885.611328
20405.291016
19789.982422
20972.960938
19795.990234
19272.841797
20574.185547
20075.798828
19167.185547
18927.261719
19749.503906
19346.675781
21122.953125
20116.837891
19993.804688
20554.982422
19850.105469
19113.011719
20899.384766
19205.177734
19934.445312
19414.066406
20327.238281
19727.519531
20842.199219
20196.449219
19849.554688
18885.392578
19293.982422
20100.373047
20775.595703
20678.023438
20957.218750
19385.777344
19961.507812
18838.046875
19870.195312
20328.730469
19942.466797
19841.007812
20079.224609
20016.318359
19841.203125
20968.035156
19786.437500
20045.615234
20653.298828
20409.324219
20301.203125
20751.970703
19973.662109
19425.396484
19314.074219
20083.972656
20157.425781
19885.835938
19479.265625
20048.308594
19472.929688
20482.306641
19279.978516
19649.457031
20151.246094
20915.367188
19720.533203
19712.099609
19100.755859
20199.287109
19916.767578
20877.085938
19908.500000
19670.742188
19822.251953
20461.705078
18105.839844
20292.640625
20820.556641
18659.974609
18706.128906
19537.828125
18803.613281
20598.173828
19082.304688
19139.494141
20800.298828
19862.484375
18700.027344
19799.103516
19849.652344
19227.412109
20475.162109
20612.843750
20576.708984
20188.447266
20342.011719
20034.125000
21061.826172
20511.087891
20371.183594
20355.259766
19988.443359
19764.375000
21543.486328
20605.873047
20214.029297
19609.947266
21333.351562
21298.615234
20829.376953
18943.142578
20131.330078
20292.775391
19134.394531
20886.255859
19537.501953
19737.519531
20316.441406
19808.585938
20506.884766
19896.718750
19581.246094
19421.322266
20444.568359
20086.525391
18730.164062
20620.798828
19938.945312
20368.343750
20645.058594
18782.984375
19583.812500
20826.298828
20625.019531
19981.458984
19025.187500
20333.437500
20665.720703
20203.259766
20170.740234
19327.314453
20228.628906
20609.611328
20078.755859
21229.884766
21009.904297
20190.232422
19447.011719
19807.656250
19915.175781
20944.265625
20447.998047
20025.953125
20810.416016
20084.164062
19331.933594
20069.960938
20280.884766
20287.806641
19664.351562
19461.496094
20976.792969
21093.757812
19895.083984
20200.470703
21168.144531
20154.044922
19395.658203
19579.158203
20576.238281
19429.296875
20164.080078
21450.308594
20313.748047
19669.355469
19255.232422
20281.785156
19546.886719
20822.263672
19685.238281
19954.548828
19514.027344
20186.408203
20963.851562
19831.185547
20968.080078
20839.144531
20037.980469
20110.462891
19847.333984
20703.851562
19956.501953
19340.935547
19849.812500
20323.361328
19523.955078
19557.023438
20276.703125
19282.437500
19346.535156
20218.056641
20225.794922
20727.167969
20281.531250
19911.851562
18643.443359
20828.525391
20759.277344
20011.525391
19209.746094
19654.648438
20049.820312
21103.710938
19591.009766
20132.472656
20436.830078
19950.173828
19332.187500
21192.994141
19820.623047
19522.677734
19016.167969
20206.402344
19519.509766
19803.785156
19960.974609
20162.361328
19468.804688
19277.451172
20674.972656
20625.835938
19891.699219
20199.798828
19651.742188
20139.621094
20015.583984
19588.685547
20881.947266
20218.806641
20796.175781
20111.972656
21048.708984
20327.318359
18865.064453
20335.023438
20932.246094
20799.591797
20624.892578
20512.134766
21101.585938
20204.988281
19768.740234
19722.794922
21249.982422
20433.507812
19163.439453
20844.375000
19377.937500
19341.015625
19829.302734
19940.523438
19564.033203
20218.300781
19995.339844
20586.380859
20626.384766
20705.435547
20559.580078
20554.628906
19893.425781
20260.679688
20322.892578
19679.792969
20162.375000
19457.779297
20235.199219
19107.046875
20670.464844
20041.164062
19997.882812
18898.332031
19582.300781
20580.173828
20726.533203
18163.962891
20296.623047
20966.482422
19286.498047
20207.816406
20461.123047
19776.605469
19162.960938
19215.542969
19827.964844
19638.361328
19908.511719
19836.808594
19938.500000
19603.695312
21450.150391
21780.457031
19490.755859
19013.404297
20068.320312
21003.363281
20426.906250
19685.781250
20155.742188
19856.291016
20098.673828
20127.650391
20929.650391
20033.763672
20833.099609
19612.527344
19646.087891
20304.087891
19796.515625
20681.080078
21081.025391
20397.888672
19433.039062
19819.527344
20495.603516
19936.601562
21285.539062
19967.832031
19741.574219
19353.828125
21264.207031
21072.900391
20727.123047
21542.064453
20644.597656
19467.835938
21151.421875
20871.013672
19823.146484
19809.753906
20234.521484
19505.042969
20082.183594
18791.736328
19113.861328
19961.861328
20349.882812
20170.740234
19789.302734
20175.394531
20532.496094
20318.986328
19992.048828
20301.675781
19817.562500
20109.177734
19732.611328
19670.251953
19822.455078
20711.884766
20295.462891
20457.033203
20078.960938
19276.451172
20648.683594
20895.419922
19802.125000
19836.353516
20330.562500
20024.662109
19448.847656
19450.832031
20348.705078
20205.708984
18965.220703
21164.117188
19774.285156
21492.863281
20453.763672
19450.515625
20468.824219
20158.812500
20616.476562
19931.515625
19890.230469
19870.689453
19975.535156
19745.384766
19327.777344
19365.308594
19268.617188
19416.138672
18602.773438
20342.154297
19282.304688
19486.593750
19601.253906
21135.994141
19759.863281
20907.246094
20221.230469
19720.708984
19274.773438
19235.468750
17928.337891
19492.878906
19379.691406
20762.478516
19930.183594
19465.490234
18890.210938
19676.279297
20683.705078
20440.521484
19566.234375
19641.031250
20113.742188
20764.027344
20723.970703
20965.638672
21332.869141
20594.841797
19518.410156
19686.880859
19745.398438
21140.826172
21399.527344
19812.824219
19723.263672
20211.029297
19846.027344
20284.960938
19464.013672
20680.943359
19546.705078
20002.970703
19513.257812
20173.664062
19338.289062
19896.339844
19134.419922
19481.666016
20846.214844
19846.208984
19811.294922
20302.855469
20006.861328
19223.718750
20273.722656
20061.443359
19543.511719
19098.419922
21500.853516
19773.699219
18705.250000
19685.064453
19466.546875
19335.914062
18859.595703
20300.693359
19404.894531
19373.021484
19744.119141
19545.443359
18901.863281
19339.648438
20002.974609
18965.597656
20263.357422
20200.892578
20567.041016
20001.623047
19434.289062
19923.210938
19510.500000
18329.966797
20500.623047
19204.423828
19978.751953
20644.515625
20086.648438
20934.939453
20289.636719
20492.326172
19388.175781
19555.808594
20954.140625
20427.123047
18645.083984
19540.177734
19532.636719
19332.441406
20304.101562
20659.156250
20042.390625
19351.464844
18525.509766
19858.541016
19278.228516
20948.916016
20645.775391
20200.375000
18982.419922
20643.128906
19811.869141
20058.710938
19312.021484
20254.568359
19000.394531
19871.392578
19706.779297
20500.728516
20357.500000
20032.621094
19623.523438
20142.248047
20060.363281
19302.773438
19955.033203
19608.230469
19810.970703
20512.437500
19983.740234
19816.074219
20383.697266
20283.466797
19965.097656
20875.564453
18993.533203
19031.250000
20193.691406
19824.003906
20051.882812
19929.853516
20355.837891
