3468.88
3317.06
3430.73
3423.03
3269.86
3370.23
3538.23
3182.29
3478.4
3334.22
3613.64
3313.8
3431.02
3529.11
3215.41
3666.52
3358.8
3156.38
3203.23
3496.17
3399.05
3542.84
3352.94
3388.26
3472.68
3505.15
3358.45
3467.35
3348.33
3337.88
3644.88
3496.3
3409.81
3492.87
3456.6
3415.83
3361.57
3400.56
3299.83
3418.49
3370.55
3499.48
3293.94
3230.89
3521.89
3381.97
3382.85
3575.28
3122.31
3241.82
3391.87
3494
3417.23
3676.75
3464.95
3439.71
3392.19
3377.68
3716.91
3450.68
3456.76
3210.38
3249.86
3275.76
3257.64
3304.97
3532.66
3447.81
3485.87
3421.6
3238.62
3473.76
3254.14
3234.02
3380.47
3150.37
3191.5
3010.33
3516.62
3339.4
3389.19
3474.77
3333.01
3051.75
3219.08
3227
3285.91
3331.65
3301.18
3415.56
3318.98
3416.8
3224.74
3404.05
3078.05
3227.33
3365.24
3337.46
3207
3577.25
3167.53
3401.66
3028.71
3236.59
3270.18
3192.78
3230.02
3370.75
3284.21
3328.42
3239.76
3138.77
3354.93
3236.74
3628.93
3372.64
3391.22
3011.37
2815.79
3229.04
3219.38
3411.55
3278.16
3275.05
3157.08
3196.61
3118.15
3080.62
3089.33
3109.44
2768.83
3071.31
2989.18
3065.57
3117.15
3152.81
3166.26
2837.21
3017.28
2884.08
2885.18
3262.65
2890.53
2829.23
2985.27
3052.56
2893.61
3032.12
2911.23
2990.19
2942.65
3074.2
3039.56
2903.81
3090.26
2851.07
2752.74
3214.53
2624.28
3018.35
3235.62
2902.82
2638.66
2763.9
2814.78
2600.18
2825.79
2621.97
2671.39
2598.79
2873.39
2762.15
2509.79
2380.84
2467.61
2131.85
2663.1
2376.68
2235.91
2446.74
2279.67
2528.53
2453.24
2135.62
2115.52
2322.64
2500.02
1975.3
2364.8
2113.35
2229.78
2061.45
2020.87
2156
2149.56
2171.63
1847.57
2022.9
1965.53
1829.33
1777.98
1879.43
1704.57
1843.62
1833.94
1743.65
1816.03
1610.19
1577.46
1677.08
1672.61
1551.02
1502.65
1833.05
1446.65
1593.95
1418.33
1391.54
1525.57
1441.31
1349.97
1353.95
1430.29
1274.49
1273.54
1355.91
1286.78
1258.98
1191.06
1241.82
1187.81
1189
1186.45
1047.9
1077.27
1112.69
1123.74
1084.74
993.861
1031.72
1022.88
1011.75
935.89
994.316
972.36
950.328
894.837
914.563
944.741
896.733
860.725
893.444
945.587
888.425
872.213
766.638
892.303
891.918
838.748
877.59
784.348
787.529
818.062
784.74
755.007
822.143
767.017
755.768
761.545
711.05
710.955
708.135
748.476
730.756
709.883
680.174
691.55
708.037
704.766
701.859
720.749
705.891
688.144
710.485
689.171
664.706
680.375
673.525
691.987
665.546
678.056
664.898
669.342
666.385
655.745
660.746
659.347
663.552
653.217
661.074
654.881
647.772
651.366
649.055
650.522
650.671
647.625
651.287
650.991
649.696
649.009
653.385
647.57
650.197
643.282
642.361
644.699
645.318
644.669
644.446
646.836
645.576
641.814
641.814
642.636
643.861
644.983
643.496
642.646
642.949
645.913
641.43
641.733
641.43
641.843
642.596
641.733
641.814
641.814
641.814
641.814
642.118
641.924
642.471
642.118
641.814
642.227
642.118
641.924
641.814
642.636
642.746
642.636
642.636
643.911
641.924
642.118
641.924
641.814
642.665
641.814
641.924
641.814
642.118
641.814
641.924
641.814
641.814
641.814
642.118
641.924
641.814
641.924
641.814
641.814
641.814
641.814
642.118
641.924
641.924
641.814
641.814
642.362
641.924
641.814
641.814
641.924
641.814
641.924
642.118
641.814
641.924
641.814
641.814
641.814
641.814
641.814
641.814
641.814
641.814
641.814
641.924
641.814
641.814
641.814
641.814
641.814
641.814
641.814
641.814
641.814
641.814
641.814
641.814
641.814
641.814
641.814
645.083
645.083
645.083
645.083
645.083
645.083
645.083
645.083
645.083
645.083
645.083
645.083
645.083
645.083
645.083
645.083
645.083
645.083
645.083
645.083
645.083
645.083
645.083
645.083
645.083
645.083
645.083
645.083
645.083
645.083
645.083
645.083
645.083
645.083
645.083
645.083
645.083
645.083
645.083
645.083
645.083
645.083
645.083
645.083
645.083
645.083
645.083
645.083
645.083
645.083
645.083
645.083
645.083
645.083
645.083
645.083
645.083
645.083
645.083
645.083
645.083
645.083
645.083
645.083
645.083
645.083
645.083
645.083
645.083
645.083
645.083
645.083
645.083
645.083
645.083
645.083
645.083
645.083
645.083
645.083
645.083
645.083
645.083
645.083
645.083
645.083
645.083
645.083
645.083
645.083
645.083
645.083
645.083
645.083
645.083
645.083
645.083
645.083
645.083
645.083
645.083
645.083
645.083
645.083
645.083
645.083
645.083
645.083
645.083
645.083
645.083
645.083
645.083
645.083
645.083
645.083
645.083
645.083
645.083
645.083
645.083
645.083
645.083
645.083
645.083
645.083
645.083
645.083
645.083
645.083
645.083
645.083
645.083
645.083
645.083
645.083
645.083
645.083
645.083
645.083
645.083
645.083
645.083
645.083
645.083
645.083
645.083
645.083
645.083
645.083
645.083
645.083
645.083
645.083
645.083
645.083
645.083
645.083
645.083
645.083
645.083
645.083
645.083
645.083
645.083
645.083
645.083
645.083
645.083
645.083
645.083
645.083
645.083
645.083
645.083
645.083
645.083
645.083
645.083
645.083
645.083
645.083
645.083
645.083
645.083
645.083
645.083
645.083
645.083
645.083
645.083
645.083
645.083
645.083
645.083
645.083
645.083
645.083
645.083
645.083
645.083
645.083
645.083
645.083
645.083
645.083
645.083
645.083
645.083
645.083
645.083
645.083
645.083
645.083
645.083
645.083
645.083
645.083
645.083
645.083
645.083
645.083
645.083
645.083
645.083
645.083
645.083
645.083
645.083
645.083
645.083
645.083
645.083
645.083
645.083
645.083
645.083
645.083
645.083
645.083
645.083
645.083
645.083
645.083
645.083
645.083
645.083
645.083
645.083
645.083
645.083
645.083
645.083
645.083
645.083
645.083
645.083
645.083
645.083
645.083
645.083
645.083
645.083
645.083
645.083
645.083
645.083
645.083
645.083
645.083
645.083
645.083
645.083
645.083
645.083
645.083
645.083
645.083
645.083
645.083
645.083
645.083
645.083
645.083
645.083
645.083
645.083
645.083
645.083
645.083
645.083
645.083
645.083
645.083
645.083
645.083
645.083
645.083
645.083
645.083
645.083
645.083
645.083
645.083
645.083
645.083
645.083
645.083
645.083
645.083
645.083
645.083
645.083
645.083
645.083
645.083
645.083
645.083
645.083
645.083
645.083
645.083
645.083
645.083
645.083
645.083
645.083
645.083
645.083
645.083
645.083
645.083
645.083
645.083
645.083
645.083
645.083
645.083
645.083
645.083
645.083
645.083
645.083
645.083
645.083
645.083
645.083
645.083
645.083
645.083
645.083
645.083
645.083
645.083
645.083
645.083
645.083
645.083
645.083
645.083
645.083
645.083
645.083
645.083
645.083
645.083
645.083
645.083
645.083
645.083
645.083
645.083
645.083
645.083
645.083
645.083
645.083
645.083
645.083
645.083
645.083
645.083
645.083
645.083
645.083
645.083
645.083
645.083
645.083
645.083
645.083
645.083
645.083
645.083
645.083
645.083
645.083
645.083
645.083
645.083
645.083
645.083
645.083
645.083
645.083
645.083
645.083
645.083
645.083
645.083
645.083
645.083
645.083
645.083
645.083
