2133.07
1579.51
1242.08
1045.42
923.564
858.499
857.045
820.744
820.744
777.493
756.778
747.84
727.784
727.784
727.784
705.85
705.85
705.161
705.161
696.063
696.063
692.842
692.842
691.798
691.798
683.601
682.1
681.319
676.243
676.243
674.618
674.618
671.674
671.674
668.638
668.638
668.638
668.638
668.638
668.638
668.638
665.762
665.762
665.762
663.876
663.876
663.573
662.63
662.055
662.055
659.907
659.907
659.907
659.907
659.907
659.907
659.603
659.603
659.603
659.603
659.603
659.603
659.603
659.603
659.603
659.603
659.603
659.603
659.603
659.603
659.603
659.603
659.603
659.603
659.603
659.603
659.603
659.603
659.603
659.603
659.603
659.603
659.603
659.603
659.603
659.603
659.603
659.603
659.603
659.603
659.603
659.603
659.603
659.603
659.603
659.603
659.603
659.603
659.603
659.603
659.603
659.603
659.603
659.603
659.603
659.603
659.603
659.603
659.603
659.603
659.603
659.603
659.603
659.603
659.603
659.603
659.603
659.603
659.603
659.603
659.603
659.603
659.603
659.603
659.603
659.603
659.603
659.603
659.603
659.603
659.603
659.603
659.603
659.603
659.603
659.603
659.603
659.603
659.603
659.603
659.603
659.603
659.603
659.603
659.603
659.603
659.603
659.603
659.603
659.603
659.603
659.603
659.603
659.603
659.603
656.71
656.71
656.71
656.71
656.71
656.71
656.71
656.71
656.71
656.71
656.71
654.89
654.89
654.89
654.89
654.89
654.89
654.89
654.89
654.89
654.89
654.89
654.89
654.89
654.89
654.89
654.89
654.89
654.89
654.89
654.89
654.89
654.89
654.89
654.89
654.89
654.89
654.89
654.89
654.89
654.89
654.89
654.89
654.89
654.89
654.89
654.89
654.89
654.89
654.89
654.89
654.89
654.89
654.89
654.89
654.89
654.89
654.89
654.89
654.89
654.89
654.89
654.89
654.89
654.89
654.89
654.89
654.89
654.89
654.89
654.89
654.89
654.89
654.89
654.89
654.89
654.89
654.89
654.89
654.89
654.89
654.89
654.89
654.89
654.89
654.89
654.89
654.89
654.89
654.89
654.89
654.89
654.89
654.89
654.89
654.89
654.89
654.89
654.89
654.89
654.89
654.89
654.89
654.89
654.89
654.89
654.89
654.89
654.89
654.89
654.89
654.89
654.89
654.89
654.89
654.89
654.89
654.89
654.89
654.89
654.89
654.89
654.89
654.89
654.89
654.89
654.89
654.89
654.89
654.89
654.89
654.89
654.89
654.89
654.89
654.89
654.89
654.89
654.89
654.89
654.89
654.89
654.89
654.89
654.89
654.89
654.89
654.89
654.89
654.89
654.89
654.89
654.89
654.89
654.89
654.89
654.89
654.89
654.89
654.89
654.89
654.89
654.89
654.89
654.89
654.89
654.89
654.89
654.89
654.89
654.89
654.89
654.89
654.89
654.89
654.89
654.89
654.89
654.89
654.89
654.89
654.89
654.89
654.89
654.89
654.89
654.89
654.89
654.89
654.89
654.89
654.89
654.89
654.89
654.89
654.89
654.89
654.89
654.89
654.89
654.89
654.89
654.89
654.89
654.89
654.89
654.89
654.89
654.89
654.89
654.89
654.89
654.89
654.89
654.89
654.89
654.89
654.89
654.89
654.89
654.89
654.89
654.89
654.89
654.89
654.89
654.89
654.89
654.89
654.89
654.89
654.89
654.89
654.89
654.89
654.89
654.89
654.89
654.89
654.89
654.89
654.89
654.89
654.89
654.89
654.89
654.89
654.89
654.89
654.89
654.89
654.89
654.89
654.89
654.89
654.89
654.89
654.89
654.89
654.89
654.89
654.89
654.89
654.89
654.89
654.89
654.89
654.89
654.89
654.89
654.89
654.89
654.89
654.89
654.89
654.89
654.89
654.89
654.89
654.89
654.89
654.89
654.89
654.89
654.89
654.89
654.89
654.89
654.89
654.89
654.89
654.89
654.89
654.89
654.89
654.89
654.89
654.89
654.89
654.89
654.89
654.89
654.89
654.89
654.89
654.89
654.89
654.89
654.89
654.89
654.89
654.89
654.89
654.89
654.89
654.89
654.89
654.89
654.89
654.89
654.89
654.89
654.89
654.89
654.89
654.89
654.89
654.89
654.89
654.89
654.89
654.89
654.89
654.89
654.89
654.89
654.89
654.89
654.89
654.89
654.89
654.89
654.89
654.89
654.89
654.89
654.89
654.89
654.89
654.89
654.89
654.89
654.89
654.89
654.89
654.89
654.89
654.89
654.89
654.89
654.89
654.89
654.89
654.89
654.89
654.89
654.89
654.89
654.89
654.89
654.89
654.89
654.89
654.89
654.89
654.89
654.89
654.89
654.89
654.89
654.89
654.89
654.89
654.89
654.89
654.89
654.89
654.89
654.89
654.89
654.89
654.89
654.89
654.89
654.89
654.89
654.89
654.89
654.89
654.89
654.89
654.89
654.89
654.89
654.89
654.89
654.89
654.89
654.89
654.89
654.89
654.89
654.89
654.89
654.89
654.89
654.89
654.89
654.89
654.89
654.89
654.89
654.89
654.89
654.89
654.89
654.89
654.89
654.89
654.89
654.89
654.89
654.89
654.89
654.89
654.89
654.89
654.89
654.89
654.89
654.89
654.89
654.89
654.89
654.89
654.89
654.89
654.89
654.89
654.89
654.89
654.89
654.89
654.89
654.89
654.89
654.89
654.89
654.89
654.89
654.89
654.89
654.89
654.89
654.89
654.89
654.89
654.89
654.89
654.89
654.89
654.89
654.89
654.89
654.89
654.89
654.89
654.89
654.89
654.89
654.89
654.89
654.89
654.89
654.89
654.89
654.89
654.89
654.89
654.89
654.89
654.89
654.89
654.89
654.89
654.89
654.89
654.89
654.89
654.89
654.89
654.89
654.89
654.89
654.89
654.89
654.89
654.89
654.89
654.89
654.89
654.89
654.89
654.89
654.89
654.89
654.89
654.89
654.89
654.89
654.89
654.89
654.89
654.89
654.89
654.89
654.89
654.89
654.89
654.89
654.89
654.89
654.89
654.89
654.89
654.89
654.89
654.89
654.89
654.89
654.89
654.89
654.89
654.89
654.89
654.89
654.89
654.89
654.89
654.89
654.89
654.89
654.89
654.89
654.89
654.89
654.89
654.89
654.89
654.89
654.89
654.89
654.89
654.89
654.89
654.89
654.89
654.89
654.89
654.89
654.89
654.89
654.89
654.89
654.89
654.89
654.89
654.89
654.89
654.89
654.89
654.89
654.89
654.89
654.89
654.89
654.89
654.89
654.89
654.89
654.89
654.89
654.89
654.89
654.89
654.89
654.89
654.89
654.89
654.89
654.89
654.89
654.89
654.89
654.89
654.89
654.89
654.89
654.89
654.89
654.89
654.89
654.89
654.89
654.89
654.89
654.89
654.89
654.89
654.89
654.89
654.89
654.89
654.89
654.89
654.89
654.89
654.89
654.89
654.89
654.89
654.89
654.89
654.89
654.89
654.89
654.89
654.89
654.89
654.89
654.89
654.89
654.89
654.89
654.89
654.89
654.89
654.89
654.89
654.89
654.89
654.89
654.89
654.89
654.89
654.89
654.89
654.89
654.89
654.89
654.89
654.89
654.89
654.89
654.89
654.89
654.89
654.89
654.89
654.89
654.89
654.89
654.89
654.89
654.89
654.89
654.89
654.89
654.89
654.89
654.89
654.89
654.89
654.89
654.89
654.89
654.89
654.89
654.89
654.89
654.89
654.89
654.89
654.89
654.89
654.89
654.89
654.89
654.89
654.89
654.89
654.89
654.89
654.89
654.89
654.89
654.89
654.89
654.89
654.89
654.89
654.89
654.89
654.89
654.89
654.89
654.89
654.89
654.89
654.89
654.89
654.89
654.89
654.89
654.89
654.89
654.89
654.89
654.89
654.89
654.89
654.89
654.89
654.89
654.89
654.89
654.89
654.89
654.89
654.89
654.89
654.89
654.89
654.89
654.89
654.89
654.89
654.89
654.89
654.89
654.89
654.89
654.89
654.89
654.89
654.89
654.89
654.89
654.89
654.89
654.89
654.89
654.89
654.89
654.89
654.89
654.89
654.89
654.89
654.89
654.89
654.89
654.89
654.89
654.89
654.89
654.89
654.89
654.89
654.89
654.89
654.89
654.89
654.89
654.89
654.89
654.89
654.89
654.89
654.89
654.89
654.89
654.89
654.89
654.89
654.89
654.89
654.89
654.89
654.89
654.89
654.89
654.89
654.89
654.89
654.89
654.89
654.89
654.89
654.89
654.89
654.89
654.89
654.89
654.89
654.89
654.89
654.89
654.89
654.89
654.89
654.89
654.89
654.89
654.89
654.89
654.89
654.89
654.89
654.89
654.89
654.89
654.89
654.89
654.89
654.89
654.89
654.89
654.89
654.89
654.89
654.89
654.89
654.89
654.89
654.89
654.89
654.89
654.89
654.89
654.89
654.89
654.89
654.89
654.89
654.89
654.89
654.89
654.89
654.89
654.89
654.89
654.89
654.89
654.89
654.89
654.89
654.89
654.89
654.89
654.89
654.89
654.89
654.89
654.89
654.89
654.89
654.89
654.89
654.89
654.89
654.89
654.89
654.89
654.89
654.89
654.89
654.89
654.89
654.89
654.89
654.89
654.89
654.89
654.89
654.89
654.89
654.89
654.89
654.89
654.89
654.89
654.89
654.89
654.89
654.89
654.89
654.89
654.89
654.89
654.89
654.89
654.89
654.89
654.89
654.89
654.89
654.89
654.89
654.89
654.89
654.89
654.89
654.89
654.89
654.89
654.89
654.89
654.89
654.89
654.89
654.89
654.89
654.89
654.89
654.89
654.89
654.89
654.89
654.89
654.89
654.89
654.89
654.89
654.89
654.89
654.89
654.89
654.89
654.89
654.89
654.89
654.89
654.89
654.89
654.89
654.89
654.89
654.89
654.89
654.89
654.89
654.89
654.89
654.89
654.89
654.89
654.89
654.89
654.89
654.89
654.89
654.89
654.89
654.89
654.89
654.89
654.89
654.89
654.89
654.89
654.89
654.89
654.89
654.89
654.89
654.89
654.89
654.89
654.89
654.89
654.89
654.89
654.89
654.89
654.89
654.89
654.89
654.89
654.89
654.89
654.89
654.89
654.89
654.89
654.89
654.89
654.89
654.89
654.89
654.89
654.89
654.89
654.89
654.89
654.89
654.89
654.89
654.89
654.89
654.89
654.89
654.89
654.89
654.89
654.89
654.89
654.89
654.89
654.89
654.89
654.89
654.89
654.89
654.89
654.89
654.89
654.89
654.89
654.89
654.89
654.89
654.89
654.89
654.89
654.89
654.89
654.89
654.89
654.89
654.89
654.89
654.89
654.89
654.89
654.89
654.89
654.89
654.89
654.89
654.89
654.89
654.89
654.89
654.89
654.89
654.89
654.89
654.89
654.89
654.89
654.89
654.89
654.89
654.89
654.89
654.89
654.89
654.89
654.89
654.89
654.89
654.89
654.89
654.89
654.89
654.89
654.89
654.89
654.89
654.89
654.89
654.89
654.89
654.89
654.89
654.89
654.89
654.89
654.89
654.89
654.89
654.89
654.89
654.89
654.89
654.89
654.89
654.89
654.89
654.89
654.89
654.89
654.89
654.89
654.89
654.89
654.89
654.89
654.89
654.89
654.89
654.89
654.89
654.89
654.89
654.89
654.89
654.89
654.89
654.89
654.89
654.89
654.89
654.89
654.89
654.89
654.89
654.89
654.89
654.89
654.89
654.89
654.89
654.89
654.89
654.89
654.89
654.89
654.89
654.89
654.89
654.89
654.89
654.89
654.89
654.89
654.89
654.89
654.89
654.89
654.89
654.89
654.89
654.89
654.89
654.89
654.89
654.89
654.89
654.89
654.89
654.89
654.89
654.89
654.89
654.89
654.89
654.89
654.89
654.89
654.89
654.89
654.89
654.89
654.89
654.89
654.89
654.89
654.89
654.89
654.89
654.89
654.89
654.89
654.89
654.89
654.89
654.89
654.89
654.89
654.89
654.89
654.89
654.89
654.89
654.89
654.89
654.89
654.89
654.89
654.89
654.89
654.89
654.89
654.89
654.89
654.89
654.89
654.89
654.89
654.89
654.89
654.89
654.89
654.89
654.89
654.89
654.89
654.89
654.89
654.89
654.89
654.89
654.89
654.89
654.89
654.89
654.89
654.89
654.89
654.89
654.89
654.89
654.89
654.89
654.89
654.89
654.89
654.89
654.89
654.89
654.89
654.89
654.89
654.89
654.89
654.89
654.89
654.89
654.89
654.89
654.89
654.89
654.89
654.89
654.89
654.89
654.89
654.89
654.89
654.89
654.89
654.89
654.89
654.89
654.89
654.89
654.89
654.89
654.89
654.89
654.89
654.89
654.89
654.89
654.89
654.89
654.89
654.89
654.89
654.89
654.89
654.89
654.89
654.89
654.89
654.89
654.89
654.89
654.89
654.89
654.89
654.89
654.89
654.89
654.89
654.89
654.89
654.89
654.89
654.89
654.89
654.89
654.89
654.89
654.89
654.89
654.89
654.89
654.89
654.89
654.89
654.89
654.89
654.89
654.89
654.89
654.89
654.89
654.89
654.89
654.89
654.89
654.89
654.89
654.89
654.89
654.89
654.89
654.89
654.89
654.89
654.89
654.89
654.89
654.89
654.89
654.89
654.89
654.89
654.89
654.89
654.89
654.89
654.89
654.89
654.89
654.89
654.89
654.89
654.89
654.89
654.89
654.89
654.89
654.89
654.89
