p=0.25 p_inf=0.1 time series=0,1,9,17
Format is t, #suscepted, #infected, #recovered
0 997 1 2
1 996 3 1
2 993 4 3
3 985 7 8
4 970 15 15
5 953 30 17
6 917 47 36
7 871 83 46
8 789 128 83
9 671 208 121
10 522 325 153
11 348 471 181
12 204 637 159
13 98 766 136
14 46 855 99
15 18 871 111
16 12 854 134
17 8 780 212
18 9 667 324
19 15 520 465
20 30 348 622
21 42 204 754
22 75 103 822
23 118 54 828
24 198 28 774
25 311 22 667
26 452 22 526
27 607 28 365
28 728 45 227
29 788 68 144
30 777 109 114
31 703 169 128
32 582 269 149
33 432 396 172
34 277 546 177
35 140 695 165
36 69 815 116
37 33 863 104
38 20 858 122
39 13 811 176
40 10 718 272
41 11 594 395
42 17 443 540
43 33 288 679
44 53 152 795
45 88 84 828
46 141 54 805
47 236 48 716
48 348 46 606
49 480 58 462
50 593 77 330
51 675 119 206
52 651 173 176
53 572 265 163
54 412 374 214
55 287 540 173
56 168 667 165
57 85 774 141
58 47 838 115
59 24 834 142
60 14 803 183
61 19 721 260
62 25 607 368
63 24 435 541
64 36 309 655
65 55 190 755
66 96 107 797
67 143 70 787
68 221 54 725
69 328 58 614
70 480 65 455
71 576 85 339
72 629 115 256
73 623 181 196
74 526 270 204
75 408 404 188
76 282 538 180
77 159 660 181
78 84 776 140
79 49 831 120
80 26 836 138
81 18 793 189
82 11 712 277
83 15 585 400
84 29 447 524
85 30 311 659
86 48 194 758
87 76 121 803
88 136 88 776
89 208 71 721
90 330 80 590
91 438 85 477
92 509 115 376
93 562 180 258
94 552 244 204
95 453 327 220
96 328 459 213
97 221 601 178
98 126 699 175
99 72 789 139
100 36 813 151
101 25 784 191
102 21 731 248
103 23 652 325
104 24 518 458
105 40 375 585
106 49 261 690
107 78 162 760
108 135 109 756
109 194 81 725
110 268 75 657
111 384 80 536
112 505 98 397
113 564 120 316
114 591 175 234
115 554 247 199
116 448 337 215
117 321 471 208
118 210 604 186
119 118 710 172
120 68 784 148
121 42 812 146
122 27 783 190
123 18 726 256
124 22 645 333
125 31 507 462
126 35 365 600
127 55 255 690
128 79 161 760
129 127 109 764
130 189 90 721
131 264 85 651
132 379 91 530
133 476 114 410
134 540 159 301
135 552 205 243
136 493 287 220
137 376 398 226
138 259 534 207
139 154 656 190
140 75 755 170
141 45 811 144
142 34 796 170
143 23 761 216
144 21 690 289
145 26 581 393
146 35 440 525
147 51 309 640
148 72 194 734
149 115 117 768
150 152 89 759
151 231 87 682
152 324 79 597
153 438 95 467
154 525 122 353
155 585 166 249
156 569 221 210
157 469 314 217
158 345 442 213
159 227 568 205
160 129 694 177
161 74 776 150
162 46 804 150
163 35 788 177
164 29 744 227
165 30 657 313
166 36 528 436
167 35 396 569
168 54 271 675
169 83 170 747
170 122 113 765
171 167 90 743
172 253 89 658
173 365 90 545
174 476 107 417
175 556 128 316
176 579 173 248
177 528 251 221
178 417 359 224
179 309 493 198
180 193 602 205
181 114 717 169
182 68 779 153
183 46 804 150
184 33 781 186
185 19 716 265
186 24 622 354
187 30 483 487
188 40 368 592
189 58 243 699
190 82 163 755
191 126 114 760
192 196 93 711
193 291 88 621
194 404 87 509
195 496 113 391
196 571 136 293
197 571 186 243
198 538 266 196
199 425 348 227
200 289 482 229
201 187 623 190
202 109 726 165
203 64 778 158
204 34 800 166
205 25 780 195
206 25 709 266
207 27 627 346
208 32 491 477
209 45 345 610
210 72 229 699
211 95 150 755
212 129 105 766
213 202 91 707
214 269 89 642
215 389 104 507
216 494 120 386
217 544 161 295
218 524 227 249
219 452 326 222
220 351 443 206
221 236 558 206
222 133 675 192
223 77 763 160
224 48 803 149
225 28 791 181
226 22 745 233
227 22 652 326
228 36 535 429
229 44 406 550
230 60 281 659
231 75 177 748
232 117 122 761
233 171 92 737
234 254 84 662
235 351 94 555
236 457 114 429
237 528 137 335
238 568 191 241
239 520 255 225
240 418 358 224
241 301 490 209
242 190 615 195
243 116 716 168
244 61 770 169
245 41 802 157
246 34 768 198
247 26 711 263
248 25 616 359
249 33 485 482
250 46 352 602
251 68 238 694
252 87 162 751
253 131 111 758
254 186 101 713
255 274 103 623
256 391 110 499
257 480 124 396
258 527 168 305
259 507 235 258
260 430 331 239
261 329 459 212
262 228 570 202
263 134 669 197
264 78 756 166
265 47 798 155
266 33 785 182
267 27 732 241
268 26 642 332
269 36 515 449
270 49 394 557
271 65 282 653
272 74 179 747
273 117 128 755
274 178 98 724
275 256 90 654
276 372 102 526
277 457 113 430
278 506 149 345
279 530 212 258
280 489 291 220
281 408 383 209
282 310 494 196
283 196 600 204
284 131 702 167
285 80 756 164
286 47 771 182
287 33 741 226
288 37 676 287
289 33 580 387
290 37 473 490
291 52 363 585
292 69 246 685
293 92 175 733
294 143 137 720
295 219 116 665
296 304 105 591
297 378 116 506
298 449 149 402
299 502 188 310
300 492 252 256
301 425 333 242
302 339 438 223
303 248 545 207
304 155 647 198
305 105 729 166
306 72 746 182
307 50 740 210
308 39 698 263
309 40 628 332
310 48 522 430
311 48 407 545
312 57 305 638
313 94 214 692
314 128 160 712
315 185 132 683
316 243 117 640
317 341 129 530
318 436 137 427
319 487 157 356
320 509 208 283
321 472 277 251
322 378 368 254
323 275 490 235
324 183 608 209
325 128 688 184
326 71 735 194
327 48 772 180
328 33 744 223
329 29 690 281
330 31 603 366
331 41 479 480
332 58 351 591
333 71 254 675
334 83 194 723
335 135 145 720
336 194 121 685
337 270 116 614
338 367 127 506
339 451 154 395
340 488 198 314
341 462 258 280
342 414 344 242
343 311 441 248
344 223 568 209
345 131 661 208
346 87 742 171
347 64 759 177
348 45 738 217
349 39 697 264
350 45 617 338
351 38 514 448
352 52 394 554
353 64 287 649
354 92 194 714
355 128 149 723
356 180 134 686
357 264 123 613
358 349 119 532
359 450 137 413
360 512 156 332
361 532 201 267
362 466 274 260
363 374 385 241
364 266 492 242
365 181 611 208
366 104 700 196
367 68 759 173
368 43 776 181
369 30 756 214
370 31 696 273
371 34 584 382
372 40 474 486
373 48 349 603
374 66 252 682
375 85 175 740
376 131 139 730
377 194 113 693
378 283 110 607
379 371 133 496
380 458 155 387
381 481 193 326
382 471 267 262
383 405 354 241
384 320 456 224
385 221 567 212
386 138 669 193
387 89 729 182
388 64 756 180
389 45 743 212
390 41 688 271
391 41 605 354
392 34 503 463
393 47 399 554
394 75 284 641
395 96 196 708
396 129 148 723
397 191 128 681
398 268 121 611
399 355 127 518
400 432 142 426
401 494 169 337
402 503 222 275
403 447 301 252
404 349 405 246
405 252 523 225
406 170 627 203
407 107 703 190
408 73 751 176
409 51 758 191
410 33 727 240
411 34 666 300
412 43 561 396
413 48 434 518
414 56 325 619
415 79 241 680
416 109 170 721
417 159 133 708
418 220 114 666
419 312 114 574
420 398 127 475
421 469 168 363
422 493 206 301
423 480 266 254
424 404 350 246
425 321 463 216
426 228 565 207
427 152 658 190
428 95 721 184
429 62 737 201
430 50 732 218
431 47 684 269
432 40 603 357
433 41 497 462
434 53 394 553
435 64 289 647
436 100 215 685
437 137 163 700
438 190 131 679
439 259 126 615
440 355 138 507
441 431 148 421
442 484 175 341
443 480 227 293
444 429 305 266
445 337 408 255
446 236 532 232
447 139 638 223
448 100 723 177
449 62 752 186
450 49 763 188
451 43 724 233
452 44 652 304
453 44 548 408
454 51 424 525
455 68 311 621
456 82 209 709
457 111 166 723
458 159 126 715
459 227 117 656
460 318 121 561
461 411 134 455
462 469 165 366
463 485 220 295
464 432 306 262
465 352 402 246
466 248 522 230
467 162 635 203
468 111 717 172
469 72 755 173
470 54 763 183
471 35 726 239
472 34 659 307
473 30 564 406
474 39 448 513
475 56 326 618
476 73 227 700
477 111 172 717
478 166 126 708
479 244 108 648
480 333 97 570
481 433 103 464
482 498 119 383
483 536 176 288
484 517 237 246
485 452 311 237
486 346 422 232
487 242 546 212
488 136 661 203
489 85 761 154
490 59 796 145
491 42 765 193
492 31 721 248
493 27 658 315
494 30 551 419
495 38 424 538
496 52 301 647
497 72 187 741
498 128 132 740
499 184 107 709
500 245 95 660
501 336 97 567
502 433 113 454
503 497 143 360
504 538 202 260
505 491 275 234
506 385 377 238
507 271 508 221
508 180 634 186
509 112 723 165
510 65 775 160
511 39 792 169
512 30 759 211
513 30 695 275
514 24 593 383
515 32 468 500
516 48 334 618
517 69 229 702
518 105 156 739
519 161 103 736
520 221 80 699
521 315 84 601
522 420 92 488
523 514 112 374
524 561 152 287
525 538 210 252
526 479 306 215
527 387 418 195
528 271 533 196
529 173 645 182
530 114 735 151
531 58 774 168
532 47 790 163
533 33 743 224
534 26 661 313
535 28 556 416
536 43 439 518
537 47 312 641
538 75 218 707
539 109 151 740
540 167 101 732
541 251 90 659
542 339 88 573
543 427 105 468
544 506 134 360
545 540 182 278
546 515 242 243
547 451 334 215
548 337 448 215
549 205 573 222
550 124 707 169
551 77 771 152
552 45 789 166
553 35 773 192
554 29 723 248
555 27 637 336
556 25 525 450
557 39 402 559
558 64 254 682
559 91 165 744
560 133 120 747
561 190 94 716
562 266 87 647
563 361 97 542
564 445 114 441
565 541 153 306
566 533 205 262
567 455 302 243
568 360 425 215
569 250 546 204
570 163 663 174
571 93 740 167
572 56 793 151
573 38 791 171
574 29 757 214
575 30 669 301
576 32 545 423
577 36 422 542
578 54 301 645
579 73 206 721
580 112 134 754
581 158 97 745
582 240 85 675
583 346 91 563
584 437 109 454
585 517 141 342
586 534 182 284
587 497 260 243
588 402 369 229
589 289 501 210
590 172 626 202
591 97 737 166
592 66 794 140
593 46 793 161
594 27 772 201
595 25 713 262
596 26 606 368
597 29 473 498
598 40 345 615
599 61 223 716
600 92 145 763
601 133 115 752
602 202 95 703
603 304 85 611
604 408 90 502
605 504 119 377
606 574 151 275
607 579 203 218
608 499 276 225
609 418 386 196
610 321 487 192
611 211 594 195
612 125 699 176
613 74 756 170
614 45 775 180
615 28 752 220
616 27 696 277
617 26 587 387
618 31 487 482
619 39 375 586
620 68 262 670
621 103 176 721
622 150 122 728
623 210 98 692
624 312 94 594
625 395 101 504
626 475 118 407
627 534 150 316
628 535 204 261
629 474 289 237
630 364 404 232
631 243 538 219
632 156 663 181
633 102 743 155
634 65 780 155
635 46 785 169
636 31 750 219
637 20 680 300
638 28 576 396
639 42 434 524
640 52 295 653
641 80 205 715
642 109 140 751
643 158 106 736
644 232 92 676
645 332 88 580
646 440 92 468
647 525 126 349
648 537 180 283
649 485 258 257
650 413 375 212
651 298 481 221
652 207 610 183
653 134 705 161
654 62 774 164
655 41 812 147
656 32 779 189
657 24 710 266
658 26 601 373
659 27 493 480
660 34 363 603
661 46 261 693
662 76 180 744
663 127 112 761
664 200 94 706
665 305 90 605
666 395 94 511
667 491 112 397
668 541 146 313
669 551 198 251
670 508 269 223
671 413 380 207
672 292 493 215
673 172 618 210
674 103 734 163
675 71 785 144
676 54 783 163
677 36 748 216
678 32 695 273
679 31 588 381
680 32 476 492
681 41 350 609
682 60 225 715
683 93 155 752
684 148 124 728
685 214 104 682
686 312 91 597
687 414 100 486
688 506 110 384
689 577 144 279
690 551 198 251
691 471 294 235
692 368 405 227
693 247 528 225
694 152 662 186
695 76 748 176
696 49 814 137
697 27 807 166
698 22 775 203
699 27 684 289
700 26 568 406
701 31 446 523
702 48 307 645
703 61 204 735
704 97 125 778
705 149 96 755
706 243 76 681
707 358 73 569
708 465 74 461
709 581 89 330
710 614 112 274
711 610 182 208
712 526 265 209
713 405 378 217
714 275 519 206
715 165 652 183
716 91 761 148
717 56 820 124
718 32 832 136
719 21 786 193
720 24 714 262
721 23 598 379
722 29 458 513
723 32 319 649
724 53 207 740
725 78 127 795
726 145 90 765
727 220 69 711
728 324 66 610
729 444 78 478
730 550 98 352
731 617 131 252
732 619 176 205
733 545 254 201
734 415 365 220
735 288 516 196
736 169 646 185
737 103 753 144
738 60 799 141
739 40 809 151
740 24 784 192
741 23 722 255
742 21 612 367
743 30 463 507
744 43 324 633
745 66 204 730
746 97 135 768
747 139 94 767
748 210 77 713
749 316 68 616
750 450 72 478
751 553 87 360
752 631 123 246
753 636 165 199
754 587 229 184
755 480 319 201
756 349 443 208
757 229 583 188
758 142 699 159
759 73 771 156
760 37 804 159
761 29 798 173
762 23 742 235
763 22 658 320
764 25 535 440
765 29 392 579
766 49 272 679
767 83 180 737
768 119 113 768
769 173 83 744
770 256 85 659
771 367 86 547
772 479 98 423
773 554 129 317
774 580 174 246
775 542 240 218
776 442 345 213
777 323 475 202
778 195 592 213
779 115 719 166
780 62 787 151
781 42 809 149
782 33 784 183
783 28 727 245
784 33 627 340
785 37 492 471
786 41 371 588
787 55 240 705
788 88 158 754
789 132 103 765
790 190 84 726
791 277 83 640
792 393 96 511
793 479 115 406
794 558 150 292
795 585 202 213
796 544 257 199
797 431 353 216
798 289 485 226
799 182 628 190
800 95 722 183
801 67 790 143
802 47 783 170
803 35 751 214
804 22 708 270
805 21 625 354
806 26 494 480
807 45 346 609
808 68 233 699
809 103 142 755
810 153 114 733
811 196 96 708
812 277 96 627
813 393 98 509
814 501 113 386
815 553 153 294
816 564 214 222
817 471 294 235
818 351 415 234
819 245 553 202
820 158 659 183
821 96 744 160
822 54 791 155
823 35 793 172
824 18 751 231
825 23 688 289
826 26 562 412
827 39 421 540
828 48 302 650
829 61 208 731
830 97 148 755
831 155 110 735
832 220 94 686
833 328 92 580
834 430 110 460
835 499 149 352
836 524 199 277
837 484 268 248
838 399 368 233
839 302 491 207
840 193 604 203
841 108 715 177
842 58 782 160
843 39 793 168
844 34 762 204
845 27 698 275
846 27 605 368
847 28 482 490
848 36 368 596
849 56 249 695
850 97 162 741
851 145 110 745
852 214 93 693
853 303 88 609
854 407 92 501
855 490 111 399
856 553 142 305
857 553 198 249
858 499 285 216
859 392 391 217
860 282 515 203
861 180 630 190
862 113 728 159
863 68 776 156
864 46 790 164
865 29 756 215
866 23 686 291
867 25 586 389
868 29 460 511
869 43 341 616
870 66 229 705
871 96 158 746
872 147 114 739
873 221 97 682
874 318 93 589
875 426 96 478
876 496 114 390
877 552 163 285
878 533 219 248
879 462 309 229
880 359 424 217
881 250 544 206
882 156 657 187
883 97 748 155
884 66 789 145
885 48 771 181
886 34 733 233
887 31 657 312
888 33 545 422
889 41 423 536
890 47 302 651
891 65 205 730
892 110 146 744
893 154 119 727
894 225 113 662
895 318 118 564
896 411 137 452
897 478 166 356
898 500 220 280
899 457 295 248
900 355 397 248
901 256 526 218
902 177 631 192
903 113 705 182
904 80 750 170
905 48 754 198
906 33 732 235
907 28 672 300
908 31 575 394
909 47 443 510
910 64 322 614
911 88 231 681
912 119 162 719
913 166 127 707
914 231 102 667
915 311 97 592
916 414 114 472
917 483 143 374
918 514 195 291
919 485 255 260
920 417 353 230
921 314 456 230
922 221 584 195
923 158 682 160
924 96 728 176
925 54 761 185
926 41 751 208
927 34 704 262
928 28 613 359
929 31 516 453
930 39 385 576
931 59 279 662
932 89 213 698
933 130 150 720
934 182 119 699
935 265 114 621
936 348 122 530
937 442 136 422
938 493 173 334
939 469 228 303
940 421 318 261
941 337 429 234
942 237 544 219
943 157 649 194
944 113 721 166
945 74 751 175
946 50 753 197
947 37 722 241
948 34 645 321
949 41 537 422
950 47 415 538
951 60 304 636
952 74 219 707
953 108 175 717
954 152 139 709
955 233 126 641
956 314 122 564
957 391 149 460
958 444 194 362
959 452 252 296
960 412 329 259
961 354 413 233
962 262 507 231
963 184 612 204
964 118 694 188
965 69 733 198
966 52 737 211
967 39 696 265
968 35 632 333
969 37 552 411
970 51 456 493
971 60 337 603
972 85 246 669
973 122 182 696
974 169 141 690
975 243 135 622
976 322 125 553
977 396 126 478
978 466 148 386
979 497 197 306
980 485 257 258
981 418 333 249
982 320 441 239
983 236 545 219
984 164 639 197
985 109 710 181
986 75 743 182
987 51 728 221
988 44 692 264
989 43 623 334
990 50 516 434
991 55 405 540
992 65 306 629
993 92 225 683
994 133 165 702
995 183 139 678
996 243 125 632
997 331 134 535
998 410 153 437
999 446 185 369
1000 464 248 288
1001 417 311 272
1002 320 418 262
1003 236 541 223
1004 157 639 204
1005 104 709 187
1006 67 743 190
1007 46 748 206
1008 32 706 262
1009 30 657 313
1010 41 552 407
1011 51 418 531
1012 72 310 618
1013 98 219 683
1014 128 159 713
1015 191 124 685
1016 248 103 649
1017 335 95 570
1018 447 113 440
1019 521 135 344
1020 549 169 282
1021 534 232 234
1022 454 307 239
1023 381 422 197
1024 263 516 221
1025 163 642 195
1026 90 724 186
1027 59 775 166
1028 47 772 181
1029 35 721 244
1030 31 658 311
1031 29 547 424
1032 41 455 504
1033 63 317 620
1034 79 213 708
1035 114 146 740
1036 173 114 713
1037 240 106 654
1038 346 102 552
1039 405 107 488
1040 495 140 365
1041 535 188 277
1042 511 252 237
1043 426 343 231
1044 302 460 238
1045 219 592 189
1046 143 679 178
1047 85 750 165
1048 54 775 171
1049 33 758 209
1050 29 715 256
1051 26 628 346
1052 27 514 459
1053 38 381 581
1054 55 283 662
1055 88 195 717
1056 126 137 737
1057 182 116 702
1058 263 103 634
1059 358 109 533
1060 457 128 415
1061 504 162 334
1062 513 213 274
1063 466 292 242
1064 378 397 225
1065 275 506 219
1066 175 622 203
1067 117 716 167
1068 67 755 178
1069 46 771 183
1070 30 741 229
1071 22 678 300
1072 33 581 386
1073 40 461 499
1074 55 338 607
1075 81 229 690
1076 109 164 727
1077 151 120 729
1078 224 108 668
1079 318 98 584
1080 410 101 489
1081 487 129 384
1082 533 175 292
1083 498 238 264
1084 422 338 240
1085 304 458 238
1086 207 588 205
1087 126 695 179
1088 69 773 158
1089 46 802 152
1090 31 779 190
1091 23 731 246
1092 30 639 331
1093 35 512 453
1094 43 377 580
1095 56 262 682
1096 86 171 743
1097 130 112 758
1098 189 91 720
1099 276 80 644
1100 384 85 531
1101 485 104 411
1102 549 138 313
1103 554 189 257
1104 502 275 223
1105 416 386 198
1106 303 493 204
1107 207 617 176
1108 118 708 174
1109 72 778 150
1110 45 790 165
1111 33 766 201
1112 20 692 288
1113 21 594 385
1114 24 486 490
1115 33 359 608
1116 55 259 686
1117 92 167 741
1118 136 118 746
1119 210 98 692
1120 299 98 603
1121 380 107 513
1122 469 134 397
1123 514 172 314
1124 526 227 247
1125 479 307 214
1126 390 403 207
1127 276 512 212
1128 183 626 191
1129 111 710 179
1130 64 755 181
1131 46 764 190
1132 33 727 240
1133 30 660 310
1134 33 567 400
1135 47 455 498
1136 56 327 617
1137 82 234 684
1138 110 163 727
1139 167 126 707
1140 237 106 657
1141 313 103 584
1142 398 120 482
1143 468 147 385
1144 509 205 286
1145 488 257 255
1146 421 349 230
1147 321 453 226
1148 237 573 190
1149 142 660 198
1150 94 738 168
1151 56 759 185
1152 46 739 215
1153 32 697 271
1154 34 619 347
1155 36 513 451
1156 44 391 565
1157 65 296 639
1158 92 197 711
1159 138 149 713
1160 188 123 689
1161 264 115 621
1162 347 117 536
1163 427 140 433
1164 469 182 349
1165 492 235 273
1166 427 311 262
1167 333 424 243
1168 225 544 231
1169 146 660 194
1170 98 737 165
1171 59 762 179
1172 47 759 194
1173 37 718 245
1174 40 652 308
1175 48 536 416
1176 56 408 536
1177 71 284 645
1178 96 192 712
1179 128 142 730
1180 172 113 715
1181 238 110 652
1182 335 110 555
1183 432 129 439
1184 507 160 333
1185 519 209 272
1186 469 289 242
1187 384 389 227
1188 284 503 213
1189 174 606 220
1190 102 716 182
1191 72 769 159
1192 54 768 178
1193 41 737 222
1194 37 670 293
1195 37 574 389
1196 39 460 501
1197 50 355 595
1198 68 234 698
1199 104 163 733
1200 149 128 723
1201 221 114 665
1202 311 109 580
1203 409 115 476
1204 478 131 391
1205 538 167 295
1206 535 228 237
1207 443 302 255
1208 330 429 241
1209 225 556 219
1210 147 666 187
1211 98 738 164
1212 67 771 162
1213 49 766 185
1214 36 723 241
1215 32 662 306
1216 35 539 426
1217 42 409 549
1218 56 292 652
1219 74 206 720
1220 120 155 725
1221 174 114 712
1222 236 103 661
1223 342 102 556
1224 451 119 430
1225 531 140 329
1226 557 177 266
1227 507 237 256
1228 423 338 239
1229 306 463 231
1230 205 591 204
1231 130 693 177
1232 88 751 161
1233 64 772 164
1234 44 759 197
1235 39 719 242
1236 32 623 345
1237 32 505 463
1238 47 377 576
1239 66 260 674
1240 94 183 723
1241 129 134 737
1242 184 112 704
1243 277 97 626
1244 373 100 527
1245 472 122 406
1246 543 151 306
1247 539 197 264
1248 485 278 237
1249 382 381 237
1250 274 506 220
1251 179 629 192
1252 112 721 167
1253 78 766 156
1254 49 771 180
1255 36 754 210
1256 28 686 286
1257 34 591 375
1258 43 460 497
1259 51 328 621
1260 73 228 699
1261 104 161 735
1262 140 125 735
1263 215 106 679
1264 294 99 607
1265 403 115 482
1266 483 137 380
1267 526 189 285
1268 508 246 246
1269 425 331 244
1270 316 450 234
1271 222 578 200
1272 146 679 175
1273 91 739 170
1274 62 772 166
1275 59 749 192
1276 47 695 258
1277 37 622 341
1278 40 513 447
1279 46 382 572
1280 62 275 663
1281 77 199 724
1282 124 151 725
1283 169 127 704
1284 243 136 621
1285 334 135 531
1286 422 153 425
1287 474 196 330
1288 458 251 291
1289 408 343 249
1290 322 441 237
1291 227 551 222
1292 156 637 207
1293 102 709 189
1294 61 745 194
1295 49 743 208
1296 38 700 262
1297 44 619 337
1298 43 515 442
1299 55 406 539
1300 72 308 620
1301 98 219 683
1302 144 157 699
1303 189 113 698
1304 267 111 622
1305 349 114 537
1306 432 136 432
1307 504 162 334
1308 523 188 289
1309 486 258 256
1310 417 357 226
1311 303 470 227
1312 204 586 210
1313 121 682 197
1314 72 743 185
1315 55 766 179
1316 27 757 216
1317 28 715 257
1318 30 615 355
1319 40 500 460
1320 55 374 571
1321 77 263 660
1322 104 180 716
1323 138 130 732
1324 195 105 700
1325 284 90 626
1326 373 101 526
1327 454 127 419
1328 511 172 317
1329 511 226 263
1330 443 309 248
1331 345 427 228
1332 263 550 187
1333 171 647 182
1334 107 728 165
1335 59 766 175
1336 47 769 184
1337 34 727 239
1338 30 657 313
1339 18 543 439
1340 33 432 535
1341 45 320 635
1342 73 227 700
1343 116 161 723
1344 168 115 717
1345 242 105 653
1346 346 101 553
1347 438 111 451
1348 509 130 361
1349 547 171 282
1350 547 226 227
1351 488 292 220
1352 386 397 217
1353 279 509 212
1354 177 620 203
1355 115 712 173
1356 63 755 182
1357 50 766 184
1358 34 724 242
1359 27 674 299
1360 26 576 398
1361 38 465 497
1362 56 342 602
1363 83 232 685
1364 115 162 723
1365 163 119 718
1366 214 113 673
1367 303 112 585
1368 384 121 495
1369 472 151 377
1370 517 186 297
1371 495 251 254
1372 422 343 235
1373 310 459 231
1374 199 577 224
1375 129 689 182
1376 90 750 160
1377 41 759 200
1378 26 773 201
1379 19 723 258
1380 33 638 329
1381 43 508 449
1382 56 380 564
1383 69 255 676
1384 103 181 716
1385 136 138 726
1386 193 91 716
1387 285 84 631
1388 387 77 536
1389 482 105 413
1390 560 138 302
1391 556 185 259
1392 491 263 246
1393 398 371 231
1394 292 511 197
1395 190 624 186
1396 93 733 174
1397 60 802 138
1398 43 802 155
1399 34 772 194
1400 31 703 266
1401 23 598 379
1402 29 466 505
1403 30 347 623
1404 52 237 711
1405 88 146 766
1406 132 110 758
1407 204 96 700
1408 301 93 606
1409 421 101 478
1410 504 113 383
1411 574 149 277
1412 589 189 222
1413 512 265 223
1414 409 378 213
1415 278 495 227
1416 165 629 206
1417 92 734 174
1418 55 795 150
1419 39 796 165
1420 25 772 203
1421 18 710 272
1422 24 604 372
1423 36 481 483
1424 48 335 617
1425 69 218 713
1426 107 136 757
1427 145 97 758
1428 210 83 707
1429 308 80 612
1430 403 88 509
1431 511 116 373
1432 581 154 265
1433 590 201 209
1434 527 274 199
1435 430 376 194
1436 304 487 209
1437 192 616 192
1438 114 720 166
1439 61 770 169
1440 44 785 171
1441 33 755 212
1442 26 693 281
1443 26 598 376
1444 36 487 477
1445 46 348 606
1446 71 234 695
1447 105 159 736
1448 149 110 741
1449 207 96 697
1450 292 100 608
1451 375 110 515
1452 478 138 384
1453 531 174 295
1454 521 235 244
1455 458 320 222
1456 359 432 209
1457 241 545 214
1458 146 659 195
1459 84 744 172
1460 55 778 167
1461 35 771 194
1462 33 730 237
1463 28 647 325
1464 36 540 424
1465 50 419 531
1466 57 291 652
1467 83 199 718
1468 112 139 749
1469 160 117 723
1470 239 110 651
1471 338 114 548
1472 430 122 448
1473 509 151 340
1474 537 200 263
1475 501 264 235
1476 409 360 231
1477 304 474 222
1478 203 586 211
1479 116 683 201
1480 62 762 176
1481 37 787 176
1482 38 763 199
1483 36 698 266
1484 38 604 358
1485 50 488 462
1486 52 364 584
1487 70 265 665
1488 94 168 738
1489 142 119 739
1490 211 95 694
1491 296 91 613
1492 389 100 511
1493 474 123 403
1494 521 162 317
1495 531 214 255
1496 476 301 223
1497 372 405 223
1498 253 533 214
1499 152 656 192
1500 89 748 163
1501 55 788 157
1502 43 783 174
1503 29 743 228
1504 25 670 305
1505 30 570 400
1506 38 437 525
1507 55 306 639
1508 78 197 725
1509 124 134 742
1510 173 93 734
1511 247 84 669
1512 340 83 577
1513 448 90 462
1514 535 115 350
1515 575 159 266
1516 524 228 248
1517 435 342 223
1518 327 472 201
1519 211 589 200
1520 122 706 172
1521 66 788 146
1522 34 819 147
1523 21 807 172
1524 27 751 222
1525 20 631 349
1526 30 508 462
1527 41 381 578
1528 54 253 693
1529 74 158 768
1530 111 107 782
1531 175 82 743
1532 281 74 645
1533 387 88 525
1534 483 105 412
1535 555 136 309
1536 561 192 247
1537 501 281 218
1538 403 392 205
1539 284 515 201
1540 180 642 178
1541 108 732 160
1542 58 787 155
1543 38 806 156
1544 27 770 203
1545 25 692 283
1546 30 583 387
1547 33 455 512
1548 48 325 627
1549 73 220 707
1550 99 140 761
1551 152 95 753
1552 235 78 687
1553 329 73 598
1554 429 88 483
1555 517 116 367
1556 556 158 286
1557 546 224 230
1558 476 314 210
1559 358 429 213
1560 242 564 194
1561 138 685 177
1562 73 774 153
1563 40 811 149
1564 29 802 169
1565 16 747 237
1566 20 670 310
1567 25 551 424
1568 30 411 559
1569 51 285 664
1570 73 175 752
1571 115 116 769
1572 176 83 741
1573 249 77 674
1574 352 81 567
1575 457 97 446
1576 527 132 341
1577 562 188 250
1578 526 263 211
1579 418 358 224
1580 289 499 212
1581 172 634 194
1582 107 747 146
1583 57 796 147
1584 40 811 149
1585 25 772 203
1586 25 712 263
1587 24 617 359
1588 26 477 497
1589 39 340 621
1590 52 214 734
1591 86 152 762
1592 140 103 757
1593 207 88 705
1594 297 81 622
1595 412 86 502
1596 508 111 381
1597 576 152 272
1598 566 210 224
1599 520 282 198
1600 418 377 205
1601 303 494 203
1602 189 616 195
1603 115 725 160
1604 68 774 158
1605 42 780 178
1606 39 748 213
1607 33 679 288
1608 28 590 382
1609 31 478 491
1610 40 353 607
1611 69 235 696
1612 108 157 735
1613 160 112 728
1614 219 92 689
1615 293 102 605
1616 383 117 500
1617 479 139 382
1618 552 168 280
1619 528 213 259
1620 468 315 217
1621 353 420 227
1622 230 555 215
1623 149 668 183
1624 86 734 180
1625 51 775 174
1626 33 781 186
1627 26 754 220
1628 27 659 314
1629 37 553 410
1630 48 408 544
1631 61 284 655
1632 93 205 702
1633 121 132 747
1634 152 98 750
1635 246 94 660
1636 333 95 572
1637 453 114 433
1638 534 139 327
1639 548 182 270
1640 527 247 226
1641 441 341 218
1642 319 461 220
1643 193 587 220
1644 120 712 168
1645 76 766 158
1646 57 785 158
1647 50 761 189
1648 33 703 264
1649 31 626 343
1650 41 508 451
1651 40 372 588
1652 58 248 694
1653 74 176 750
1654 106 141 753
1655 164 133 703
1656 236 133 631
1657 333 138 529
1658 426 159 415
1659 496 202 302
1660 481 256 263
1661 413 343 244
1662 327 446 227
1663 238 540 222
1664 163 629 208
1665 115 699 186
1666 83 726 191
1667 68 715 217
1668 51 676 273
1669 49 606 345
1670 63 505 432
1671 70 397 533
1672 79 301 620
1673 101 222 677
1674 139 173 688
1675 189 146 665
1676 260 135 605
1677 341 134 525
1678 423 154 423
1679 470 180 350
1680 487 229 284
1681 441 291 268
1682 366 386 248
1683 261 488 251
1684 183 604 213
1685 100 683 217
1686 64 746 190
1687 50 756 194
1688 47 721 232
1689 41 662 297
1690 42 573 385
1691 49 470 481
1692 60 347 593
1693 78 257 665
1694 98 176 726
1695 148 146 706
1696 207 131 662
1697 285 131 584
1698 361 142 497
1699 419 169 412
1700 446 234 320
1701 437 297 266
1702 368 387 245
1703 260 486 254
1704 168 609 223
1705 112 701 187
1706 83 746 171
1707 48 748 204
1708 50 718 232
1709 45 653 302
1710 44 568 388
1711 48 470 482
1712 59 343 598
1713 79 240 681
1714 101 175 724
1715 166 151 683
1716 219 116 665
1717 298 128 574
1718 376 134 490
1719 458 154 388
1720 499 199 302
1721 478 261 261
1722 390 347 263
1723 310 459 231
1724 194 574 232
1725 117 678 205
1726 76 749 175
1727 58 770 172
1728 47 743 210
1729 38 692 270
1730 44 615 341
1731 44 497 459
1732 60 382 558
1733 80 262 658
1734 104 171 725
1735 150 126 724
1736 201 107 692
1737 269 107 624
1738 371 116 513
1739 446 132 422
1740 517 172 311
1741 521 221 258
1742 457 308 235
1743 342 417 241
1744 230 551 219
1745 149 663 188
1746 95 735 170
1747 67 773 160
1748 46 761 193
1749 33 733 234
1750 31 659 310
1751 28 552 420
1752 44 421 535
1753 59 293 648
1754 79 206 715
1755 108 148 744
1756 150 131 719
1757 229 117 654
1758 323 112 565
1759 422 125 453
1760 501 157 342
1761 528 206 266
1762 492 266 242
1763 396 360 244
1764 289 473 238
1765 177 594 229
1766 105 711 184
1767 65 770 165
1768 36 778 186
1769 36 758 206
1770 28 698 274
1771 41 612 347
1772 42 486 472
1773 44 364 592
1774 65 245 690
1775 95 165 740
1776 132 127 741
1777 183 110 707
1778 263 119 618
1779 365 125 510
1780 459 149 392
1781 522 177 301
1782 511 233 256
1783 437 324 239
1784 352 436 212
1785 233 538 229
1786 153 648 199
1787 96 722 182
1788 70 755 175
1789 53 753 194
1790 40 714 246
1791 40 636 324
1792 42 524 434
1793 50 420 530
1794 56 302 642
1795 74 222 704
1796 105 171 724
1797 155 142 703
1798 231 131 638
1799 328 133 539
1800 395 148 457
1801 453 185 362
1802 457 245 298
1803 394 321 285
1804 330 435 235
1805 233 528 239
1806 157 636 207
1807 104 710 186
1808 75 748 177
1809 57 740 203
1810 49 698 253
1811 48 630 322
1812 50 517 433
1813 53 422 525
1814 62 311 627
1815 77 228 695
1816 120 175 705
1817 181 140 679
1818 255 121 624
1819 353 115 532
1820 414 130 456
1821 483 164 353
1822 494 206 300
1823 451 278 271
1824 357 374 269
1825 260 503 237
1826 181 619 200
1827 108 704 188
1828 62 762 176
1829 52 774 174
1830 42 742 216
1831 35 680 285
1832 33 591 376
1833 36 464 500
1834 46 345 609
1835 67 250 683
1836 103 171 726
1837 150 123 727
1838 218 108 674
1839 297 102 601
1840 403 112 485
1841 478 133 389
1842 518 177 305
1843 515 232 253
1844 456 314 230
1845 356 421 223
1846 243 536 221
1847 176 655 169
1848 108 712 180
1849 65 759 176
1850 45 758 197
1851 33 723 244
1852 22 653 325
1853 32 557 411
1854 42 432 526
1855 66 303 631
1856 84 222 694
1857 124 157 719
1858 177 118 705
1859 253 100 647
1860 347 94 559
1861 443 96 461
1862 528 125 347
1863 537 169 294
1864 518 241 241
1865 454 325 221
1866 357 428 215
1867 259 543 198
1868 165 647 188
1869 84 739 177
1870 48 791 161
1871 32 783 185
1872 28 727 245
1873 28 647 325
1874 30 544 426
1875 39 427 534
1876 51 314 635
1877 69 210 721
1878 103 140 757
1879 175 114 711
1880 250 98 652
1881 344 103 553
1882 439 112 449
1883 498 134 368
1884 537 188 275
1885 521 253 226
1886 433 339 228
1887 308 453 239
1888 205 594 201
1889 129 692 179
1890 81 759 160
1891 55 785 160
1892 41 757 202
1893 43 706 251
1894 42 618 340
1895 32 505 463
1896 43 374 583
1897 54 265 681
1898 72 187 741
1899 122 143 735
1900 179 121 700
1901 251 115 634
1902 348 131 521
1903 450 147 403
1904 516 176 308
1905 525 219 256
1906 467 288 245
1907 374 390 236
1908 274 505 221
1909 185 611 204
1910 126 684 190
1911 92 727 181
1912 65 732 203
1913 51 716 233
1914 44 661 295
1915 40 566 394
1916 48 455 497
1917 58 341 601
1918 76 258 666
1919 109 197 694
1920 145 159 696
1921 199 139 662
1922 277 140 583
1923 360 157 483
1924 430 185 385
1925 449 229 322
1926 423 293 284
1927 366 380 254
1928 287 475 238
1929 208 574 218
1930 142 652 206
1931 99 701 200
1932 67 716 217
1933 53 704 243
1934 47 654 299
1935 45 573 382
1936 54 480 466
1937 68 372 560
1938 98 280 622
1939 130 201 669
1940 164 154 682
1941 225 132 643
1942 303 121 576
1943 373 124 503
1944 450 147 403
1945 491 178 331
1946 475 229 296
1947 421 324 255
1948 340 425 235
1949 245 528 227
1950 164 634 202
1951 109 712 179
1952 79 744 177
1953 59 743 198
1954 44 712 244
1955 36 632 332
1956 47 539 414
1957 56 425 519
1958 68 310 622
1959 91 220 689
1960 124 165 711
1961 169 133 698
1962 250 119 631
1963 328 118 554
1964 409 133 458
1965 471 166 363
1966 499 219 282
1967 465 281 254
1968 385 370 245
1969 283 482 235
1970 181 598 221
1971 123 701 176
1972 72 744 184
1973 51 762 187
1974 34 730 236
1975 32 685 283
1976 24 598 378
1977 38 494 468
1978 49 364 587
1979 80 250 670
1980 114 176 710
1981 167 124 709
1982 227 103 670
1983 309 88 603
1984 393 93 514
1985 479 113 408
1986 530 157 313
1987 520 220 260
1988 441 304 255
1989 323 435 242
1990 222 574 204
1991 135 690 175
1992 95 772 133
1993 53 792 155
1994 47 790 163
1995 32 733 235
1996 24 664 312
1997 28 541 431
1998 29 398 573
1999 42 281 677
2000 72 186 742
2001 111 136 753
2002 171 99 730
2003 243 96 661
2004 357 93 550
2005 471 102 427
2006 537 131 332
2007 574 182 244
2008 534 240 226
2009 450 330 220
2010 334 451 215
2011 215 570 215
2012 129 692 179
2013 69 769 162
2014 42 800 158
2015 30 776 194
2016 21 730 249
2017 28 649 323
2018 34 521 445
2019 39 396 565
2020 58 269 673
2021 85 173 742
2022 136 115 749
2023 186 88 726
2024 265 84 651
2025 370 86 544
2026 466 109 425
2027 536 138 326
2028 550 195 255
2029 503 277 220
2030 401 382 217
2031 276 511 213
2032 183 640 177
2033 98 731 171
2034 60 793 147
2035 46 802 152
2036 33 759 208
2037 31 690 279
2038 35 587 378
2039 43 454 503
2040 48 317 635
2041 62 221 717
2042 94 145 761
2043 154 104 742
2044 229 87 684
2045 325 81 594
2046 433 88 479
2047 541 113 346
2048 572 142 286
2049 580 207 213
2050 512 275 213
2051 385 384 231
2052 283 528 189
2053 175 636 189
2054 89 737 174
2055 46 798 156
2056 38 812 150
2057 30 755 215
2058 21 695 284
2059 24 595 381
2060 28 448 524
2061 44 336 620
2062 70 219 711
2063 97 132 771
2064 160 91 749
2065 226 85 689
2066 314 79 607
2067 430 91 479
2068 505 122 373
2069 552 159 289
2070 553 229 218
2071 480 315 205
2072 360 429 211
2073 240 555 205
2074 160 681 159
2075 95 749 156
2076 65 783 152
2077 37 776 187
2078 25 734 241
2079 26 660 314
2080 34 545 421
2081 43 411 546
2082 62 276 662
2083 91 189 720
2084 125 126 749
2085 188 99 713
2086 272 78 650
2087 378 68 554
2088 484 77 439
2089 587 105 308
2090 623 137 240
2091 620 188 192
2092 559 254 187
2093 449 342 209
2094 312 473 215
2095 197 620 183
2096 99 726 175
2097 63 796 141
2098 42 800 158
2099 33 770 197
2100 33 713 254
2101 33 625 342
2102 28 494 478
2103 40 352 608
2104 68 234 698
2105 89 136 775
2106 137 111 752
2107 199 93 708
2108 278 88 634
2109 388 97 515
2110 500 118 382
2111 554 148 298
2112 559 212 229
2113 485 305 210
2114 367 404 229
2115 242 540 218
2116 155 670 175
2117 97 748 155
2118 60 785 155
2119 33 792 175
2120 28 755 217
2121 23 667 310
2122 23 573 404
2123 26 437 537
2124 42 304 654
2125 62 210 728
2126 96 153 751
2127 156 112 732
2128 238 89 673
2129 331 95 574
2130 450 96 454
2131 550 113 337
2132 578 146 276
2133 550 212 238
2134 497 297 206
2135 411 391 198
2136 276 500 224
2137 183 629 188
2138 95 721 184
2139 55 792 153
2140 23 799 178
2141 22 765 213
2142 21 681 298
2143 24 588 388
2144 35 476 489
2145 47 336 617
2146 67 232 701
2147 99 141 760
2148 154 102 744
2149 239 81 680
2150 322 80 598
2151 414 90 496
2152 523 110 367
2153 572 141 287
2154 566 196 238
2155 469 293 238
2156 363 429 208
2157 251 556 193
2158 150 669 181
2159 92 760 148
2160 53 798 149
2161 37 806 157
2162 30 767 203
2163 27 677 296
2164 31 544 425
2165 29 413 558
2166 41 302 657
2167 60 199 741
2168 93 142 765
2169 153 101 746
2170 239 80 681
2171 355 84 561
2172 476 101 423
2173 553 111 336
2174 598 145 257
2175 568 203 229
2176 505 290 205
2177 396 394 210
2178 264 524 212
2179 159 652 189
2180 79 740 181
2181 55 810 135
2182 41 800 159
2183 32 756 212
2184 19 678 303
2185 18 587 395
2186 35 458 507
2187 58 313 629
2188 71 202 727
2189 113 119 768
2190 163 87 750
2191 232 81 687
2192 317 90 593
2193 423 96 481
2194 517 119 364
2195 571 170 259
2196 556 227 217
2197 453 325 222
2198 327 460 213
2199 208 592 200
2200 125 702 173
2201 64 779 157
2202 33 817 150
2203 25 797 178
2204 19 748 233
2205 15 656 329
2206 28 525 447
2207 45 380 575
2208 61 253 686
2209 81 160 759
2210 126 102 772
2211 176 77 747
2212 262 76 662
2213 375 82 543
2214 487 100 413
2215 566 133 301
2216 574 181 245
2217 542 266 192
2218 447 356 197
2219 309 476 215
2220 213 615 172
2221 128 705 167
2222 72 772 156
2223 47 795 158
2224 36 772 192
2225 28 698 274
2226 27 616 357
2227 35 497 468
2228 51 350 599
2229 68 244 688
2230 96 160 744
2231 135 109 756
2232 204 93 703
2233 280 98 622
2234 376 104 520
2235 471 127 402
2236 518 179 303
2237 518 238 244
2238 468 322 210
2239 377 423 200
2240 251 530 219
2241 159 651 190
2242 100 737 163
2243 52 773 175
2244 27 769 204
2245 24 735 241
2246 21 654 325
2247 33 556 411
2248 48 437 515
2249 55 301 644
2250 71 208 721
2251 119 156 725
2252 174 112 714
2253 244 91 665
2254 323 102 575
2255 401 121 478
2256 493 162 345
2257 513 206 281
2258 471 279 250
2259 407 373 220
2260 291 481 228
2261 181 618 201
2262 107 717 176
2263 68 772 160
2264 48 770 182
2265 41 746 213
2266 42 680 278
2267 37 585 378
2268 33 482 485
2269 45 349 606
2270 68 238 694
2271 106 160 734
2272 146 124 730
2273 212 108 680
2274 297 108 595
2275 382 118 500
2276 490 136 374
2277 534 161 305
2278 534 228 238
2279 474 306 220
2280 379 402 219
2281 275 513 212
2282 161 617 222
2283 113 721 166
2284 77 751 172
2285 56 762 182
2286 39 716 245
2287 34 655 311
2288 38 564 398
2289 48 449 503
2290 58 335 607
2291 75 221 704
2292 104 174 722
2293 167 134 699
2294 232 117 651
2295 301 113 586
2296 385 135 480
2297 444 166 390
2298 480 221 299
2299 437 299 264
2300 367 389 244
2301 282 499 219
2302 186 601 213
2303 118 701 181
2304 65 747 188
2305 53 769 178
2306 47 726 227
2307 45 654 301
2308 39 566 395
2309 45 462 493
2310 61 354 585
2311 86 238 676
2312 113 167 720
2313 168 118 714
2314 241 106 653
2315 317 105 578
2316 404 117 479
2317 470 134 396
2318 527 176 297
2319 520 235 245
2320 460 313 227
2321 355 422 223
2322 237 539 224
2323 148 658 194
2324 93 735 172
2325 59 773 168
2326 41 765 194
2327 38 724 238
2328 32 649 319
2329 32 546 422
2330 40 429 531
2331 56 302 642
2332 79 209 712
2333 114 148 738
2334 164 121 715
2335 239 112 649
2336 336 112 552
2337 427 118 455
2338 522 144 334
2339 548 176 276
2340 518 243 239
2341 422 334 244
2342 297 457 246
2343 198 591 211
2344 124 690 186
2345 80 758 162
2346 47 776 177
2347 34 777 189
2348 30 723 247
2349 29 636 335
2350 33 514 453
2351 39 376 585
2352 56 271 673
2353 82 186 732
2354 115 142 743
2355 185 108 707
2356 260 92 648
2357 368 104 528
2358 482 118 400
2359 532 142 326
2360 543 197 260
2361 474 271 255
2362 393 384 223
2363 294 499 207
2364 182 614 204
2365 129 714 157
2366 75 753 172
2367 53 783 164
2368 34 750 216
2369 33 695 272
2370 31 583 386
2371 26 470 504
2372 49 360 591
2373 71 237 692
2374 98 176 726
2375 148 119 733
2376 212 102 686
2377 317 93 590
2378 404 100 496
2379 481 126 393
2380 530 159 311
2381 495 233 272
2382 434 329 237
2383 333 447 220
2384 222 565 213
2385 140 685 175
2386 81 760 159
2387 64 793 143
2388 31 777 192
2389 28 736 236
2390 24 643 333
2391 28 529 443
2392 39 407 554
2393 51 276 673
2394 87 189 724
2395 126 120 754
2396 187 97 716
2397 279 77 644
2398 379 78 543
2399 477 92 431
2400 563 116 321
2401 589 161 250
2402 542 222 236
2403 450 338 212
2404 338 453 209
2405 206 585 209
2406 131 716 153
2407 76 777 147
2408 45 808 147
2409 31 794 175
2410 19 747 234
2411 21 643 336
2412 31 526 443
2413 32 384 584
2414 45 252 703
2415 70 178 752
2416 111 122 767
2417 173 95 732
2418 263 80 657
2419 362 94 544
2420 472 112 416
2421 544 144 312
2422 542 204 254
2423 504 280 216
2424 408 374 218
2425 288 497 215
2426 191 632 177
2427 126 715 159
2428 72 762 166
2429 58 784 158
2430 45 738 217
2431 38 675 287
2432 34 588 378
2433 28 469 503
2434 49 340 611
2435 66 236 698
2436 94 172 734
2437 154 122 724
2438 225 108 667
2439 299 100 601
2440 391 113 496
2441 481 140 379
2442 506 179 315
2443 469 258 273
2444 425 359 216
2445 337 453 210
2446 220 555 225
2447 130 680 190
2448 91 757 152
2449 55 769 176
2450 38 766 196
2451 27 704 269
2452 23 614 363
2453 27 524 449
2454 38 418 544
2455 59 282 659
2456 91 184 725
2457 126 140 734
2458 192 108 700
2459 278 104 618
2460 344 108 548
2461 406 132 462
2462 486 176 338
2463 501 232 267
2464 449 315 236
2465 358 411 231
2466 260 534 206
2467 170 636 194
2468 108 722 170
2469 61 760 179
2470 38 763 199
2471 31 730 239
2472 29 654 317
2473 35 560 405
2474 43 431 526
2475 56 321 623
2476 84 222 694
2477 124 156 720
2478 175 113 712
2479 244 95 661
2480 327 102 571
2481 433 113 454
2482 508 136 356
2483 549 171 280
2484 521 229 250
2485 462 323 215
2486 363 425 212
2487 253 542 205
2488 159 645 196
2489 96 728 176
2490 72 768 160
2491 53 757 190
2492 36 718 246
2493 35 641 324
2494 36 540 424
2495 50 422 528
2496 60 305 635
2497 86 212 702
2498 123 146 731
2499 168 120 712
2500 250 114 636
2501 328 109 563
2502 410 132 458
2503 484 168 348
2504 503 211 286
2505 492 285 223
2506 409 362 229
2507 292 471 237
2508 216 594 190
2509 135 675 190
2510 80 733 187
2511 45 752 203
2512 33 744 223
2513 29 682 289
2514 23 609 368
2515 37 506 457
2516 52 369 579
2517 75 273 652
2518 109 192 699
2519 147 139 714
2520 221 109 670
2521 285 97 618
2522 364 106 530
2523 459 130 411
2524 498 172 330
2525 506 229 265
2526 453 302 245
2527 370 408 222
2528 267 521 212
2529 182 636 182
2530 123 712 165
2531 69 747 184
2532 38 759 203
2533 31 733 236
2534 32 667 301
2535 32 560 408
2536 33 447 520
2537 49 331 620
2538 79 239 682
2539 113 174 713
2540 161 128 711
2541 227 106 667
2542 314 106 580
2543 405 126 469
2544 479 148 373
2545 500 190 310
2546 486 261 253
2547 443 340 217
2548 351 429 220
2549 250 543 207
2550 147 644 209
2551 95 727 178
2552 61 757 182
2553 43 749 208
2554 35 696 269
2555 40 625 335
2556 48 531 421
2557 54 409 537
2558 72 302 626
2559 98 201 701
2560 137 145 718
2561 193 114 693
2562 259 111 630
2563 325 116 559
2564 416 144 440
2565 482 175 343
2566 497 216 287
2567 450 302 248
2568 380 405 215
2569 260 506 234
2570 179 629 192
2571 116 705 179
2572 65 740 195
2573 52 760 188
2574 46 732 222
2575 38 652 310
2576 41 557 402
2577 52 453 495
2578 62 319 619
2579 85 233 682
2580 109 175 716
2581 149 131 720
2582 229 119 652
2583 318 119 563
2584 397 125 478
2585 480 150 370
2586 510 201 289
2587 478 257 265
2588 420 347 233
2589 305 449 246
2590 210 576 214
2591 140 671 189
2592 100 735 165
2593 60 750 190
2594 46 739 215
2595 44 697 259
2596 42 609 349
2597 37 509 454
2598 49 387 564
2599 58 280 662
2600 88 207 705
2601 131 162 707
2602 175 130 695
2603 257 128 615
2604 335 134 531
2605 439 156 405
2606 504 174 322
2607 499 216 285
2608 436 294 270
2609 362 402 236
2610 282 508 210
2611 183 590 227
2612 120 683 197
2613 77 724 199
2614 54 749 197
2615 44 730 226
2616 36 662 302
2617 42 562 396
2618 59 450 491
2619 73 351 576
2620 93 244 663
2621 112 183 705
2622 146 139 715
2623 217 124 659
2624 308 121 571
2625 387 130 483
2626 442 163 395
2627 482 207 311
2628 455 274 271
2629 399 362 239
2630 309 462 229
2631 207 567 226
2632 130 672 198
2633 72 740 188
2634 44 765 191
2635 39 749 212
2636 37 687 276
2637 40 601 359
2638 41 498 461
2639 43 392 565
2640 57 285 658
2641 92 203 705
2642 124 143 733
2643 178 127 695
2644 249 135 616
2645 328 150 522
2646 410 174 416
2647 486 198 316
2648 509 229 262
2649 468 288 244
2650 376 389 235
2651 268 497 235
2652 181 597 222
2653 117 669 214
2654 82 709 209
2655 66 720 214
2656 47 705 248
2657 37 665 298
2658 40 574 386
2659 50 463 487
2660 71 353 576
2661 90 260 650
2662 112 201 687
2663 144 168 688
2664 190 151 659
2665 281 145 574
2666 378 145 477
2667 452 159 389
2668 481 195 324
2669 470 259 271
2670 412 329 259
2671 314 420 266
2672 227 535 238
2673 141 628 231
2674 97 714 189
2675 72 744 184
2676 55 733 212
2677 53 686 261
2678 49 618 333
2679 51 531 418
2680 54 414 532
2681 60 318 622
2682 76 226 698
2683 115 180 705
2684 162 152 686
2685 218 152 630
2686 300 164 536
2687 388 169 443
2688 448 198 354
2689 471 234 295
2690 427 303 270
2691 331 393 276
2692 232 517 251
2693 168 616 216
2694 117 668 215
2695 78 714 208
2696 63 724 213
2697 46 703 251
2698 46 651 303
2699 42 561 397
2700 63 441 496
2701 80 321 599
2702 86 252 662
2703 113 200 687
2704 146 163 691
2705 205 151 644
2706 272 144 584
2707 370 167 463
2708 453 189 358
2709 463 226 311
2710 436 285 279
2711 381 364 255
2712 287 456 257
2713 207 562 231
2714 144 649 207
2715 92 689 219
2716 63 719 218
2717 53 711 236
2718 59 662 279
2719 54 577 369
2720 53 490 457
2721 64 385 551
2722 87 287 626
2723 102 224 674
2724 131 179 690
2725 198 158 644
2726 264 140 596
2727 336 159 505
2728 409 174 417
2729 445 206 349
2730 441 268 291
2731 409 335 256
2732 333 412 255
2733 243 509 248
2734 149 617 234
2735 104 692 204
2736 88 722 190
2737 68 706 226
2738 43 664 293
2739 48 622 330
2740 49 540 411
2741 39 442 519
2742 58 344 598
2743 81 250 669
2744 113 197 690
2745 162 181 657
2746 219 174 607
2747 278 159 563
2748 354 182 464
2749 400 204 396
2750 441 256 303
2751 415 309 276
2752 339 388 273
2753 260 480 260
2754 201 566 233
2755 125 640 235
2756 78 693 229
2757 60 718 222
2758 49 684 267
2759 38 642 320
2760 50 574 376
2761 59 470 471
2762 67 375 558
2763 94 293 613
2764 114 213 673
2765 164 168 668
2766 211 152 637
2767 264 147 589
2768 330 162 508
2769 378 200 422
2770 392 247 361
2771 390 315 295
2772 335 397 268
2773 260 497 243
2774 186 588 226
2775 139 667 194
2776 95 699 206
2777 74 705 221
2778 51 679 270
2779 42 634 324
2780 44 561 395
2781 50 459 491
2782 55 362 583
2783 84 278 638
2784 118 217 665
2785 161 177 662
2786 227 160 613
2787 306 139 555
2788 386 133 481
2789 437 155 408
2790 460 201 339
2791 443 262 295
2792 383 340 277
2793 299 440 261
2794 225 541 234
2795 148 636 216
2796 97 719 184
2797 64 748 188
2798 57 735 208
2799 43 681 276
2800 37 617 346
2801 48 523 429
2802 53 411 536
2803 57 311 632
2804 88 224 688
2805 141 164 695
2806 191 124 685
2807 263 128 609
2808 351 120 529
2809 435 126 439
2810 497 154 349
2811 519 192 289
2812 468 257 275
2813 389 368 243
2814 284 487 229
2815 191 588 221
2816 121 689 190
2817 69 753 178
2818 49 777 174
2819 43 759 198
2820 28 700 272
2821 23 604 373
2822 41 490 469
2823 48 371 581
2824 66 263 671
2825 96 181 723
2826 131 127 742
2827 189 110 701
2828 284 111 605
2829 382 112 506
2830 462 128 410
2831 510 167 323
2832 505 227 268
2833 463 314 223
2834 374 410 216
2835 247 516 237
2836 177 642 181
2837 112 711 177
2838 60 760 180
2839 42 773 185
2840 33 731 236
2841 28 653 319
2842 37 562 401
2843 50 447 503
2844 59 308 633
2845 78 230 692
2846 114 162 724
2847 169 113 718
2848 247 100 653
2849 312 100 588
2850 397 126 477
2851 482 156 362
2852 494 210 296
2853 459 276 265
2854 410 379 211
2855 307 477 216
2856 205 593 202
2857 134 695 171
2858 81 740 179
2859 51 763 186
2860 46 739 215
2861 35 678 287
2862 34 586 380
2863 37 489 474
2864 46 370 584
2865 77 259 664
2866 99 183 718
2867 139 138 723
2868 202 122 676
2869 291 120 589
2870 361 123 516
2871 449 150 401
2872 493 181 326
2873 486 248 266
2874 428 331 241
2875 335 434 231
2876 246 543 211
2877 169 634 197
2878 123 708 169
2879 81 727 192
2880 54 738 208
2881 36 698 266
2882 33 633 334
2883 36 533 431
2884 43 421 536
2885 53 323 624
2886 78 239 683
2887 103 195 702
2888 166 159 675
2889 239 136 625
2890 323 128 549
2891 409 144 447
2892 456 170 374
2893 485 221 294
2894 444 276 280
2895 361 361 278
2896 274 480 246
2897 198 590 212
2898 137 674 189
2899 94 719 187
2900 64 736 200
2901 51 715 234
2902 41 673 286
2903 44 598 358
2904 45 476 479
2905 52 365 583
2906 73 274 653
2907 100 208 692
2908 143 164 693
2909 185 142 673
2910 248 142 610
2911 353 154 493
2912 417 171 412
2913 433 218 349
2914 420 293 287
2915 364 372 264
2916 295 472 233
2917 203 563 234
2918 136 655 209
2919 99 710 191
2920 70 730 200
2921 52 712 236
2922 45 655 300
2923 45 583 372
2924 42 483 475
2925 62 395 543
2926 80 283 637
2927 96 210 694
2928 132 174 694
2929 196 156 648
2930 265 149 586
2931 346 152 502
2932 405 171 424
2933 451 200 349
2934 443 266 291
2935 389 347 264
2936 317 437 246
2937 218 527 255
2938 152 633 215
2939 94 696 210
2940 57 735 208
2941 34 743 223
2942 39 700 261
2943 45 614 341
2944 54 518 428
2945 57 419 524
2946 70 310 620
2947 84 234 682
2948 122 181 697
2949 164 135 701
2950 244 136 620
2951 321 142 537
2952 397 161 442
2953 470 184 346
2954 477 220 303
2955 446 289 265
2956 390 373 237
2957 302 475 223
2958 195 562 243
2959 112 663 225
2960 76 727 197
2961 55 740 205
2962 41 725 234
2963 44 670 286
2964 40 583 377
2965 55 485 460
2966 60 383 557
2967 82 277 641
2968 101 191 708
2969 135 159 706
2970 189 140 671
2971 268 141 591
2972 349 149 502
2973 419 166 415
2974 481 198 321
2975 494 242 264
2976 427 315 258
2977 349 414 237
2978 255 511 234
2979 172 604 224
2980 121 679 200
2981 87 713 200
2982 60 715 225
2983 49 698 253
2984 48 636 316
2985 51 538 411
2986 62 438 500
2987 67 334 599
2988 88 254 658
2989 126 199 675
2990 159 159 682
2991 221 143 636
2992 311 143 546
2993 392 151 457
2994 447 170 383
2995 477 219 304
2996 451 269 280
2997 377 350 273
2998 299 464 237
2999 213 558 229
3000 149 644 207
3001 106 700 194
3002 73 724 203
3003 64 708 228
3004 56 667 277
3005 44 594 362
3006 51 492 457
3007 59 391 550
3008 74 297 629
3009 97 226 677
3010 138 179 683
3011 186 154 660
3012 258 147 595
3013 347 148 505
3014 414 161 425
3015 437 195 368
3016 436 266 298
3017 391 338 271
3018 309 430 261
3019 219 537 244
3020 147 634 219
3021 109 705 186
3022 83 730 187
3023 58 722 220
3024 43 676 281
3025 39 619 342
3026 47 531 422
3027 53 416 531
3028 58 313 629
3029 81 237 682
3030 119 189 692
3031 180 159 661
3032 235 144 621
3033 315 146 539
3034 396 154 450
3035 459 188 353
3036 468 228 304
3037 425 295 280
3038 337 386 277
3039 243 504 253
3040 164 613 223
3041 105 690 205
3042 68 741 191
3043 50 744 206
3044 47 722 231
3045 41 658 301
3046 41 573 386
3047 44 455 501
3048 60 343 597
3049 73 250 677
3050 115 186 699
3051 159 141 700
3052 218 119 663
3053 288 124 588
3054 379 139 482
3055 459 166 375
3056 490 198 312
3057 477 260 263
3058 405 337 258
3059 313 454 233
3060 201 568 231
3061 127 675 198
3062 92 734 174
3063 73 742 185
3064 55 729 216
3065 42 685 273
3066 33 621 346
3067 32 513 455
3068 51 400 549
3069 75 274 651
3070 106 191 703
3071 142 152 706
3072 205 129 666
3073 269 110 621
3074 368 110 522
3075 450 119 431
3076 526 150 324
3077 532 200 268
3078 482 277 241
3079 403 366 231
3080 311 468 221
3081 205 579 216
3082 135 685 180
3083 90 746 164
3084 49 760 191
3085 38 751 211
3086 36 685 279
3087 36 598 366
3088 35 496 469
3089 55 386 559
3090 71 260 669
3091 104 183 713
3092 137 136 727
3093 206 112 682
3094 280 109 611
3095 365 122 513
3096 447 139 414
3097 522 167 311
3098 513 218 269
3099 450 304 246
3100 367 414 219
3101 257 521 222
3102 158 634 208
3103 88 720 192
3104 65 773 162
3105 36 768 196
3106 27 746 227
3107 31 669 300
3108 38 555 407
3109 41 441 518
3110 58 325 617
3111 80 222 698
3112 110 147 743
3113 153 122 725
3114 225 101 674
3115 322 106 572
3116 414 123 463
3117 481 145 374
3118 519 194 287
3119 518 259 223
3120 447 335 218
3121 348 431 221
3122 243 551 206
3123 150 651 199
3124 89 727 184
3125 59 766 175
3126 45 747 208
3127 38 696 266
3128 34 627 339
3129 39 535 426
3130 51 410 539
3131 68 298 634
3132 94 205 701
3133 144 140 716
3134 193 109 698
3135 248 111 641
3136 324 125 551
3137 410 141 449
3138 483 180 337
3139 504 219 277
3140 480 291 229
3141 396 380 224
3142 279 495 226
3143 173 610 217
3144 110 702 188
3145 78 749 173
3146 52 742 206
3147 41 729 230
3148 31 668 301
3149 32 589 379
3150 44 473 483
3151 60 346 594
3152 76 238 686
3153 107 175 718
3154 135 151 714
3155 196 136 668
3156 275 136 589
3157 360 136 504
3158 454 167 379
3159 504 200 296
3160 485 258 257
3161 387 340 273
3162 307 462 231
3163 209 557 234
3164 140 655 205
3165 96 724 180
3166 66 737 197
3167 48 734 218
3168 46 694 260
3169 42 614 344
3170 47 496 457
3171 49 396 555
3172 60 296 644
3173 93 216 691
3174 121 170 709
3175 177 145 678
3176 246 129 625
3177 339 140 521
3178 396 165 439
3179 438 208 354
3180 434 266 300
3181 389 350 261
3182 321 441 238
3183 251 534 215
3184 185 620 195
3185 131 675 194
3186 88 704 208
3187 66 704 230
3188 51 668 281
3189 40 599 361
3190 37 519 444
3191 42 429 529
3192 60 338 602
3193 92 265 643
3194 139 204 657
3195 190 157 653
3196 253 142 605
3197 305 148 547
3198 358 176 466
3199 387 213 400
3200 390 275 335
3201 353 345 302
3202 290 443 267
3203 225 553 222
3204 158 633 209
3205 110 694 196
3206 78 714 208
3207 48 709 243
3208 34 677 289
3209 41 621 338
3210 42 516 442
3211 48 405 547
3212 71 319 610
3213 102 235 663
3214 137 184 679
3215 191 154 655
3216 245 132 623
3217 326 134 540
3218 393 158 449
3219 408 202 390
3220 415 273 312
3221 372 350 278
3222 304 444 252
3223 225 542 233
3224 149 643 208
3225 94 717 189
3226 59 748 193
3227 48 739 213
3228 35 679 286
3229 36 615 349
3230 47 520 433
3231 53 411 536
3232 68 304 628
3233 82 215 703
3234 127 170 703
3235 190 134 676
3236 245 131 624
3237 324 140 536
3238 398 156 446
3239 444 191 365
3240 444 252 304
3241 387 341 272
3242 288 443 269
3243 191 578 231
3244 118 678 204
3245 77 742 181
3246 52 767 181
3247 42 757 201
3248 34 706 260
3249 37 625 338
3250 38 520 442
3251 53 384 563
3252 74 269 657
3253 96 184 720
3254 124 137 739
3255 181 119 700
3256 260 113 627
3257 350 115 535
3258 447 130 423
3259 504 169 327
3260 510 227 263
3261 467 306 227
3262 372 396 232
3263 269 509 222
3264 201 618 181
3265 122 684 194
3266 78 748 174
3267 47 753 200
3268 35 726 239
3269 32 659 309
3270 39 572 389
3271 43 452 505
3272 52 339 609
3273 75 264 661
3274 112 177 711
3275 161 135 704
3276 220 113 667
3277 299 121 580
3278 391 129 480
3279 461 157 382
3280 474 200 326
3281 453 262 285
3282 400 370 230
3283 316 465 219
3284 215 571 214
3285 135 664 201
3286 83 736 181
3287 55 760 185
3288 37 745 218
3289 27 701 272
3290 27 603 370
3291 40 508 452
3292 60 389 551
3293 62 276 662
3294 84 202 714
3295 126 156 718
3296 183 129 688
3297 265 116 619
3298 339 132 529
3299 423 153 424
3300 479 188 333
3301 470 245 285
3302 397 328 275
3303 304 447 249
3304 220 567 213
3305 145 664 191
3306 93 723 184
3307 50 754 196
3308 39 762 199
3309 46 716 238
3310 44 626 330
3311 47 509 444
3312 51 386 563
3313 72 285 643
3314 94 205 701
3315 122 152 726
3316 169 116 715
3317 249 115 636
3318 350 125 525
3319 443 141 416
3320 493 171 336
3321 501 222 277
3322 436 294 270
3323 356 412 232
3324 247 528 225
3325 162 638 200
3326 104 713 183
3327 62 755 183
3328 45 767 188
3329 37 733 230
3330 29 669 302
3331 36 559 405
3332 45 436 519
3333 61 317 622
3334 81 226 693
3335 111 164 725
3336 165 122 713
3337 234 102 664
3338 336 97 567
3339 426 105 469
3340 503 138 359
3341 537 180 283
3342 533 237 230
3343 458 303 239
3344 354 420 226
3345 248 544 208
3346 156 655 189
3347 99 739 162
3348 59 763 178
3349 34 761 205
3350 37 729 234
3351 39 660 301
3352 37 541 422
3353 41 419 540
3354 60 304 636
3355 94 201 705
3356 137 143 720
3357 183 102 715
3358 247 88 665
3359 345 93 562
3360 436 114 450
3361 497 145 358
3362 522 199 279
3363 469 277 254
3364 376 388 236
3365 299 522 179
3366 177 613 210
3367 107 730 163
3368 65 779 156
3369 44 790 166
3370 29 757 214
3371 21 694 285
3372 22 591 387
3373 36 456 508
3374 44 351 605
3375 65 226 709
3376 100 156 744
3377 153 110 737
3378 223 90 687
3379 309 83 608
3380 414 100 486
3381 474 130 396
3382 546 175 279
3383 523 228 249
3384 467 321 212
3385 347 423 230
3386 245 563 192
3387 153 672 175
3388 101 747 152
3389 49 769 182
3390 31 776 193
3391 26 741 233
3392 23 653 324
3393 28 554 418
3394 37 409 554
3395 63 291 646
3396 91 190 719
3397 128 140 732
3398 168 96 736
3399 255 91 654
3400 329 92 579
3401 439 117 444
3402 495 152 353
3403 505 214 281
3404 443 305 252
3405 373 417 210
3406 257 531 212
3407 162 652 186
3408 101 746 153
3409 55 782 163
3410 35 793 172
3411 21 751 228
3412 21 674 305
3413 22 562 416
3414 37 447 516
3415 46 311 643
3416 79 208 713
3417 111 139 750
3418 166 96 738
3419 248 83 669
3420 353 78 569
3421 459 85 456
3422 556 94 350
3423 595 133 272
3424 582 197 221
3425 526 279 195
3426 414 378 208
3427 288 503 209
3428 192 634 174
3429 106 723 171
3430 67 800 133
3431 39 800 161
3432 16 764 220
3433 17 705 278
3434 25 605 370
3435 29 472 499
3436 42 337 621
3437 56 235 709
3438 94 144 762
3439 149 106 745
3440 209 87 704
3441 297 86 617
3442 402 98 500
3443 498 126 376
3444 532 165 303
3445 525 233 242
3446 440 331 229
3447 341 454 205
3448 246 572 182
3449 136 668 196
3450 71 766 163
3451 40 803 157
3452 25 795 180
3453 20 742 238
3454 21 649 330
3455 29 525 446
3456 46 399 555
3457 56 286 658
3458 79 178 743
3459 116 118 766
3460 175 89 736
3461 266 83 651
3462 373 85 542
3463 466 102 432
3464 539 135 326
3465 572 175 253
3466 544 250 206
3467 458 338 204
3468 343 453 204
3469 230 574 196
3470 142 685 173
3471 83 756 161
3472 48 782 170
3473 35 777 188
3474 34 715 251
3475 28 628 344
3476 34 519 447
3477 42 392 566
3478 58 273 669
3479 90 186 724
3480 130 128 742
3481 201 93 706
3482 283 84 633
3483 373 89 538
3484 482 108 410
3485 550 126 324
3486 571 177 252
3487 533 243 224
3488 447 339 214
3489 323 460 217
3490 200 593 207
3491 119 711 170
3492 63 773 164
3493 32 811 157
3494 25 791 184
3495 22 732 246
3496 23 639 338
3497 28 517 455
3498 41 379 580
3499 69 248 683
3500 83 158 759
3501 129 106 765
3502 189 80 731
3503 280 79 641
3504 385 81 534
3505 498 98 404
3506 567 123 310
3507 590 185 225
3508 546 252 202
3509 420 348 232
3510 298 500 202
3511 193 623 184
3512 117 726 157
3513 72 785 143
3514 46 805 149
3515 35 769 196
3516 32 713 255
3517 32 620 348
3518 33 468 499
3519 38 344 618
3520 53 236 711
3521 79 162 759
3522 133 116 751
3523 190 98 712
3524 279 97 624
3525 407 101 492
3526 493 125 382
3527 546 163 291
3528 511 218 271
3529 437 327 236
3530 327 447 226
3531 218 575 207
3532 140 685 175
3533 81 759 160
3534 58 794 148
3535 37 779 184
3536 32 745 223
3537 27 641 332
3538 32 526 442
3539 44 393 563
3540 52 271 677
3541 77 189 734
3542 110 129 761
3543 161 111 728
3544 267 94 639
3545 371 92 537
3546 465 103 432
3547 540 142 318
3548 544 189 267
3549 499 267 234
3550 404 372 224
3551 300 485 215
3552 179 606 215
3553 119 729 152
3554 67 778 155
3555 43 791 166
3556 33 768 199
3557 27 700 273
3558 38 601 361
3559 42 477 481
3560 43 352 605
3561 61 228 711
3562 94 161 745
3563 132 115 753
3564 197 100 703
3565 277 103 620
3566 377 122 501
3567 460 146 394
3568 533 188 279
3569 519 239 242
3570 474 320 206
3571 370 411 219
3572 266 530 204
3573 166 631 203
3574 101 712 187
3575 64 753 183
3576 40 748 212
3577 28 721 251
3578 29 652 319
3579 33 560 407
3580 52 437 511
3581 70 317 613
3582 84 218 698
3583 128 163 709
3584 171 124 705
3585 226 108 666
3586 299 122 579
3587 397 141 462
3588 463 166 371
3589 499 220 281
3590 454 283 263
3591 370 383 247
3592 285 506 209
3593 196 607 197
3594 110 682 208
3595 79 749 172
3596 50 755 195
3597 51 730 219
3598 52 666 282
3599 39 565 396
3600 45 455 500
3601 69 348 583
3602 92 249 659
3603 110 159 731
3604 149 135 716
3605 204 121 675
3606 295 130 575
3607 387 140 473
3608 457 158 385
3609 480 195 325
3610 472 271 257
3611 391 369 240
3612 299 474 227
3613 198 580 222
3614 121 672 207
3615 83 739 178
3616 56 759 185
3617 40 749 211
3618 35 689 276
3619 42 596 362
3620 46 484 470
3621 56 374 570
3622 68 272 660
3623 90 193 717
3624 123 151 726
3625 192 128 680
3626 277 119 604
3627 362 127 511
3628 441 154 405
3629 484 185 331
3630 471 244 285
3631 410 336 254
3632 328 439 233
3633 226 544 230
3634 134 655 211
3635 83 739 178
3636 65 763 172
3637 55 750 195
3638 49 701 250
3639 46 615 339
3640 49 515 436
3641 53 407 540
3642 56 292 652
3643 83 205 712
3644 119 154 727
3645 173 131 696
3646 250 126 624
3647 330 135 535
3648 402 155 443
3649 457 191 352
3650 473 251 276
3651 424 322 254
3652 331 422 247
3653 236 538 226
3654 162 638 200
3655 100 703 197
3656 64 745 191
3657 54 745 201
3658 50 695 255
3659 40 628 332
3660 35 538 427
3661 47 427 526
3662 62 315 623
3663 91 235 674
3664 125 164 711
3665 171 130 699
3666 233 134 633
3667 308 139 553
3668 389 154 457
3669 447 184 369
3670 457 238 305
3671 425 308 267
3672 352 411 237
3673 244 518 238
3674 160 622 218
3675 106 701 193
3676 71 740 189
3677 48 745 207
3678 36 714 250
3679 33 656 311
3680 39 556 405
3681 53 443 504
3682 69 325 606
3683 93 230 677
3684 122 167 711
3685 163 133 704
3686 225 123 652
3687 300 119 581
3688 373 144 483
3689 443 184 373
3690 473 232 295
3691 433 297 270
3692 351 400 249
3693 245 516 239
3694 167 632 201
3695 105 714 181
3696 71 751 178
3697 50 745 205
3698 38 718 244
3699 39 665 296
3700 45 561 394
3701 53 439 508
3702 59 315 626
3703 84 227 689
3704 117 165 718
3705 156 138 706
3706 216 126 658
3707 304 119 577
3708 387 135 478
3709 479 174 347
3710 520 206 274
3711 489 253 258
3712 406 346 248
3713 306 456 238
3714 211 568 221
3715 137 670 193
3716 81 728 191
3717 64 745 191
3718 45 730 225
3719 45 702 253
3720 43 609 348
3721 46 501 453
3722 46 386 568
3723 68 284 648
3724 108 204 688
3725 135 147 718
3726 180 135 685
3727 265 118 617
3728 367 126 507
3729 457 132 411
3730 514 157 329
3731 510 202 288
3732 475 286 239
3733 375 378 247
3734 296 490 214
3735 180 586 234
3736 113 694 193
3737 80 755 165
3738 60 763 177
3739 32 738 230
3740 34 682 284
3741 38 588 374
3742 39 472 489
3743 45 375 580
3744 55 261 684
3745 87 190 723
3746 133 150 717
3747 203 129 668
3748 285 115 600
3749 378 127 495
3750 439 150 411
3751 512 186 302
3752 509 227 264
3753 441 301 258
3754 339 409 252
3755 259 532 209
3756 160 626 214
3757 97 713 190
3758 69 753 178
3759 53 745 202
3760 40 720 240
3761 29 659 312
3762 32 562 406
3763 45 436 519
3764 53 329 618
3765 77 234 689
3766 114 170 716
3767 153 141 706
3768 224 127 649
3769 309 117 574
3770 401 129 470
3771 452 163 385
3772 467 219 314
3773 440 299 261
3774 340 390 270
3775 235 519 246
3776 175 638 187
3777 119 708 173
3778 73 752 175
3779 50 764 186
3780 33 731 236
3781 31 668 301
3782 32 579 389
3783 38 449 513
3784 47 324 629
3785 70 245 685
3786 100 178 722
3787 151 136 713
3788 223 118 659
3789 302 109 589
3790 418 119 463
3791 502 133 365
3792 513 174 313
3793 497 242 261
3794 440 325 235
3795 325 424 251
3796 230 557 213
3797 151 661 188
3798 102 730 168
3799 59 765 176
3800 43 767 190
3801 34 715 251
3802 35 641 324
3803 39 541 420
3804 50 404 546
3805 62 289 649
3806 77 208 715
3807 119 158 723
3808 185 114 701
3809 254 100 646
3810 341 105 554
3811 449 118 433
3812 517 147 336
3813 534 194 272
3814 494 258 248
3815 413 348 239
3816 295 473 232
3817 191 605 204
3818 114 704 182
3819 66 768 166
3820 44 787 169
3821 38 762 200
3822 35 704 261
3823 27 617 356
3824 28 500 472
3825 40 367 593
3826 60 256 684
3827 85 172 743
3828 127 128 745
3829 184 111 705
3830 266 112 622
3831 370 117 513
3832 470 130 400
3833 524 163 313
3834 528 220 252
3835 450 300 250
3836 339 422 239
3837 237 550 213
3838 148 651 201
3839 97 735 168
3840 70 773 157
3841 49 767 184
3842 33 731 236
3843 27 667 306
3844 32 551 417
3845 41 418 541
3846 53 308 639
3847 70 212 718
3848 103 157 740
3849 151 130 719
3850 211 118 671
3851 316 122 562
3852 406 133 461
3853 456 176 368
3854 476 236 288
3855 437 312 251
3856 334 406 260
3857 246 536 218
3858 167 636 197
3859 122 711 167
3860 75 745 180
3861 49 749 202
3862 36 715 249
3863 39 652 309
3864 41 555 404
3865 49 423 528
3866 64 315 621
3867 81 225 694
3868 119 174 707
3869 179 132 689
3870 244 106 650
3871 318 104 578
3872 413 127 460
3873 479 164 357
3874 509 206 285
3875 473 266 261
3876 405 353 242
3877 319 463 218
3878 220 575 205
3879 122 676 202
3880 72 751 177
3881 55 764 181
3882 43 739 218
3883 38 691 271
3884 38 609 353
3885 38 499 463
3886 53 387 560
3887 77 271 652
3888 110 172 718
3889 151 126 723
3890 201 110 689
3891 273 108 619
3892 365 118 517
3893 443 136 421
3894 499 170 331
3895 503 230 267
3896 454 325 221
3897 349 420 231
3898 242 541 217
3899 155 650 195
3900 100 727 173
3901 58 764 178
3902 37 772 191
3903 28 733 239
3904 32 647 321
3905 32 548 420
3906 43 427 530
3907 61 307 632
3908 84 212 704
3909 111 152 737
3910 158 117 725
3911 240 109 651
3912 313 113 574
3913 394 139 467
3914 472 179 349
3915 502 221 277
3916 463 286 251
3917 389 385 226
3918 286 494 220
3919 184 605 211
3920 112 703 185
3921 72 749 179
3922 58 749 193
3923 35 721 244
3924 30 679 291
3925 37 585 378
3926 41 469 490
3927 51 354 595
3928 74 246 680
3929 111 177 712
3930 146 140 714
3931 211 133 656
3932 297 110 593
3933 391 118 491
3934 474 140 386
3935 507 172 321
3936 497 247 256
3937 434 326 240
3938 337 426 237
3939 231 530 239
3940 150 659 191
3941 87 732 181
3942 63 773 164
3943 42 765 193
3944 31 711 258
3945 35 643 322
3946 40 539 421
3947 34 430 536
3948 47 307 646
3949 73 221 706
3950 108 154 738
3951 181 127 692
3952 251 108 641
3953 339 106 555
3954 412 122 466
3955 493 158 349
3956 512 200 288
3957 487 267 246
3958 398 359 243
3959 281 475 244
3960 186 611 203
3961 118 708 174
3962 74 760 166
3963 49 768 183
3964 38 751 211
3965 32 695 273
3966 29 609 362
3967 35 496 469
3968 49 354 597
3969 66 243 691
3970 109 174 717
3971 147 123 730
3972 210 102 688
3973 283 95 622
3974 378 108 514
3975 492 126 382
3976 547 154 299
3977 538 210 252
3978 496 288 216
3979 415 381 204
3980 301 483 216
3981 198 604 198
3982 117 694 189
3983 66 757 177
3984 44 780 176
3985 39 746 215
3986 28 673 299
3987 38 591 371
3988 41 479 480
3989 60 355 585
3990 77 246 677
3991 100 166 734
3992 149 120 731
3993 221 105 674
3994 298 106 596
3995 392 111 497
3996 481 129 390
3997 527 164 309
3998 544 227 229
3999 494 290 216
