p=0.0001220703125 p_inf=0.1 time series=0,1,9,17
Format is t, #suscepted, #infected, #recovered
0 999 1 0
1 997 1 2
2 995 3 2
3 991 5 4
4 988 9 3
5 985 12 3
6 981 15 4
7 973 19 8
8 965 26 9
9 964 34 2
10 963 33 4
11 962 32 6
12 956 29 15
13 951 32 17
14 947 34 19
15 944 34 22
16 937 30 33
17 934 29 37
18 935 33 32
19 935 33 32
20 935 36 29
21 936 33 31
22 934 30 36
23 938 32 30
24 944 32 24
25 940 27 33
26 938 27 35
27 936 29 35
28 939 28 33
29 942 28 30
30 943 28 29
31 945 25 30
32 945 23 32
33 944 28 28
34 937 29 34
35 935 34 31
36 936 37 27
37 936 36 28
38 940 36 24
39 940 35 25
40 938 37 25
41 936 34 30
42 930 35 35
43 927 36 37
44 925 36 39
45 920 39 41
46 915 44 41
47 908 50 42
48 907 55 38
49 906 59 35
50 907 59 34
51 908 57 35
52 901 56 43
53 893 60 47
54 885 63 52
55 881 65 54
56 881 64 55
57 880 60 60
58 882 61 57
59 879 61 60
60 875 65 60
61 873 65 62
62 876 64 60
63 874 59 67
64 877 62 61
65 873 63 64
66 871 66 63
67 869 68 63
68 873 66 61
69 877 62 61
70 878 59 63
71 880 63 57
72 880 58 62
73 879 57 64
74 879 55 66
75 879 53 68
76 885 55 60
77 884 53 63
78 880 57 63
79 883 57 60
80 872 59 69
81 873 71 56
82 872 72 56
83 868 75 57
84 860 77 63
85 856 87 57
86 856 87 57
87 854 87 59
88 847 87 66
89 843 82 75
90 836 85 79
91 837 89 74
92 829 86 85
93 828 84 88
94 824 85 91
95 819 89 92
96 818 94 88
97 813 100 87
98 806 102 92
99 808 105 87
100 808 106 86
101 811 108 81
102 812 104 84
103 809 99 92
104 810 97 93
105 811 90 99
106 813 87 100
107 814 82 104
108 814 80 106
109 810 78 112
110 809 86 105
111 809 92 99
112 812 94 94
113 817 98 85
114 822 96 82
115 816 96 88
116 818 104 78
117 812 104 84
118 806 102 92
119 804 102 94
120 798 102 100
121 795 104 101
122 793 109 98
123 777 111 112
124 776 119 105
125 778 120 102
126 768 120 112
127 756 130 114
128 752 142 106
129 746 144 110
130 739 145 116
131 736 150 114
132 731 145 124
133 723 149 128
134 720 157 123
135 710 150 140
136 708 148 144
137 704 148 148
138 689 151 160
139 691 161 148
140 675 164 161
141 663 176 161
142 662 180 158
143 665 188 147
144 660 187 153
145 647 192 161
146 640 202 158
147 634 199 167
148 629 202 169
149 632 195 173
150 625 188 187
151 620 187 193
152 620 193 187
153 619 188 193
154 627 179 194
155 625 174 201
156 626 173 201
157 624 179 197
158 620 188 192
159 624 193 183
160 611 183 206
161 612 201 187
162 615 209 176
163 614 211 175
164 604 213 183
165 591 217 192
166 585 221 194
167 589 222 189
168 576 228 196
169 568 223 209
170 559 223 218
171 545 230 225
172 546 242 212
173 551 237 212
174 560 228 212
175 557 218 225
176 568 215 217
177 563 209 228
178 557 214 229
179 549 213 238
180 550 209 241
181 556 213 231
182 550 216 234
183 553 232 215
184 558 232 210
185 562 233 205
186 569 224 207
187 575 218 207
188 567 216 217
189 561 220 219
190 551 223 226
191 536 217 247
192 526 232 242
193 526 241 233
194 534 250 216
195 538 248 214
196 535 246 219
197 523 245 232
198 521 254 225
199 505 262 233
200 498 263 239
201 489 261 250
202 488 261 251
203 490 264 246
204 496 264 240
205 493 259 248
206 493 253 254
207 499 245 256
208 508 238 254
209 500 231 269
210 495 239 266
211 499 241 260
212 498 237 265
213 494 243 263
214 496 253 251
215 507 259 234
216 512 255 233
217 523 257 220
218 514 238 248
219 503 245 252
220 504 260 236
221 509 253 238
222 502 238 260
223 506 239 255
224 507 239 254
225 506 236 258
226 495 256 249
227 487 260 253
228 495 253 252
229 507 252 241
230 513 255 232
231 498 248 254
232 492 263 245
233 472 272 256
234 471 272 257
235 473 269 258
236 470 274 256
237 466 278 256
238 470 279 251
239 460 282 258
240 453 277 270
241 456 275 269
242 457 272 271
243 453 274 273
244 437 273 290
245 427 285 288
246 424 294 282
247 435 294 271
248 430 288 282
249 437 295 268
250 442 291 267
251 444 284 272
252 429 283 288
253 424 286 290
254 415 282 303
255 421 291 288
256 424 291 285
257 434 281 285
258 436 275 289
259 438 280 282
260 442 279 279
261 444 272 284
262 442 274 284
263 433 267 300
264 437 276 287
265 429 282 289
266 427 296 277
267 428 293 279
268 436 293 271
269 438 292 270
270 437 288 275
271 420 296 284
272 407 304 289
273 397 311 292
274 376 307 317
275 366 331 303
276 375 341 284
277 377 333 290
278 380 335 285
279 384 324 292
280 377 312 311
281 385 312 303
282 373 308 319
283 371 296 333
284 370 288 342
285 360 297 343
286 368 305 327
287 372 308 320
288 376 316 308
289 370 312 318
290 389 322 289
291 395 315 290
292 383 317 300
293 382 320 298
294 379 313 308
295 380 313 307
296 389 304 307
297 385 299 316
298 386 293 321
299 394 299 307
300 400 289 311
301 401 280 319
302 397 286 317
303 411 290 299
304 430 285 285
305 442 271 287
306 443 265 292
307 444 258 298
308 451 267 282
309 452 269 279
310 443 262 295
311 439 267 294
312 426 276 298
313 417 303 280
314 407 318 275
315 393 335 272
316 387 340 273
317 389 344 267
318 372 349 279
319 348 361 291
320 307 376 317
321 304 390 306
322 303 378 319
323 313 362 325
324 321 347 332
325 321 335 344
326 328 330 342
327 322 311 367
328 339 302 359
329 346 271 383
330 355 276 369
331 358 283 359
332 350 295 355
333 350 315 335
334 364 320 316
335 370 325 305
336 389 328 283
337 381 340 279
338 375 343 282
339 367 342 291
340 346 338 316
341 334 339 327
342 331 346 323
343 329 344 327
344 313 343 344
345 309 347 344
346 309 348 343
347 319 349 332
348 328 343 329
349 324 333 343
350 332 330 338
351 345 324 331
352 338 312 350
353 346 315 339
354 345 306 349
355 347 306 347
356 351 310 339
357 347 316 337
358 341 323 336
359 350 335 315
360 355 338 307
361 357 330 313
362 349 337 314
363 332 345 323
364 317 358 325
365 312 367 321
366 307 365 328
367 298 358 344
368 308 364 328
369 296 362 342
370 286 367 347
371 282 369 349
372 273 360 367
373 276 360 364
374 270 359 371
375 264 372 364
376 257 372 371
377 270 381 349
378 286 363 351
379 291 345 364
380 310 349 341
381 308 330 362
382 313 333 354
383 311 315 374
384 311 317 372
385 308 308 384
386 312 329 359
387 304 343 353
388 313 347 340
389 319 357 324
390 327 348 325
391 320 358 322
392 324 363 313
393 299 368 333
394 290 372 338
395 285 367 348
396 277 368 355
397 286 366 348
398 296 366 338
399 314 346 340
400 329 323 348
401 341 303 356
402 348 287 365
403 358 285 357
404 372 274 354
405 382 262 356
406 396 252 352
407 410 258 332
408 409 267 324
409 425 288 287
410 427 288 285
411 427 288 285
412 431 299 270
413 419 307 274
414 393 329 278
415 382 349 269
416 361 351 288
417 353 351 296
418 345 359 296
419 331 367 302
420 315 370 315
421 305 378 317
422 297 366 337
423 289 354 357
424 298 360 342
425 288 351 361
426 293 353 354
427 306 340 354
428 300 324 376
429 298 322 380
430 302 336 362
431 303 344 353
432 304 337 359
433 309 345 346
434 301 338 361
435 303 359 338
436 300 373 327
437 294 378 328
438 279 370 351
439 275 377 348
440 256 388 356
441 264 399 337
442 254 398 348
443 245 387 368
444 240 382 378
445 252 382 366
446 262 378 360
447 253 361 386
448 255 359 386
449 247 346 407
450 258 355 387
451 265 355 380
452 271 353 376
453 277 347 376
454 282 345 373
455 287 357 356
456 295 354 351
457 295 359 346
458 285 350 365
459 276 360 364
460 279 371 350
461 263 374 363
462 240 392 368
463 235 403 362
464 228 411 361
465 235 413 352
466 243 415 342
467 247 397 356
468 246 382 372
469 242 380 378
470 246 366 388
471 252 351 397
472 253 337 410
473 236 334 430
474 239 349 412
475 242 364 394
476 243 376 381
477 263 377 360
478 261 371 368
479 258 388 354
480 248 405 347
481 239 418 343
482 241 412 347
483 233 395 372
484 232 391 377
485 233 391 376
486 241 396 363
487 234 371 395
488 241 361 398
489 251 341 408
490 253 337 410
491 263 352 385
492 274 346 380
493 269 335 396
494 281 335 384
495 288 348 364
496 292 351 357
497 293 367 340
498 283 370 347
499 282 365 353
500 264 372 364
501 258 401 341
502 247 407 346
503 250 405 345
504 251 399 350
505 265 382 353
506 278 365 357
507 277 357 366
508 256 351 393
509 256 343 401
510 262 337 401
511 265 333 402
512 283 336 381
513 298 335 367
514 288 337 375
515 286 355 359
516 295 363 342
517 288 362 350
518 282 375 343
519 269 385 346
520 238 395 367
521 221 427 352
522 210 442 348
523 201 435 364
524 218 436 346
525 221 420 359
526 229 404 367
527 239 386 375
528 234 366 400
529 228 339 433
530 248 330 422
531 247 317 436
532 252 317 431
533 264 328 408
534 262 332 406
535 265 352 383
536 286 369 345
537 297 375 328
538 293 373 334
539 287 390 323
540 281 396 323
541 265 391 344
542 251 403 346
543 251 397 352
544 256 380 364
545 260 369 371
546 264 367 369
547 275 346 379
548 288 329 383
549 298 321 381
550 329 299 372
551 335 274 391
552 346 285 369
553 354 285 361
554 368 279 353
555 377 286 337
556 371 294 335
557 384 308 308
558 384 317 299
559 364 342 294
560 342 351 307
561 321 373 306
562 319 400 281
563 305 395 300
564 293 401 306
565 283 399 318
566 255 400 345
567 257 403 340
568 249 392 359
569 238 378 384
570 231 362 407
571 232 374 394
572 239 367 394
573 248 362 390
574 253 352 395
575 261 344 395
576 278 347 375
577 292 344 364
578 285 346 369
579 294 341 365
580 293 339 368
581 298 345 357
582 296 350 354
583 298 360 342
584 284 355 361
585 273 372 355
586 263 381 356
587 251 396 353
588 240 410 350
589 223 415 362
590 215 427 358
591 204 425 371
592 198 441 361
593 201 430 369
594 202 418 380
595 206 402 392
596 218 384 398
597 216 367 417
598 237 357 406
599 232 338 430
600 257 327 416
601 269 313 418
602 286 313 401
603 299 312 389
604 309 317 374
605 318 324 358
606 330 325 345
607 333 332 335
608 329 340 331
609 332 358 310
610 329 355 316
611 323 359 318
612 307 360 333
613 302 369 329
614 293 373 334
615 302 375 323
616 298 358 344
617 304 344 352
618 306 341 353
619 312 335 353
620 304 328 368
621 314 327 359
622 315 313 372
623 320 310 370
624 329 322 349
625 328 327 345
626 315 331 354
627 315 350 335
628 332 357 311
629 340 341 319
630 337 347 316
631 338 353 309
632 339 340 321
633 333 334 333
634 337 336 327
635 329 313 358
636 343 314 343
637 336 316 348
638 335 317 348
639 336 312 352
640 344 324 332
641 351 322 327
642 374 313 313
643 378 313 309
644 362 308 330
645 351 322 327
646 335 332 333
647 320 353 327
648 311 356 333
649 306 367 327
650 302 381 317
651 301 385 314
652 306 391 303
653 308 372 320
654 319 360 321
655 329 328 343
656 331 315 354
657 319 302 379
658 310 300 390
659 315 305 380
660 320 294 386
661 328 308 364
662 343 312 345
663 338 329 333
664 331 347 322
665 331 367 302
666 319 369 312
667 309 376 315
668 296 397 307
669 278 396 326
670 257 410 333
671 249 414 337
672 224 404 372
673 226 409 365
674 226 405 369
675 211 398 391
676 228 392 380
677 241 376 383
678 259 349 392
679 283 327 390
680 308 313 379
681 316 283 401
682 318 279 403
683 340 284 376
684 348 268 384
685 357 276 367
686 354 294 352
687 352 319 329
688 360 335 305
689 355 357 288
690 342 366 292
691 336 374 290
692 310 396 294
693 305 414 281
694 273 401 326
695 261 408 331
696 250 404 346
697 249 393 358
698 263 385 352
699 256 363 381
700 252 348 400
701 268 334 398
702 277 331 392
703 280 315 405
704 289 316 395
705 290 318 392
706 301 325 374
707 305 336 359
708 307 347 346
709 291 359 350
710 303 378 319
711 308 382 310
712 302 376 322
713 295 380 325
714 283 380 337
715 275 381 344
716 272 378 350
717 254 369 377
718 243 368 389
719 249 375 376
720 234 375 391
721 232 386 382
722 236 388 376
723 251 383 366
724 256 371 373
725 263 375 362
726 268 369 363
727 255 357 388
728 250 370 380
729 253 364 383
730 248 359 393
731 248 369 383
732 258 381 361
733 264 367 369
734 274 367 359
735 275 369 356
736 287 355 358
737 288 349 363
738 285 353 362
739 272 346 382
740 266 347 387
741 261 367 372
742 262 372 366
743 269 369 362
744 276 376 348
745 281 375 344
746 291 366 343
747 308 363 329
748 303 345 352
749 311 330 359
750 313 317 370
751 296 318 386
752 298 328 374
753 305 327 368
754 306 329 365
755 317 331 352
756 325 338 337
757 334 345 321
758 332 349 319
759 331 350 319
760 310 341 349
761 302 363 335
762 295 369 336
763 293 374 333
764 286 369 345
765 267 369 364
766 267 384 349
767 271 383 346
768 261 388 351
769 269 376 355
770 274 362 364
771 261 352 387
772 265 370 365
773 264 366 370
774 275 352 373
775 276 342 382
776 292 336 372
777 292 332 376
778 290 346 364
779 269 358 373
780 267 361 372
781 283 367 350
782 272 365 363
783 282 386 332
784 285 382 333
785 266 383 351
786 258 388 354
787 271 384 345
788 268 368 364
789 267 365 368
790 259 368 373
791 268 355 377
792 290 350 360
793 306 327 367
794 321 306 373
795 346 295 359
796 356 286 358
797 346 279 375
798 364 286 350
799 361 281 358
800 368 289 343
801 373 305 322
802 360 321 319
803 356 345 299
804 363 358 279
805 364 358 278
806 360 350 290
807 346 359 295
808 329 365 306
809 318 366 316
810 307 361 332
811 299 348 353
812 294 343 363
813 299 348 353
814 298 351 351
815 304 343 353
816 307 331 362
817 310 327 363
818 325 329 346
819 315 327 358
820 308 342 350
821 307 344 349
822 297 342 361
823 304 360 336
824 291 365 344
825 286 382 332
826 285 385 330
827 279 388 333
828 269 379 352
829 262 387 351
830 263 396 341
831 252 377 371
832 257 383 360
833 259 361 380
834 275 356 369
835 297 337 366
836 305 324 371
837 311 308 381
838 326 293 381
839 326 297 377
840 338 291 371
841 336 301 363
842 330 308 362
843 332 333 335
844 335 344 321
845 325 357 318
846 308 382 310
847 314 395 291
848 302 395 303
849 299 397 304
850 286 393 321
851 272 381 347
852 257 384 359
853 237 386 377
854 232 381 387
855 230 373 397
856 239 375 386
857 245 364 391
858 267 362 371
859 267 352 381
860 274 349 377
861 287 340 373
862 287 332 381
863 280 340 380
864 271 345 384
865 258 365 377
866 244 380 376
867 247 404 349
868 260 404 336
869 268 400 332
870 277 400 323
871 282 383 335
872 267 373 360
873 263 368 369
874 246 357 397
875 255 350 395
876 254 341 405
877 272 346 382
878 285 328 387
879 295 332 373
880 306 332 362
881 317 326 357
882 335 326 339
883 338 315 347
884 322 321 357
885 319 332 349
886 302 353 345
887 292 366 342
888 292 376 332
889 286 382 332
890 288 388 324
891 264 397 339
892 269 415 316
893 256 399 345
894 259 391 350
895 267 375 358
896 263 357 380
897 273 355 372
898 273 339 388
899 279 330 391
900 300 306 394
901 299 301 400
902 312 310 378
903 316 313 371
904 311 327 362
905 322 334 344
906 324 339 337
907 341 346 313
908 338 353 309
909 343 361 296
910 332 347 321
911 327 355 318
912 339 346 315
913 336 327 337
914 335 325 340
915 330 319 351
916 330 317 353
917 340 309 351
918 343 313 344
919 352 302 346
920 365 302 333
921 366 308 326
922 376 309 315
923 384 305 311
924 392 299 309
925 392 299 309
926 402 295 303
927 393 296 311
928 391 305 304
929 377 301 322
930 374 314 312
931 373 321 306
932 366 328 306
933 370 335 295
934 375 335 290
935 372 329 299
936 373 323 304
937 380 326 294
938 366 306 328
939 362 313 325
940 361 310 329
941 364 304 332
942 365 301 334
943 381 306 313
944 386 296 318
945 408 288 304
946 408 286 306
947 415 279 306
948 418 275 307
949 417 278 305
950 407 282 311
951 412 287 301
952 398 292 310
953 396 314 290
954 400 318 282
955 395 321 284
956 382 330 288
957 374 340 286
958 366 344 290
959 364 347 289
960 347 344 309
961 336 339 325
962 333 346 321
963 332 346 322
964 331 338 331
965 334 329 337
966 336 322 342
967 336 317 347
968 347 320 333
969 333 314 353
970 321 321 358
971 326 333 341
972 330 336 334
973 337 341 322
974 347 341 312
975 343 336 321
976 354 337 309
977 362 332 306
978 369 317 314
979 360 298 342
980 369 304 327
981 361 290 349
982 356 298 346
983 346 308 346
984 355 317 328
985 365 313 322
986 372 318 310
987 361 330 309
988 367 335 298
989 348 343 309
990 334 354 312
991 332 358 310
992 325 351 324
993 311 362 327
994 314 371 315
995 326 356 318
996 319 339 342
997 329 338 333
998 329 317 354
999 341 313 346
1000 349 308 343
1001 360 289 351
1002 377 269 354
1003 395 267 338
1004 406 266 328
1005 424 256 320
1006 429 259 312
1007 433 258 309
1008 431 259 310
1009 433 280 287
1010 419 298 283
1011 419 314 267
1012 411 315 274
1013 403 333 264
1014 399 338 263
1015 386 343 271
1016 367 355 278
1017 361 353 286
1018 361 341 298
1019 363 325 312
1020 350 322 328
1021 354 317 329
1022 367 308 325
1023 368 290 342
1024 376 277 347
1025 389 271 340
1026 398 270 332
1027 395 277 328
1028 406 283 311
1029 402 277 321
1030 416 290 294
1031 413 294 293
1032 414 310 276
1033 411 315 274
1034 395 319 286
1035 358 328 314
1036 349 359 292
1037 338 374 288
1038 320 372 308
1039 310 386 304
1040 317 380 303
1041 312 368 320
1042 318 369 313
1043 317 354 329
1044 315 324 361
1045 318 311 371
1046 317 310 373
1047 320 297 383
1048 320 300 380
1049 305 312 383
1050 318 326 356
1051 340 328 332
1052 339 336 325
1053 327 350 323
1054 325 363 312
1055 317 378 305
1056 286 383 331
1057 276 402 322
1058 267 398 335
1059 268 405 327
1060 271 396 333
1061 275 379 346
1062 278 362 360
1063 293 344 363
1064 297 324 379
1065 314 301 385
1066 311 288 401
1067 315 284 401
1068 323 289 388
1069 328 298 374
1070 335 310 355
1071 333 321 346
1072 338 343 319
1073 334 361 305
1074 317 378 305
1075 300 399 301
1076 279 411 310
1077 276 423 301
1078 260 414 326
1079 251 419 330
1080 246 406 348
1081 241 393 366
1082 234 381 385
1083 233 367 400
1084 236 356 408
1085 243 341 416
1086 240 343 417
1087 256 341 403
1088 271 338 391
1089 285 336 379
1090 302 334 364
1091 307 331 362
1092 318 337 345
1093 322 341 337
1094 333 335 332
1095 329 326 345
1096 330 333 337
1097 333 334 333
1098 337 333 330
1099 336 332 332
1100 332 327 341
1101 336 327 337
1102 344 329 327
1103 339 330 331
1104 338 328 334
1105 333 328 339
1106 334 334 332
1107 334 334 332
1108 328 339 333
1109 317 345 338
1110 297 354 349
1111 278 373 349
1112 263 394 343
1113 266 409 325
1114 270 400 330
1115 273 396 331
1116 275 388 337
1117 274 380 346
1118 265 372 363
1119 261 362 377
1120 268 345 387
1121 272 323 405
1122 277 328 395
1123 277 327 396
1124 290 335 375
1125 298 330 372
1126 311 330 359
1127 332 327 341
1128 344 323 333
1129 324 333 343
1130 318 348 334
1131 309 355 336
1132 313 356 331
1133 312 357 331
1134 315 358 327
1135 316 358 326
1136 316 361 323
1137 320 351 329
1138 318 332 350
1139 334 327 339
1140 330 310 360
1141 325 313 362
1142 329 317 354
1143 333 313 354
1144 337 306 357
1145 361 312 327
1146 351 307 342
1147 344 322 334
1148 341 346 313
1149 337 346 317
1150 326 346 328
1151 331 361 308
1152 327 363 310
1153 310 361 329
1154 296 383 321
1155 281 382 337
1156 280 373 347
1157 288 374 338
1158 297 366 337
1159 291 342 367
1160 297 346 357
1161 296 342 362
1162 315 321 364
1163 328 303 369
1164 320 299 381
1165 316 306 378
1166 332 318 350
1167 328 326 346
1168 316 326 358
1169 335 342 323
1170 343 344 313
1171 346 354 300
1172 339 355 306
1173 315 355 330
1174 295 367 338
1175 292 379 329
1176 278 382 340
1177 265 380 355
1178 256 391 353
1179 248 390 362
1180 251 397 352
1181 263 394 343
1182 264 370 366
1183 253 357 390
1184 268 365 367
1185 247 352 401
1186 246 362 392
1187 245 364 391
1188 248 358 394
1189 272 358 370
1190 281 358 361
1191 281 362 357
1192 271 354 375
1193 264 377 359
1194 247 374 379
1195 251 389 360
1196 243 391 366
1197 243 399 358
1198 248 399 353
1199 255 390 355
1200 244 391 365
1201 267 379 354
1202 278 359 363
1203 272 333 395
1204 262 337 401
1205 254 339 407
1206 268 347 385
1207 266 342 392
1208 283 343 374
1209 292 338 370
1210 298 349 353
1211 294 369 337
1212 304 369 327
1213 290 357 353
1214 277 363 360
1215 279 381 340
1216 275 378 347
1217 256 387 357
1218 242 395 363
1219 246 389 365
1220 256 385 359
1221 255 387 358
1222 245 382 373
1223 245 374 381
1224 249 377 374
1225 249 364 387
1226 260 356 384
1227 267 351 382
1228 269 348 383
1229 287 344 369
1230 279 331 390
1231 270 347 383
1232 281 353 366
1233 292 355 353
1234 292 352 356
1235 298 357 345
1236 292 354 354
1237 296 364 340
1238 289 373 338
1239 287 364 349
1240 270 360 370
1241 260 375 365
1242 258 388 354
1243 246 385 369
1244 252 400 348
1245 247 384 369
1246 258 380 362
1247 254 378 368
1248 238 386 376
1249 233 387 380
1250 233 379 388
1251 224 382 394
1252 232 376 392
1253 244 384 372
1254 257 376 367
1255 276 365 359
1256 284 338 378
1257 292 329 379
1258 285 329 386
1259 300 333 367
1260 288 324 388
1261 278 328 394
1262 263 346 391
1263 276 372 352
1264 290 386 324
1265 290 381 329
1266 291 381 328
1267 293 376 331
1268 287 383 330
1269 272 385 343
1270 243 382 375
1271 222 385 393
1272 218 392 390
1273 218 401 381
1274 225 401 374
1275 218 399 383
1276 224 399 377
1277 237 391 372
1278 261 381 358
1279 268 354 378
1280 265 340 395
1281 276 334 390
1282 277 323 400
1283 270 324 406
1284 285 331 384
1285 288 324 388
1286 305 331 364
1287 307 341 352
1288 310 353 337
1289 310 356 334
1290 306 367 327
1291 312 370 318
1292 312 357 331
1293 290 364 346
1294 267 379 354
1295 266 392 342
1296 272 381 347
1297 263 372 365
1298 270 370 360
1299 283 360 357
1300 272 360 368
1301 273 364 363
1302 270 348 382
1303 270 338 392
1304 271 349 380
1305 264 357 379
1306 263 366 371
1307 260 377 363
1308 258 380 362
1309 264 378 358
1310 276 388 336
1311 265 386 349
1312 265 386 349
1313 264 378 358
1314 259 370 371
1315 262 364 374
1316 269 358 373
1317 280 353 367
1318 298 332 370
1319 315 316 369
1320 331 299 370
1321 347 291 362
1322 361 283 356
1323 361 275 364
1324 366 281 353
1325 379 281 340
1326 391 289 320
1327 410 293 297
1328 407 291 302
1329 405 302 293
1330 412 312 276
1331 402 313 285
1332 398 317 285
1333 386 321 293
1334 376 325 299
1335 365 331 304
1336 361 344 295
1337 358 337 305
1338 350 330 320
1339 356 337 307
1340 353 327 320
1341 348 326 326
1342 343 327 330
1343 345 326 329
1344 350 311 339
1345 355 313 332
1346 355 315 330
1347 353 308 339
1348 352 320 328
1349 349 322 329
1350 347 324 329
1351 352 327 321
1352 347 337 316
1353 347 340 313
1354 349 338 313
1355 341 343 316
1356 345 339 316
1357 362 333 305
1358 350 314 336
1359 333 323 344
1360 327 330 343
1361 328 333 339
1362 317 334 349
1363 316 340 344
1364 308 345 347
1365 310 359 331
1366 300 376 324
1367 308 377 315
1368 303 362 335
1369 295 364 341
1370 286 371 343
1371 284 374 342
1372 271 371 358
1373 248 370 382
1374 254 376 370
1375 251 369 380
1376 248 387 365
1377 242 388 370
1378 249 387 364
1379 253 377 370
1380 257 376 367
1381 260 373 367
1382 259 364 377
1383 244 372 384
1384 244 369 387
1385 244 368 388
1386 259 369 372
1387 259 364 377
1388 276 365 359
1389 280 351 369
1390 282 356 362
1391 289 346 365
1392 297 342 361
1393 291 335 374
1394 296 340 364
1395 305 340 355
1396 304 330 366
1397 296 345 359
1398 306 348 346
1399 309 348 343
1400 311 349 340
1401 315 354 331
1402 308 345 347
1403 308 352 340
1404 293 362 345
1405 288 362 350
1406 289 364 347
1407 288 363 349
1408 288 363 349
1409 294 358 348
1410 287 361 352
1411 283 361 356
1412 303 355 342
1413 319 335 346
1414 320 317 363
1415 323 317 360
1416 335 314 351
1417 336 307 357
1418 337 303 360
1419 337 302 361
1420 336 308 356
1421 336 329 335
1422 330 347 323
1423 332 353 315
1424 330 354 316
1425 334 363 303
1426 329 363 308
1427 336 369 295
1428 323 356 321
1429 312 348 340
1430 312 341 347
1431 314 335 351
1432 313 332 355
1433 317 324 359
1434 325 320 355
1435 338 306 356
1436 355 306 339
1437 359 297 344
1438 362 300 338
1439 356 303 341
1440 347 312 341
1441 340 329 331
1442 333 340 327
1443 312 361 327
1444 311 382 307
1445 305 392 303
1446 303 395 302
1447 293 394 313
1448 277 395 328
1449 275 394 331
1450 262 385 353
1451 245 377 378
1452 242 373 385
1453 239 366 395
1454 237 366 397
1455 244 369 387
1456 259 361 380
1457 262 347 391
1458 272 353 375
1459 272 351 377
1460 274 355 371
1461 278 360 362
1462 273 356 371
1463 278 358 364
1464 275 361 364
1465 275 378 347
1466 265 372 363
1467 262 384 354
1468 248 383 369
1469 261 392 347
1470 271 383 346
1471 267 371 362
1472 260 372 368
1473 271 362 367
1474 270 357 373
1475 286 346 368
1476 286 331 383
1477 297 322 381
1478 309 320 371
1479 316 320 364
1480 322 312 366
1481 321 316 363
1482 336 322 342
1483 357 318 325
1484 371 312 317
1485 376 307 317
1486 375 304 321
1487 371 305 324
1488 361 317 322
1489 350 323 327
1490 356 328 316
1491 362 326 312
1492 357 326 317
1493 355 336 309
1494 351 341 308
1495 350 344 306
1496 366 333 301
1497 362 311 327
1498 361 310 329
1499 347 313 340
1500 340 327 333
1501 328 324 348
1502 330 331 339
1503 338 326 336
1504 357 329 314
1505 372 332 296
1506 376 318 306
1507 374 311 315
1508 385 299 316
1509 384 291 325
1510 384 285 331
1511 375 290 335
1512 365 296 339
1513 368 303 329
1514 363 314 323
1515 366 326 308
1516 370 335 295
1517 381 339 280
1518 383 334 283
1519 385 327 288
1520 380 319 301
1521 370 317 313
1522 359 316 325
1523 348 315 337
1524 358 317 325
1525 365 303 332
1526 372 301 327
1527 380 301 319
1528 387 301 312
1529 395 296 309
1530 404 289 307
1531 401 281 318
1532 394 282 324
1533 384 303 313
1534 374 315 311
1535 374 325 301
1536 381 325 294
1537 383 323 294
1538 388 328 284
1539 389 331 280
1540 367 329 304
1541 355 330 315
1542 340 330 330
1543 341 335 324
1544 328 334 338
1545 322 349 329
1546 320 350 330
1547 334 349 317
1548 343 337 320
1549 351 327 322
1550 363 319 318
1551 357 302 341
1552 344 309 347
1553 350 307 343
1554 353 300 347
1555 354 298 348
1556 360 309 331
1557 362 313 325
1558 374 319 307
1559 368 324 308
1560 365 323 312
1561 357 328 315
1562 350 343 307
1563 332 352 316
1564 325 359 316
1565 320 362 318
1566 307 361 332
1567 307 369 324
1568 313 370 317
1569 304 359 337
1570 295 353 352
1571 304 353 343
1572 308 337 355
1573 305 330 365
1574 306 334 360
1575 314 325 361
1576 331 316 353
1577 354 310 336
1578 371 293 336
1579 375 276 349
1580 362 288 350
1581 343 308 349
1582 337 323 340
1583 324 338 338
1584 316 360 324
1585 311 374 315
1586 318 396 286
1587 305 406 289
1588 291 407 302
1589 294 401 305
1590 286 383 331
1591 291 376 333
1592 279 349 372
1593 267 347 386
1594 260 337 403
1595 272 334 394
1596 278 321 401
1597 300 321 379
1598 304 317 379
1599 325 320 355
1600 330 326 344
1601 337 323 340
1602 329 326 345
1603 328 337 335
1604 334 351 315
1605 306 345 349
1606 295 377 328
1607 274 385 341
1608 273 400 327
1609 256 404 340
1610 237 418 345
1611 227 426 347
1612 228 422 350
1613 220 427 353
1614 224 403 373
1615 217 391 392
1616 224 383 393
1617 225 372 403
1618 225 357 418
1619 241 349 410
1620 245 337 418
1621 274 328 398
1622 293 323 384
1623 305 316 379
1624 303 312 385
1625 312 325 363
1626 332 331 337
1627 335 319 346
1628 329 328 343
1629 316 343 341
1630 302 361 337
1631 292 382 326
1632 277 396 327
1633 257 398 345
1634 251 412 337
1635 226 430 344
1636 213 446 341
1637 207 444 349
1638 199 432 369
1639 209 419 372
1640 210 395 395
1641 207 392 401
1642 206 381 413
1643 217 364 419
1644 221 337 442
1645 231 335 434
1646 242 337 421
1647 252 339 409
1648 265 353 382
1649 286 343 371
1650 306 333 361
1651 317 330 353
1652 322 346 332
1653 310 343 347
1654 298 353 349
1655 275 363 362
1656 269 372 359
1657 269 388 343
1658 248 398 354
1659 219 422 359
1660 214 435 351
1661 210 443 347
1662 222 437 341
1663 224 415 361
1664 210 404 386
1665 203 402 395
1666 195 399 406
1667 206 383 411
1668 218 359 423
1669 233 339 428
1670 255 330 415
1671 269 330 401
1672 268 327 405
1673 262 330 408
1674 278 339 383
1675 286 339 375
1676 307 355 338
1677 309 354 337
1678 300 361 339
1679 303 370 327
1680 312 370 318
1681 307 358 335
1682 307 354 339
1683 292 354 354
1684 273 353 374
1685 256 373 371
1686 247 383 370
1687 248 383 369
1688 252 382 366
1689 267 390 343
1690 263 379 358
1691 269 383 348
1692 257 378 365
1693 270 370 360
1694 277 347 376
1695 273 340 387
1696 270 345 385
1697 272 340 388
1698 272 349 379
1699 280 345 375
1700 283 342 375
1701 304 347 349
1702 292 349 359
1703 294 368 338
1704 293 361 346
1705 285 367 348
1706 281 366 353
1707 276 374 350
1708 260 382 358
1709 249 393 358
1710 229 402 369
1711 231 403 366
1712 228 408 364
1713 238 405 357
1714 248 396 356
1715 252 378 370
1716 256 366 378
1717 258 351 391
1718 260 340 400
1719 240 337 423
1720 253 352 395
1721 255 342 403
1722 262 349 389
1723 268 360 372
1724 288 366 346
1725 299 361 340
1726 308 361 331
1727 303 355 342
1728 309 345 346
1729 305 349 346
1730 292 346 362
1731 291 348 361
1732 291 343 366
1733 295 348 357
1734 306 344 350
1735 319 339 342
1736 312 336 352
1737 305 339 356
1738 303 349 348
1739 303 349 348
1740 309 354 337
1741 302 343 355
1742 306 354 340
1743 308 355 337
1744 309 356 335
1745 312 352 336
1746 323 339 338
1747 321 328 351
1748 329 325 346
1749 306 328 366
1750 303 340 357
1751 302 342 356
1752 295 342 363
1753 308 353 339
1754 308 353 339
1755 311 364 325
1756 309 364 327
1757 319 363 318
1758 322 341 337
1759 321 336 343
1760 317 337 346
1761 314 330 356
1762 301 333 366
1763 300 335 365
1764 302 336 362
1765 325 335 340
1766 326 334 340
1767 329 338 333
1768 344 334 322
1769 333 326 341
1770 340 334 326
1771 341 325 334
1772 330 323 347
1773 328 335 337
1774 318 338 344
1775 321 344 335
1776 314 345 341
1777 308 360 332
1778 312 358 330
1779 316 363 321
1780 310 361 329
1781 311 355 334
1782 311 351 338
1783 309 345 346
1784 313 346 341
1785 328 327 345
1786 326 314 360
1787 327 311 362
1788 341 312 347
1789 332 304 364
1790 335 317 348
1791 330 320 350
1792 341 324 335
1793 352 332 316
1794 353 334 313
1795 354 336 310
1796 356 334 310
1797 348 340 312
1798 342 335 323
1799 330 338 332
1800 315 346 339
1801 296 353 351
1802 290 370 340
1803 282 374 344
1804 264 384 352
1805 265 396 339
1806 265 400 335
1807 255 397 348
1808 244 399 357
1809 236 403 361
1810 229 394 377
1811 218 397 385
1812 209 398 393
1813 208 395 397
1814 209 392 399
1815 213 394 393
1816 218 388 394
1817 228 379 393
1818 237 378 385
1819 247 366 387
1820 262 355 383
1821 259 343 398
1822 265 349 386
1823 277 341 382
1824 287 335 378
1825 289 334 377
1826 300 333 367
1827 315 334 351
1828 329 330 341
1829 325 328 347
1830 331 326 343
1831 328 328 344
1832 321 337 342
1833 311 345 344
1834 297 356 347
1835 278 369 353
1836 273 392 335
1837 267 399 334
1838 267 407 326
1839 268 405 327
1840 274 395 331
1841 271 381 348
1842 254 373 373
1843 249 377 374
1844 246 359 395
1845 244 355 401
1846 247 349 404
1847 255 348 397
1848 259 350 391
1849 263 360 377
1850 262 364 374
1851 269 361 370
1852 265 372 363
1853 265 380 355
1854 264 386 350
1855 263 388 349
1856 256 387 357
1857 256 384 360
1858 278 380 342
1859 279 361 360
1860 283 349 368
1861 294 337 369
1862 296 320 384
1863 304 316 380
1864 308 309 383
1865 313 308 379
1866 325 307 368
1867 329 314 357
1868 336 322 342
1869 350 327 323
1870 356 330 314
1871 350 328 322
1872 341 341 318
1873 340 351 309
1874 324 353 323
1875 325 362 313
1876 324 353 323
1877 312 349 339
1878 301 358 341
1879 302 371 327
1880 301 357 342
1881 306 348 346
1882 301 341 358
1883 297 337 366
1884 301 350 349
1885 309 350 341
1886 308 333 359
1887 316 321 363
1888 324 327 349
1889 326 328 346
1890 346 333 321
1891 349 317 334
1892 349 301 350
1893 359 301 340
1894 367 308 325
1895 361 312 327
1896 355 312 333
1897 347 317 336
1898 341 320 339
1899 333 342 325
1900 312 366 322
1901 289 387 324
1902 283 403 314
1903 270 405 325
1904 266 418 316
1905 257 417 326
1906 247 423 330
1907 242 411 347
1908 251 392 357
1909 251 362 387
1910 258 346 396
1911 257 337 406
1912 265 325 410
1913 277 318 405
1914 299 300 401
1915 320 290 390
1916 345 288 367
1917 364 293 343
1918 363 290 347
1919 372 300 328
1920 370 303 327
1921 378 312 310
1922 370 322 308
1923 354 340 306
1924 339 358 303
1925 338 368 294
1926 332 372 296
1927 333 368 299
1928 335 364 301
1929 326 353 321
1930 312 352 336
1931 304 348 348
1932 292 338 370
1933 288 340 372
1934 299 340 361
1935 307 333 360
1936 311 329 360
1937 306 336 358
1938 309 342 349
1939 330 343 327
1940 327 332 341
1941 319 333 348
1942 318 341 341
1943 328 349 323
1944 334 343 323
1945 339 330 331
1946 346 319 335
1947 355 311 334
1948 346 313 341
1949 349 321 330
1950 348 310 342
1951 336 303 361
1952 329 321 350
1953 327 341 332
1954 318 354 328
1955 303 371 326
1956 311 384 305
1957 304 368 328
1958 298 386 316
1959 282 399 319
1960 278 397 325
1961 274 381 345
1962 266 372 362
1963 265 363 372
1964 276 351 373
1965 263 356 381
1966 257 351 392
1967 271 344 385
1968 290 332 378
1969 300 329 371
1970 316 328 356
1971 331 321 348
1972 335 318 347
1973 351 309 340
1974 354 298 348
1975 356 302 342
1976 344 312 344
1977 348 327 325
1978 352 324 324
1979 341 327 332
1980 341 341 318
1981 329 350 321
1982 317 373 310
1983 315 381 304
1984 301 373 326
1985 291 372 337
1986 272 385 343
1987 250 401 349
1988 230 409 361
1989 221 420 359
1990 221 406 373
1991 231 398 371
1992 238 396 366
1993 235 390 375
1994 229 380 391
1995 240 370 390
1996 242 351 407
1997 268 338 394
1998 282 326 392
1999 278 320 402
2000 292 326 382
2001 298 318 384
2002 313 322 365
2003 321 317 362
2004 326 328 346
2005 331 336 333
2006 322 343 335
2007 318 358 324
2008 317 356 327
2009 322 365 313
2010 334 356 310
2011 331 349 320
2012 332 341 327
2013 327 332 341
2014 326 330 344
2015 331 316 353
2016 331 313 356
2017 341 304 355
2018 342 303 355
2019 358 309 333
2020 372 301 327
2021 362 296 342
2022 366 308 326
2023 352 318 330
2024 345 335 320
2025 339 351 310
2026 319 358 323
2027 301 372 327
2028 287 398 315
2029 277 417 306
2030 268 415 317
2031 254 414 332
2032 227 411 362
2033 215 422 363
2034 205 427 368
2035 195 423 382
2036 184 407 409
2037 195 399 406
2038 215 390 395
2039 234 371 395
2040 250 355 395
2041 262 328 410
2042 281 311 408
2043 299 296 405
2044 321 294 385
2045 334 280 386
2046 341 276 383
2047 349 288 363
2048 360 296 344
2049 362 312 326
2050 368 327 305
2051 356 336 308
2052 351 350 299
2053 340 369 291
2054 308 384 308
2055 294 404 302
2056 278 410 312
2057 268 410 322
2058 247 405 348
2059 245 417 338
2060 230 405 365
2061 222 401 377
2062 216 394 390
2063 226 380 394
2064 232 364 404
2065 238 358 404
2066 248 357 395
2067 257 335 408
2068 278 338 384
2069 286 321 393
2070 314 320 366
2071 326 306 368
2072 327 310 363
2073 314 315 371
2074 330 329 341
2075 319 335 346
2076 320 343 337
2077 318 359 323
2078 318 362 320
2079 309 376 315
2080 312 381 307
2081 310 373 317
2082 298 361 341
2083 292 367 341
2084 289 365 346
2085 286 352 362
2086 286 352 362
2087 295 338 367
2088 315 324 361
2089 343 312 345
2090 353 296 351
2091 367 280 353
2092 376 268 356
2093 391 272 337
2094 392 257 351
2095 388 270 342
2096 369 288 343
2097 351 319 330
2098 365 353 282
2099 380 355 265
2100 379 352 269
2101 385 349 266
2102 386 358 256
2103 377 344 279
2104 370 335 295
2105 358 311 331
2106 353 289 358
2107 348 292 360
2108 346 300 354
2109 341 305 354
2110 341 301 358
2111 361 315 324
2112 382 304 314
2113 397 307 296
2114 382 314 304
2115 374 326 300
2116 345 326 329
2117 344 350 306
2118 333 355 312
2119 330 352 318
2120 316 366 318
2121 317 377 306
2122 319 369 312
2123 328 355 317
2124 335 346 319
2125 330 315 355
2126 341 315 344
2127 321 307 372
2128 334 313 353
2129 344 289 367
2130 367 287 346
2131 378 278 344
2132 413 276 311
2133 420 272 308
2134 431 265 304
2135 434 262 304
2136 441 253 306
2137 442 270 288
2138 439 271 290
2139 433 283 284
2140 427 291 282
2141 432 301 267
2142 432 303 265
2143 437 306 257
2144 422 310 268
2145 416 308 276
2146 382 313 305
2147 368 335 297
2148 352 341 307
2149 337 347 316
2150 317 360 323
2151 300 377 323
2152 301 390 309
2153 299 391 310
2154 293 388 319
2155 295 372 333
2156 294 364 342
2157 294 359 347
2158 276 346 378
2159 281 347 372
2160 270 329 401
2161 265 339 396
2162 275 347 378
2163 283 353 364
2164 268 353 379
2165 274 373 353
2166 280 380 340
2167 296 373 331
2168 285 375 340
2169 256 376 368
2170 254 397 349
2171 254 393 353
2172 253 393 354
2173 247 374 379
2174 254 373 373
2175 231 373 396
2176 229 394 377
2177 223 395 382
2178 231 380 389
2179 230 376 394
2180 256 377 367
2181 257 370 373
2182 262 370 368
2183 247 365 388
2184 262 359 379
2185 279 343 378
2186 276 341 383
2187 270 348 382
2188 256 353 391
2189 258 374 368
2190 259 372 369
2191 272 376 352
2192 280 369 351
2193 283 377 340
2194 273 376 351
2195 265 379 356
2196 238 382 380
2197 230 388 382
2198 213 398 389
2199 222 411 367
2200 212 409 379
2201 221 411 368
2202 231 403 366
2203 230 390 380
2204 241 388 371
2205 239 371 390
2206 238 363 399
2207 241 351 408
2208 249 350 401
2209 252 340 408
2210 255 345 400
2211 259 355 386
2212 273 353 374
2213 263 356 381
2214 266 374 360
2215 259 383 358
2216 260 391 349
2217 251 400 349
2218 241 404 355
2219 233 404 363
2220 226 414 360
2221 220 418 362
2222 217 406 377
2223 222 400 378
2224 216 387 397
2225 216 384 400
2226 237 380 383
2227 240 359 401
2228 247 346 407
2229 269 335 396
2230 274 325 401
2231 286 326 388
2232 281 327 392
2233 279 335 386
2234 265 341 394
2235 268 376 356
2236 264 386 350
2237 266 401 333
2238 255 409 336
2239 244 419 337
2240 240 429 331
2241 243 425 332
2242 223 416 361
2243 216 401 383
2244 214 398 388
2245 212 385 403
2246 226 379 395
2247 236 355 409
2248 259 335 406
2249 275 316 409
2250 292 309 399
2251 294 307 399
2252 298 308 394
2253 301 317 382
2254 313 320 367
2255 300 332 368
2256 302 365 333
2257 280 382 338
2258 272 411 317
2259 273 421 306
2260 258 419 323
2261 247 425 328
2262 238 433 329
2263 218 430 352
2264 190 417 393
2265 185 428 387
2266 193 404 403
2267 196 386 418
2268 206 385 409
2269 205 369 426
2270 204 362 434
2271 228 366 406
2272 234 355 411
2273 252 338 410
2274 267 344 389
2275 269 347 384
2276 284 346 370
2277 281 347 372
2278 264 357 379
2279 256 370 374
2280 258 389 353
2281 247 404 349
2282 242 409 349
2283 245 411 344
2284 241 409 350
2285 240 412 348
2286 250 403 347
2287 242 380 378
2288 235 369 396
2289 234 361 405
2290 247 357 396
2291 249 342 409
2292 240 342 418
2293 247 348 405
2294 272 350 378
2295 287 348 365
2296 287 344 369
2297 286 352 362
2298 275 357 368
2299 275 383 342
2300 255 383 362
2301 249 397 354
2302 217 401 382
2303 216 435 349
2304 213 440 347
2305 218 435 347
2306 206 425 369
2307 210 411 379
2308 226 407 367
2309 225 377 398
2310 214 374 412
2311 200 351 449
2312 213 360 427
2313 226 352 422
2314 244 349 407
2315 250 345 405
2316 277 343 380
2317 293 346 361
2318 313 333 354
2319 313 336 351
2320 322 327 351
2321 321 326 353
2322 301 330 369
2323 281 354 365
2324 261 376 363
2325 271 393 336
2326 287 396 317
2327 306 377 317
2328 303 367 330
2329 285 371 344
2330 270 385 345
2331 255 376 369
2332 246 369 385
2333 223 361 416
2334 222 381 397
2335 232 401 367
2336 232 401 367
2337 235 397 368
2338 251 380 369
2339 268 373 359
2340 269 363 368
2341 249 370 381
2342 235 370 395
2343 218 364 418
2344 211 381 408
2345 222 392 386
2346 229 398 373
2347 226 398 376
2348 226 411 363
2349 237 404 359
2350 240 393 367
2351 229 396 375
2352 226 390 384
2353 218 382 400
2354 218 384 398
2355 216 384 400
2356 219 373 408
2357 229 377 394
2358 222 378 400
2359 231 382 387
2360 232 379 389
2361 236 386 378
2362 227 380 393
2363 231 389 380
2364 225 396 379
2365 218 398 384
2366 216 404 380
2367 227 402 371
2368 219 394 387
2369 221 395 384
2370 217 399 384
2371 198 394 408
2372 202 406 392
2373 203 400 397
2374 209 393 398
2375 215 389 396
2376 223 391 386
2377 221 382 397
2378 237 380 383
2379 246 369 385
2380 257 348 395
2381 270 343 387
2382 277 337 386
2383 274 334 392
2384 273 335 392
2385 279 345 376
2386 284 341 375
2387 297 347 356
2388 296 355 349
2389 307 361 332
2390 308 356 336
2391 305 358 337
2392 295 360 345
2393 294 360 346
2394 283 365 352
2395 273 370 357
2396 257 372 371
2397 252 382 366
2398 247 392 361
2399 248 395 357
2400 268 392 340
2401 277 372 351
2402 276 358 366
2403 286 354 360
2404 302 342 356
2405 309 316 375
2406 320 299 381
2407 335 285 380
2408 362 273 365
2409 371 266 363
2410 373 271 356
2411 386 273 341
2412 403 272 325
2413 402 281 317
2414 408 299 293
2415 400 307 293
2416 383 327 290
2417 360 351 289
2418 362 369 269
2419 359 365 276
2420 332 369 299
2421 314 387 299
2422 300 387 313
2423 274 393 333
2424 262 399 339
2425 267 387 346
2426 278 364 358
2427 276 357 367
2428 279 355 366
2429 292 334 374
2430 299 321 380
2431 309 308 383
2432 322 292 386
2433 336 291 373
2434 333 300 367
2435 339 310 351
2436 361 306 333
2437 372 305 323
2438 373 307 320
2439 384 319 297
2440 365 324 311
2441 351 344 305
2442 335 349 316
2443 328 355 317
2444 317 366 317
2445 304 378 318
2446 286 389 325
2447 268 395 337
2448 251 408 341
2449 244 405 351
2450 249 407 344
2451 238 396 366
2452 231 396 373
2453 233 391 376
2454 235 378 387
2455 242 370 388
2456 266 350 384
2457 273 329 398
2458 276 320 404
2459 288 328 384
2460 287 316 397
2461 289 322 389
2462 300 333 367
2463 307 330 363
2464 330 343 327
2465 338 341 321
2466 333 342 325
2467 338 339 323
2468 333 346 321
2469 326 345 329
2470 329 341 330
2471 319 341 340
2472 315 338 347
2473 308 344 348
2474 326 350 324
2475 318 335 347
2476 327 336 337
2477 331 328 341
2478 324 328 348
2479 330 335 335
2480 312 332 356
2481 305 344 351
2482 296 345 359
2483 285 369 346
2484 293 379 328
2485 291 379 330
2486 292 381 327
2487 306 373 321
2488 297 362 341
2489 308 359 333
2490 300 347 353
2491 304 331 365
2492 305 317 378
2493 302 316 382
2494 304 317 379
2495 298 323 379
2496 308 340 352
2497 328 333 339
2498 338 325 337
2499 349 331 320
2500 336 334 330
2501 339 348 313
2502 336 344 320
2503 313 341 346
2504 319 347 334
2505 324 348 328
2506 320 351 329
2507 319 349 332
2508 312 347 341
2509 304 340 356
2510 301 352 347
2511 297 358 345
2512 297 356 347
2513 275 355 370
2514 277 374 349
2515 279 374 347
2516 288 374 338
2517 289 372 339
2518 300 359 341
2519 318 342 340
2520 320 326 354
2521 306 325 369
2522 304 320 376
2523 301 322 377
2524 300 325 375
2525 311 328 361
2526 323 330 347
2527 337 335 328
2528 320 337 343
2529 310 355 335
2530 299 370 331
2531 298 379 323
2532 286 377 337
2533 284 386 330
2534 279 386 335
2535 275 386 339
2536 272 388 340
2537 285 373 342
2538 282 345 373
2539 287 339 374
2540 290 336 374
2541 294 324 382
2542 302 320 378
2543 298 312 390
2544 313 314 373
2545 329 314 357
2546 342 326 332
2547 333 319 348
2548 340 331 329
2549 338 336 326
2550 320 342 338
2551 305 368 327
2552 296 381 323
2553 267 390 343
2554 272 407 321
2555 270 409 321
2556 271 399 330
2557 266 393 341
2558 263 392 345
2559 269 369 362
2560 269 350 381
2561 274 341 385
2562 275 319 406
2563 289 316 395
2564 304 312 384
2565 307 303 390
2566 340 301 359
2567 351 291 358
2568 349 299 352
2569 360 310 330
2570 356 321 323
2571 344 328 328
2572 328 344 328
2573 307 369 324
2574 288 392 320
2575 266 421 313
2576 257 435 308
2577 239 433 328
2578 234 440 326
2579 229 438 333
2580 214 427 359
2581 204 417 379
2582 178 404 418
2583 186 401 413
2584 198 379 423
2585 215 369 416
2586 228 345 427
2587 233 334 433
2588 240 340 420
2589 257 343 400
2590 261 339 400
2591 279 338 383
2592 272 342 386
2593 286 359 355
2594 275 369 356
2595 271 391 338
2596 278 389 333
2597 280 379 341
2598 283 381 336
2599 271 379 350
2600 271 387 342
2601 267 370 363
2602 268 364 368
2603 275 341 384
2604 292 336 372
2605 305 329 366
2606 321 314 365
2607 332 300 368
2608 354 281 365
2609 366 276 358
2610 386 270 344
2611 389 273 338
2612 391 275 334
2613 398 280 322
2614 395 288 317
2615 392 305 303
2616 389 327 284
2617 375 335 290
2618 354 355 291
2619 346 373 281
2620 334 379 287
2621 323 386 291
2622 322 389 289
2623 307 373 320
2624 297 366 337
2625 288 368 344
2626 291 357 352
2627 302 336 362
2628 310 319 371
2629 319 304 377
2630 345 292 363
2631 362 282 356
2632 373 272 355
2633 388 259 353
2634 395 255 350
2635 411 269 320
2636 415 270 315
2637 436 281 283
2638 421 272 307
2639 423 297 280
2640 413 305 282
2641 403 328 269
2642 387 342 271
2643 363 344 293
2644 352 367 281
2645 342 367 291
2646 323 386 291
2647 328 380 292
2648 325 367 308
2649 324 347 329
2650 338 334 328
2651 325 318 357
2652 341 308 351
2653 329 292 379
2654 352 285 363
2655 366 268 366
2656 382 267 351
2657 401 271 328
2658 411 265 324
2659 416 271 313
2660 415 276 309
2661 409 293 298
2662 406 306 288
2663 386 326 288
2664 368 347 285
2665 352 361 287
2666 335 383 282
2667 349 394 257
2668 333 375 292
2669 329 374 297
2670 314 365 321
2671 299 360 341
2672 299 354 347
2673 296 340 364
2674 297 321 382
2675 303 309 388
2676 311 322 367
2677 315 315 370
2678 323 320 357
2679 336 317 347
2680 347 310 343
2681 363 313 324
2682 370 316 314
2683 364 321 315
2684 361 314 325
2685 366 324 310
2686 367 314 319
2687 374 316 310
2688 376 316 308
2689 366 311 323
2690 367 318 315
2691 374 312 314
2692 367 312 321
2693 374 309 317
2694 376 312 312
2695 379 308 313
2696 391 305 304
2697 390 298 312
2698 395 292 313
2699 395 293 312
2700 402 293 305
2701 389 289 322
2702 378 299 323
2703 370 314 316
2704 363 325 312
2705 355 339 306
2706 342 353 305
2707 342 365 293
2708 338 365 297
2709 336 373 291
2710 341 365 294
2711 338 345 317
2712 332 337 331
2713 338 329 333
2714 323 309 368
2715 329 312 359
2716 331 306 363
2717 348 296 356
2718 366 287 347
2719 369 289 342
2720 380 294 326
2721 404 291 305
2722 414 287 299
2723 404 274 322
2724 406 290 304
2725 392 298 310
2726 379 321 300
2727 376 332 292
2728 376 330 294
2729 363 333 304
2730 369 350 281
2731 348 357 295
2732 343 362 295
2733 325 359 316
2734 319 354 327
2735 317 349 334
2736 300 353 347
2737 294 367 339
2738 300 356 344
2739 313 343 344
2740 331 325 344
2741 345 310 345
2742 342 301 357
2743 328 309 363
2744 319 319 362
2745 313 314 373
2746 320 331 349
2747 327 337 336
2748 338 348 314
2749 353 352 295
2750 355 346 299
2751 358 336 306
2752 367 323 310
2753 358 319 323
2754 336 311 353
2755 329 327 344
2756 313 323 364
2757 306 335 359
2758 303 348 349
2759 303 361 336
2760 293 374 333
2761 292 388 320
2762 275 397 328
2763 275 398 327
2764 259 402 339
2765 255 406 339
2766 255 397 348
2767 259 384 357
2768 252 367 381
2769 253 360 387
2770 271 350 379
2771 274 331 395
2772 283 324 393
2773 279 311 410
2774 288 324 388
2775 314 328 358
2776 334 319 347
2777 352 306 342
2778 370 298 332
2779 373 299 328
2780 375 303 322
2781 356 314 330
2782 339 320 341
2783 329 333 338
2784 324 352 324
2785 323 370 307
2786 316 379 305
2787 305 385 310
2788 298 392 310
2789 310 388 302
2790 313 370 317
2791 283 354 363
2792 265 365 370
2793 253 365 382
2794 236 368 396
2795 217 379 404
2796 219 391 390
2797 239 393 368
2798 251 391 358
2799 257 395 348
2800 277 378 345
2801 289 358 353
2802 298 343 359
2803 304 323 373
2804 316 305 379
2805 323 291 386
2806 329 286 385
2807 358 276 366
2808 383 264 353
2809 396 259 345
2810 418 261 321
2811 449 259 292
2812 460 246 294
2813 467 249 284
2814 471 247 282
2815 477 253 270
2816 476 259 265
2817 470 265 265
2818 465 269 266
2819 469 276 255
2820 459 285 256
2821 452 292 256
2822 437 301 262
2823 424 310 266
2824 420 317 263
2825 408 315 277
2826 386 323 291
2827 361 338 301
2828 357 354 289
2829 348 351 301
2830 351 351 298
2831 345 339 316
2832 341 338 321
2833 352 344 304
2834 365 325 310
2835 372 297 331
2836 380 274 346
2837 379 269 352
2838 385 270 345
2839 381 276 343
2840 376 281 343
2841 381 280 339
2842 397 294 309
2843 410 306 284
2844 406 316 278
2845 399 325 276
2846 389 331 280
2847 393 335 272
2848 378 326 296
2849 359 342 299
2850 339 347 314
2851 329 355 316
2852 311 355 334
2853 314 364 322
2854 316 355 329
2855 316 349 335
2856 306 358 336
2857 300 352 348
2858 291 353 356
2859 295 354 351
2860 301 350 349
2861 310 335 355
2862 318 335 347
2863 306 333 361
2864 304 336 360
2865 316 344 340
2866 314 331 355
2867 320 332 348
2868 316 330 354
2869 304 349 347
2870 300 361 339
2871 316 367 317
2872 325 348 327
2873 326 331 343
2874 325 343 332
2875 306 343 351
2876 289 364 347
2877 290 362 348
2878 270 349 381
2879 286 363 351
2880 301 366 333
2881 304 368 328
2882 323 353 324
2883 327 334 339
2884 336 309 355
2885 335 302 363
2886 332 316 352
2887 324 305 371
2888 323 310 367
2889 328 309 363
2890 342 319 339
2891 362 324 314
2892 363 329 308
2893 349 335 316
2894 362 335 303
2895 336 333 331
2896 325 354 321
2897 321 366 313
2898 307 360 333
2899 307 369 324
2900 314 364 322
2901 334 351 315
2902 350 331 319
2903 348 317 335
2904 355 298 347
2905 363 279 358
2906 356 277 367
2907 344 275 381
2908 352 292 356
2909 360 297 343
2910 370 309 321
2911 387 313 300
2912 398 315 287
2913 399 323 278
2914 407 324 269
2915 411 318 271
2916 417 297 286
2917 406 286 308
2918 401 285 314
2919 403 286 311
2920 394 282 324
2921 388 283 329
2922 401 288 311
2923 423 281 296
2924 434 280 286
2925 442 280 278
2926 430 273 297
2927 424 284 292
2928 422 294 284
2929 418 295 287
2930 414 294 292
2931 392 305 303
2932 382 328 290
2933 384 338 278
2934 363 343 294
2935 367 353 280
2936 368 339 293
2937 357 337 306
2938 337 349 314
2939 320 358 322
2940 320 352 328
2941 316 342 342
2942 313 341 346
2943 319 334 347
2944 318 342 340
2945 314 345 341
2946 311 337 352
2947 317 331 352
2948 305 331 364
2949 302 353 345
2950 321 357 322
2951 313 345 342
2952 299 345 356
2953 295 356 349
2954 298 368 334
2955 298 371 331
2956 289 371 340
2957 284 358 358
2958 293 359 348
2959 281 362 357
2960 264 374 362
2961 259 380 361
2962 253 373 374
2963 253 376 371
2964 265 376 359
2965 267 377 356
2966 259 374 367
2967 254 379 367
2968 271 372 357
2969 288 349 363
2970 299 339 362
2971 306 325 369
2972 309 318 373
2973 323 314 363
2974 325 303 372
2975 335 296 369
2976 354 293 353
2977 368 297 335
2978 371 293 336
2979 363 304 333
2980 351 319 330
2981 333 335 332
2982 330 364 306
2983 339 374 287
2984 325 368 307
2985 322 378 300
2986 298 385 317
2987 294 398 308
2988 282 387 331
2989 262 383 355
2990 252 374 374
2991 258 374 368
2992 254 374 372
2993 235 368 397
2994 241 380 379
2995 251 361 388
2996 262 362 376
2997 277 355 368
2998 279 349 372
2999 269 347 384
3000 273 357 370
3001 264 359 377
3002 270 356 374
3003 259 369 372
3004 255 379 366
3005 252 390 358
3006 241 399 360
3007 239 412 349
3008 241 404 355
3009 252 400 348
3010 240 392 368
3011 236 391 373
3012 225 385 390
3013 214 385 401
3014 213 387 400
3015 232 375 393
3016 233 364 403
3017 237 367 396
3018 252 371 377
3019 273 357 370
3020 271 342 387
3021 262 344 394
3022 269 351 380
3023 252 356 392
3024 253 384 363
3025 242 380 378
3026 239 387 374
3027 240 404 356
3028 254 418 328
3029 254 402 344
3030 265 395 340
3031 242 379 379
3032 256 374 370
3033 270 364 366
3034 266 343 391
3035 265 330 405
3036 284 317 399
3037 296 314 390
3038 298 309 393
3039 313 323 364
3040 323 313 364
3041 329 313 358
3042 333 328 339
3043 324 337 339
3044 320 359 321
3045 329 366 305
3046 325 362 313
3047 335 352 313
3048 320 352 328
3049 294 367 339
3050 283 378 339
3051 262 380 358
3052 259 379 362
3053 274 375 351
3054 274 364 362
3055 272 374 354
3056 264 376 360
3057 258 369 373
3058 276 364 360
3059 281 344 375
3060 276 340 384
3061 265 349 386
3062 250 371 379
3063 243 376 381
3064 243 381 376
3065 254 388 358
3066 268 382 350
3067 277 388 335
3068 278 383 339
3069 261 373 366
3070 255 368 377
3071 247 369 384
3072 241 372 387
3073 248 371 381
3074 241 370 389
3075 253 371 376
3076 256 364 380
3077 273 371 356
3078 295 359 346
3079 302 336 362
3080 296 326 378
3081 289 333 378
3082 273 341 386
3083 263 356 381
3084 245 373 382
3085 256 384 360
3086 272 385 343
3087 285 392 323
3088 282 389 329
3089 279 385 336
3090 262 380 358
3091 256 382 362
3092 250 371 379
3093 234 366 400
3094 212 381 407
3095 203 396 401
3096 211 408 381
3097 218 404 378
3098 236 402 362
3099 261 382 357
3100 284 368 348
3101 289 350 361
3102 282 330 388
3103 283 322 395
3104 287 309 404
3105 292 309 399
3106 298 306 396
3107 298 320 382
3108 298 334 368
3109 307 352 341
3110 317 363 320
3111 318 361 321
3112 307 373 320
3113 301 384 315
3114 281 393 326
3115 259 399 342
3116 238 407 355
3117 223 410 367
3118 226 414 360
3119 220 413 367
3120 231 407 362
3121 245 385 370
3122 253 362 385
3123 258 348 394
3124 267 335 398
3125 276 323 401
3126 274 310 416
3127 284 313 403
3128 293 309 398
3129 305 322 373
3130 310 333 357
3131 325 342 333
3132 325 340 335
3133 323 352 325
3134 311 367 322
3135 301 376 323
3136 280 390 330
3137 269 398 333
3138 261 398 341
3139 251 397 352
3140 260 409 331
3141 249 388 363
3142 257 384 359
3143 249 367 384
3144 263 361 376
3145 257 339 404
3146 275 345 380
3147 266 328 406
3148 279 325 396
3149 289 333 378
3150 300 327 373
3151 303 333 364
3152 309 336 355
3153 296 352 352
3154 308 359 333
3155 306 364 330
3156 295 369 336
3157 290 372 338
3158 295 383 322
3159 294 372 334
3160 283 370 347
3161 291 365 344
3162 277 350 373
3163 286 359 355
3164 291 345 364
3165 284 337 379
3166 282 333 385
3167 293 346 361
3168 295 337 368
3169 309 340 351
3170 301 341 358
3171 315 340 345
3172 303 340 357
3173 317 360 323
3174 303 350 347
3175 313 351 336
3176 311 350 339
3177 310 349 341
3178 315 349 336
3179 311 345 344
3180 298 349 353
3181 304 342 354
3182 298 346 356
3183 296 351 353
3184 300 354 346
3185 283 351 366
3186 284 368 348
3187 277 371 352
3188 278 374 348
3189 281 380 339
3190 283 373 344
3191 259 366 375
3192 260 387 353
3193 248 389 363
3194 241 384 375
3195 228 388 384
3196 233 398 369
3197 216 387 397
3198 228 411 361
3199 229 406 365
3200 211 384 405
3201 220 400 380
3202 222 396 382
3203 223 390 387
3204 224 379 397
3205 219 389 392
3206 214 370 416
3207 246 380 374
3208 251 370 379
3209 255 349 396
3210 258 349 393
3211 265 352 383
3212 271 356 373
3213 281 340 379
3214 280 349 371
3215 274 340 386
3216 290 356 354
3217 298 361 341
3218 292 353 355
3219 286 356 358
3220 289 358 353
3221 279 371 350
3222 282 372 346
3223 264 378 358
3224 264 380 356
3225 258 375 367
3226 260 389 351
3227 262 384 354
3228 252 380 368
3229 265 377 358
3230 256 363 381
3231 262 366 372
3232 261 358 381
3233 258 364 378
3234 253 353 394
3235 251 363 386
3236 254 369 377
3237 259 369 372
3238 265 378 357
3239 276 369 355
3240 267 366 367
3241 269 369 362
3242 262 378 360
3243 263 375 362
3244 260 368 372
3245 248 371 381
3246 250 374 376
3247 240 381 379
3248 242 394 364
3249 232 389 379
3250 243 390 367
3251 247 382 371
3252 252 385 363
3253 241 377 382
3254 241 385 374
3255 240 378 382
3256 248 366 386
3257 263 363 374
3258 286 347 367
3259 296 332 372
3260 301 319 380
3261 308 322 370
3262 310 307 383
3263 322 312 366
3264 330 312 358
3265 335 307 358
3266 326 318 356
3267 334 342 324
3268 321 347 332
3269 336 357 307
3270 342 357 301
3271 330 346 324
3272 325 358 317
3273 305 368 327
3274 275 377 348
3275 257 383 360
3276 253 396 351
3277 257 390 353
3278 256 386 358
3279 250 398 352
3280 241 392 367
3281 251 391 358
3282 256 372 372
3283 240 361 399
3284 247 364 389
3285 245 363 392
3286 241 369 390
3287 250 361 389
3288 243 358 399
3289 255 366 379
3290 273 373 354
3291 270 366 364
3292 260 366 374
3293 251 377 372
3294 251 380 369
3295 253 388 359
3296 245 389 366
3297 232 389 379
3298 241 395 364
3299 250 393 357
3300 260 384 356
3301 276 363 361
3302 267 344 389
3303 263 345 392
3304 270 348 382
3305 275 341 384
3306 273 330 397
3307 297 334 369
3308 307 319 374
3309 325 330 345
3310 335 331 334
3311 337 320 343
3312 337 315 348
3313 332 322 346
3314 323 338 339
3315 320 343 337
3316 306 361 333
3317 301 364 335
3318 311 368 321
3319 317 369 314
3320 321 368 311
3321 307 357 336
3322 305 355 340
3323 292 352 356
3324 299 347 354
3325 286 337 377
3326 282 346 372
3327 283 349 368
3328 299 349 352
3329 318 344 338
3330 322 327 351
3331 317 326 357
3332 326 336 338
3333 313 337 350
3334 298 341 361
3335 296 353 351
3336 297 355 348
3337 311 359 330
3338 308 362 330
3339 299 366 335
3340 295 365 340
3341 287 368 345
3342 282 372 346
3343 277 365 358
3344 272 368 360
3345 272 369 359
3346 283 366 351
3347 297 351 352
3348 295 338 367
3349 303 337 360
3350 299 325 376
3351 297 336 367
3352 279 335 386
3353 263 352 385
3354 267 371 362
3355 268 382 350
3356 267 394 339
3357 276 396 328
3358 280 399 321
3359 279 384 337
3360 278 386 336
3361 250 370 380
3362 223 379 398
3363 199 395 406
3364 198 407 395
3365 188 406 406
3366 207 413 380
3367 204 409 387
3368 218 410 372
3369 225 412 363
3370 216 396 388
3371 213 389 398
3372 218 380 402
3373 209 376 415
3374 205 378 417
3375 207 386 407
3376 202 383 415
3377 228 386 386
3378 232 376 392
3379 243 379 378
3380 252 377 371
3381 248 372 380
3382 228 374 398
3383 228 386 386
3384 230 389 381
3385 234 384 382
3386 231 390 379
3387 235 390 375
3388 233 388 379
3389 235 395 370
3390 233 391 376
3391 243 381 376
3392 253 368 379
3393 253 363 384
3394 276 357 367
3395 282 334 384
3396 278 330 392
3397 286 327 387
3398 306 323 371
3399 311 313 376
3400 312 321 367
3401 302 325 373
3402 299 341 360
3403 299 367 334
3404 295 371 334
3405 285 378 337
3406 282 392 326
3407 274 405 321
3408 277 405 318
3409 277 398 325
3410 265 382 353
3411 274 368 358
3412 266 355 379
3413 267 356 377
3414 255 341 404
3415 247 340 413
3416 242 348 410
3417 254 360 386
3418 262 364 374
3419 273 370 357
3420 273 372 355
3421 283 371 346
3422 287 376 337
3423 277 373 350
3424 268 375 357
3425 258 372 370
3426 249 378 373
3427 246 381 373
3428 247 382 371
3429 244 382 374
3430 253 380 367
3431 260 374 366
3432 265 365 370
3433 272 363 365
3434 284 350 366
3435 286 335 379
3436 301 332 367
3437 313 317 370
3438 325 307 368
3439 333 301 366
3440 339 302 359
3441 356 298 346
3442 370 294 336
3443 371 295 334
3444 377 297 326
3445 380 306 314
3446 383 313 304
3447 380 316 304
3448 377 318 305
3449 362 325 313
3450 351 344 305
3451 339 354 307
3452 328 364 308
3453 318 366 316
3454 306 369 325
3455 306 378 316
3456 309 376 315
3457 303 366 331
3458 301 353 346
3459 304 345 351
3460 316 332 352
3461 316 318 366
3462 321 315 364
3463 325 301 374
3464 338 299 363
3465 345 296 359
3466 353 302 345
3467 367 302 331
3468 362 301 337
3469 370 320 310
3470 388 315 297
3471 387 311 302
3472 386 314 300
3473 379 318 303
3474 385 319 296
3475 371 313 316
3476 369 328 303
3477 366 311 323
3478 367 319 314
3479 380 322 298
3480 379 306 315
3481 389 303 308
3482 396 292 312
3483 405 291 304
3484 420 267 313
3485 413 269 318
3486 397 268 335
3487 408 281 311
3488 408 286 306
3489 405 289 306
3490 405 303 292
3491 415 304 281
3492 409 318 273
3493 413 322 265
3494 407 319 274
3495 391 312 297
3496 375 323 302
3497 362 336 302
3498 359 335 306
3499 352 337 311
3500 337 330 333
3501 335 341 324
3502 337 346 317
3503 330 351 319
3504 333 347 320
3505 336 331 333
3506 333 329 338
3507 348 330 322
3508 350 322 328
3509 361 309 330
3510 367 293 340
3511 370 282 348
3512 378 283 339
3513 372 291 337
3514 349 299 352
3515 346 321 333
3516 364 332 304
3517 371 327 302
3518 385 336 279
3519 378 333 289
3520 374 339 287
3521 379 335 286
3522 370 322 308
3523 356 309 335
3524 358 312 330
3525 335 315 350
3526 327 329 344
3527 329 340 331
3528 329 332 339
3529 337 336 327
3530 355 341 304
3531 346 336 318
3532 329 342 329
3533 325 356 319
3534 302 346 352
3535 311 358 331
3536 301 357 342
3537 296 363 341
3538 301 363 336
3539 301 363 336
3540 287 357 356
3541 296 357 347
3542 287 358 355
3543 284 355 361
3544 282 359 359
3545 282 355 363
3546 283 355 362
3547 293 354 353
3548 307 350 343
3549 315 336 349
3550 322 327 351
3551 330 323 347
3552 335 311 354
3553 349 310 341
3554 351 296 353
3555 351 295 354
3556 345 299 356
3557 344 319 337
3558 349 329 322
3559 349 328 323
3560 354 340 306
3561 354 336 310
3562 345 350 305
3563 332 360 308
3564 330 369 301
3565 317 351 332
3566 329 354 317
3567 319 343 338
3568 328 341 331
3569 314 336 350
3570 322 336 342
3571 328 318 354
3572 345 303 352
3573 354 304 342
3574 360 292 348
3575 359 297 344
3576 357 300 343
3577 353 307 340
3578 360 311 329
3579 369 322 309
3580 349 328 323
3581 342 347 311
3582 334 366 300
3583 320 369 311
3584 313 380 307
3585 318 380 302
3586 318 371 311
3587 314 360 326
3588 310 358 332
3589 312 343 345
3590 317 322 361
3591 323 314 363
3592 331 297 372
3593 345 289 366
3594 353 284 363
3595 353 287 360
3596 379 289 332
3597 395 278 327
3598 402 283 315
3599 417 284 299
3600 416 286 298
3601 423 295 282
3602 421 293 286
3603 412 292 296
3604 415 299 286
3605 406 307 287
3606 404 311 285
3607 396 312 292
3608 396 318 286
3609 389 309 302
3610 379 318 303
3611 383 329 288
3612 370 318 312
3613 361 323 316
3614 358 328 314
3615 359 330 311
3616 366 323 311
3617 363 325 312
3618 367 319 314
3619 368 304 328
3620 356 314 330
3621 367 321 312
3622 353 305 342
3623 353 317 330
3624 332 324 344
3625 325 343 332
3626 323 356 321
3627 322 373 305
3628 330 364 306
3629 331 349 320
3630 336 364 300
3631 336 347 317
3632 336 340 324
3633 332 321 347
3634 326 312 362
3635 326 301 373
3636 329 310 361
3637 323 322 355
3638 331 313 356
3639 330 322 348
3640 337 330 333
3641 336 342 322
3642 329 352 319
3643 317 370 313
3644 307 373 320
3645 310 371 319
3646 289 377 334
3647 269 389 342
3648 270 401 329
3649 261 388 351
3650 255 387 358
3651 268 375 357
3652 286 359 355
3653 291 343 366
3654 290 332 378
3655 300 321 379
3656 305 299 396
3657 314 307 379
3658 332 299 369
3659 339 293 368
3660 346 302 352
3661 351 311 338
3662 360 317 323
3663 371 319 310
3664 371 330 299
3665 378 322 300
3666 373 323 304
3667 364 334 302
3668 353 334 313
3669 353 336 311
3670 364 330 306
3671 367 317 316
3672 376 303 321
3673 388 302 310
3674 392 289 319
3675 398 274 328
3676 407 268 325
3677 420 257 323
3678 436 250 314
3679 453 247 300
3680 452 244 304
3681 451 246 303
3682 457 260 283
3683 465 269 266
3684 460 267 273
3685 447 283 270
3686 449 303 248
3687 454 304 242
3688 457 302 241
3689 454 297 249
3690 453 286 261
3691 460 278 262
3692 449 273 278
3693 434 268 298
3694 425 263 312
3695 405 271 324
3696 385 293 322
3697 390 318 292
3698 392 324 284
3699 387 330 283
3700 394 340 266
3701 398 338 264
3702 376 339 285
3703 357 353 290
3704 343 350 307
3705 336 339 325
3706 326 340 334
3707 313 344 343
3708 313 347 340
3709 311 349 340
3710 310 350 340
3711 313 337 350
3712 317 337 346
3713 305 344 351
3714 296 355 349
3715 284 360 356
3716 268 369 363
3717 265 383 352
3718 280 385 335
3719 285 383 332
3720 283 378 339
3721 291 373 336
3722 293 354 353
3723 282 347 371
3724 272 349 379
3725 283 345 372
3726 276 332 392
3727 290 341 369
3728 307 332 361
3729 330 320 350
3730 345 316 339
3731 365 308 327
3732 380 286 334
3733 384 275 341
3734 372 284 344
3735 382 287 331
3736 391 286 323
3737 377 289 334
3738 371 307 322
3739 389 321 290
3740 402 325 273
3741 395 323 282
3742 397 321 282
3743 399 316 285
3744 399 315 286
3745 388 312 300
3746 381 305 314
3747 383 298 319
3748 373 292 335
3749 379 304 317
3750 391 300 309
3751 387 293 320
3752 383 298 319
3753 389 305 306
3754 391 306 303
3755 377 311 312
3756 379 331 290
3757 376 317 307
3758 373 324 303
3759 360 334 306
3760 361 342 297
3761 366 334 300
3762 375 328 297
3763 364 314 322
3764 362 305 333
3765 354 321 325
3766 352 322 326
3767 358 314 328
3768 353 300 347
3769 343 313 344
3770 351 329 320
3771 357 335 308
3772 352 338 310
3773 358 327 315
3774 353 320 327
3775 360 333 307
3776 343 340 317
3777 322 344 334
3778 308 349 343
3779 306 357 337
3780 305 356 339
3781 305 368 327
3782 295 375 330
3783 284 372 344
3784 282 376 342
3785 290 374 336
3786 276 361 363
3787 275 367 358
3788 277 369 354
3789 282 355 363
3790 289 343 368
3791 289 339 372
3792 295 335 370
3793 316 331 353
3794 325 323 352
3795 326 308 366
3796 333 305 362
3797 330 312 358
3798 334 327 339
3799 333 327 340
3800 335 332 333
3801 326 334 340
3802 333 351 316
3803 341 359 300
3804 339 354 307
3805 325 349 326
3806 322 348 330
3807 317 351 332
3808 318 351 331
3809 299 348 353
3810 292 350 358
3811 298 349 353
3812 309 348 343
3813 317 342 341
3814 325 335 340
3815 314 324 362
3816 309 335 356
3817 305 343 352
3818 293 345 362
3819 278 358 364
3820 270 374 356
3821 265 388 347
3822 274 400 326
3823 270 402 328
3824 269 395 336
3825 268 388 344
3826 266 387 347
3827 238 376 386
3828 230 388 382
3829 230 382 388
3830 223 370 407
3831 239 375 386
3832 251 366 383
3833 256 361 383
3834 272 357 371
3835 286 352 362
3836 282 326 392
3837 283 336 381
3838 275 347 378
3839 282 350 368
3840 283 352 365
3841 300 356 344
3842 308 343 349
3843 336 340 324
3844 328 338 334
3845 328 336 336
3846 316 325 359
3847 302 334 364
3848 283 346 371
3849 277 361 362
3850 270 380 350
3851 252 390 358
3852 255 410 335
3853 258 409 333
3854 254 417 329
3855 244 412 344
3856 220 410 370
3857 215 419 366
3858 204 405 391
3859 196 406 398
3860 198 394 408
3861 199 393 408
3862 208 384 408
3863 225 380 395
3864 248 365 387
3865 262 333 405
3866 271 333 396
3867 278 323 399
3868 293 328 379
3869 300 314 386
3870 310 316 374
3871 315 310 375
3872 320 320 360
3873 311 347 342
3874 306 356 338
3875 300 371 329
3876 302 372 326
3877 291 384 325
3878 280 393 327
3879 271 410 319
3880 258 409 333
3881 261 395 344
3882 255 383 362
3883 266 374 360
3884 263 362 375
3885 256 353 391
3886 261 351 388
3887 267 329 404
3888 294 324 382
3889 303 311 386
3890 317 314 369
3891 323 309 368
3892 325 315 360
3893 334 322 344
3894 348 315 337
3895 339 323 338
3896 340 337 323
3897 321 349 330
3898 317 365 318
3899 313 374 313
3900 303 372 325
3901 314 375 311
3902 301 371 328
3903 294 376 330
3904 288 369 343
3905 284 363 353
3906 289 351 360
3907 296 337 367
3908 299 332 369
3909 302 326 372
3910 308 327 365
3911 319 316 365
3912 328 312 360
3913 354 309 337
3914 356 295 349
3915 359 307 334
3916 349 309 342
3917 346 325 329
3918 352 327 321
3919 345 332 323
3920 335 343 322
3921 335 356 309
3922 319 370 311
3923 319 374 307
3924 319 372 309
3925 324 356 320
3926 325 349 326
3927 317 343 340
3928 311 340 349
3929 288 333 379
3930 282 342 376
3931 271 344 385
3932 277 357 366
3933 279 367 354
3934 285 372 343
3935 297 372 331
3936 305 363 332
3937 298 362 340
3938 305 360 335
3939 301 351 348
3940 297 342 361
3941 285 336 379
3942 271 343 386
3943 279 357 364
3944 286 358 356
3945 304 352 344
3946 312 336 352
3947 310 337 353
3948 319 348 333
3949 302 345 353
3950 283 355 362
3951 266 360 374
3952 264 376 360
3953 269 384 347
3954 261 395 344
3955 260 402 338
3956 252 392 356
3957 255 403 342
3958 266 390 344
3959 257 374 369
3960 252 367 381
3961 242 364 394
3962 246 363 391
3963 259 352 389
3964 266 349 385
3965 273 331 396
3966 277 337 386
3967 290 349 361
3968 281 343 376
3969 274 355 371
3970 277 363 360
3971 266 371 363
3972 271 385 344
3973 268 398 334
3974 256 395 349
3975 255 395 350
3976 239 402 359
3977 232 406 362
3978 225 405 370
3979 224 404 372
3980 217 391 392
3981 225 385 390
3982 230 380 390
3983 235 375 390
3984 247 363 390
3985 257 347 396
3986 263 338 399
3987 281 333 386
3988 292 328 380
3989 281 323 396
3990 291 339 370
3991 295 334 371
3992 301 342 357
3993 311 352 337
3994 310 351 339
3995 303 357 340
3996 298 369 333
3997 284 379 337
3998 298 377 325
3999 295 368 337
