p=0.125 p_inf=0.1 time series=0,1,9,17
Format is t, #suscepted, #infected, #recovered
0 999 1 0
1 999 1 0
2 998 1 1
3 996 2 2
4 991 4 5
5 986 9 5
6 973 14 13
7 955 27 18
8 929 44 27
9 889 70 41
10 826 110 64
11 747 172 81
12 641 249 110
13 494 350 156
14 355 492 153
15 211 618 171
16 117 745 138
17 65 813 122
18 33 825 142
19 16 795 189
20 14 735 251
21 12 636 352
22 24 496 480
23 37 358 605
24 57 218 725
25 94 130 776
26 148 81 771
27 212 57 731
28 308 53 639
29 441 56 503
30 561 63 376
31 667 81 252
32 700 115 185
33 678 170 152
34 614 241 145
35 493 329 178
36 378 454 168
37 255 566 179
38 159 682 159
39 92 760 148
40 52 793 155
41 32 778 190
42 29 727 244
43 41 642 317
44 44 505 451
45 51 390 559
46 62 267 671
47 89 178 733
48 139 118 743
49 198 83 719
50 272 75 653
51 387 86 527
52 464 108 428
53 543 146 311
54 572 190 238
55 560 250 190
56 509 322 169
57 387 408 205
58 283 538 179
59 174 631 195
60 101 718 181
61 60 753 187
62 48 750 202
63 38 702 260
64 33 640 327
65 41 559 400
66 57 421 522
67 70 312 618
68 106 212 682
69 144 141 715
70 196 106 698
71 260 102 638
72 331 100 569
73 433 110 457
74 510 146 344
75 559 178 263
76 545 229 226
77 472 314 214
78 379 422 199
79 272 519 209
80 170 628 202
81 100 720 180
82 58 754 188
83 41 764 195
84 37 730 233
85 37 649 314
86 47 541 412
87 57 434 509
88 76 315 609
89 104 204 692
90 139 142 719
91 185 97 718
92 255 85 660
93 344 96 560
94 423 115 462
95 496 143 361
96 543 189 268
97 542 253 205
98 496 316 188
99 403 407 190
100 296 512 192
101 195 608 197
102 124 690 186
103 76 733 191
104 45 735 220
105 47 702 251
106 32 637 331
107 39 561 400
108 50 449 501
109 73 342 585
110 93 237 670
111 129 174 697
112 176 136 688
113 233 122 645
114 302 130 568
115 381 137 482
116 461 170 369
117 507 197 296
118 495 256 249
119 463 331 206
120 373 401 226
121 260 505 235
122 184 610 206
123 113 679 208
124 63 717 220
125 45 740 215
126 37 699 264
127 51 632 317
128 61 548 391
129 67 434 499
130 80 323 597
131 108 241 651
132 132 175 693
133 175 128 697
134 235 126 639
135 291 133 576
136 386 161 453
137 457 180 363
138 478 220 302
139 468 281 251
140 417 357 226
141 326 455 219
142 219 548 233
143 134 648 218
144 93 705 202
145 70 727 203
146 50 710 240
147 45 669 286
148 45 598 357
149 60 500 440
150 72 392 536
151 85 280 635
152 109 210 681
153 147 164 689
154 201 143 656
155 268 130 602
156 350 134 516
157 419 150 431
158 490 189 321
159 488 230 282
160 436 302 262
161 364 400 236
162 288 493 219
163 200 582 218
164 126 666 208
165 79 724 197
166 63 732 205
167 56 707 237
168 42 642 316
169 45 558 397
170 50 462 488
171 61 368 571
172 83 273 644
173 118 193 689
174 163 150 687
175 227 130 643
176 308 131 561
177 378 134 488
178 437 160 403
179 476 195 329
180 482 251 267
181 439 325 236
182 364 411 225
183 281 506 213
184 193 588 219
185 120 673 207
186 72 720 208
187 48 733 219
188 42 701 257
189 44 633 323
190 40 545 415
191 58 454 488
192 78 354 568
193 103 249 648
194 136 177 687
195 190 131 679
196 252 109 639
197 322 115 563
198 401 133 466
199 457 145 398
200 482 189 329
201 479 269 252
202 437 344 219
203 375 432 193
204 271 516 213
205 175 614 211
206 122 692 186
207 80 733 187
208 43 731 226
209 43 688 269
210 39 613 348
211 42 529 429
212 57 442 501
213 72 329 599
214 91 236 673
215 128 176 696
216 194 141 665
217 258 118 624
218 328 129 543
219 388 143 469
220 458 170 372
221 492 213 295
222 477 272 251
223 431 347 222
224 356 428 216
225 268 526 206
226 192 603 205
227 129 665 206
228 88 701 211
229 65 699 236
230 48 663 289
231 48 605 347
232 50 524 426
233 61 424 515
234 81 336 583
235 105 254 641
236 141 194 665
237 194 160 646
238 254 143 603
239 316 141 543
240 398 160 442
241 438 178 384
242 466 226 308
243 449 280 271
244 401 357 242
245 343 439 218
246 258 514 228
247 169 601 230
248 113 671 216
249 86 709 205
250 72 688 240
251 49 648 303
252 47 594 359
253 52 514 434
254 63 434 503
255 89 336 575
256 111 240 649
257 153 180 667
258 195 159 646
259 254 157 589
260 313 152 535
261 368 173 459
262 432 198 370
263 482 232 286
264 455 278 267
265 391 365 244
266 302 450 248
267 221 541 238
268 156 627 217
269 101 671 228
270 73 701 226
271 51 695 254
272 46 671 283
273 50 589 361
274 61 500 439
275 75 398 527
276 96 298 606
277 121 233 646
278 142 178 680
279 166 163 671
280 229 163 608
281 284 182 534
282 347 216 437
283 408 255 337
284 419 294 287
285 404 348 248
286 336 418 246
287 247 501 252
288 163 590 247
289 114 655 231
290 83 670 247
291 64 662 274
292 53 642 305
293 49 599 352
294 54 533 413
295 75 445 480
296 99 335 566
297 129 246 625
298 152 201 647
299 185 186 629
300 216 173 611
301 265 185 550
302 341 202 457
303 403 214 383
304 451 262 287
305 433 303 264
306 380 366 254
307 312 434 254
308 226 515 259
309 168 589 243
310 114 630 256
311 78 672 250
312 61 660 279
313 58 636 306
314 62 576 362
315 72 504 424
316 94 413 493
317 113 317 570
318 120 257 623
319 158 208 634
320 179 182 639
321 226 185 589
322 292 198 510
323 352 204 444
324 413 235 352
325 428 270 302
326 425 315 260
327 363 367 270
328 304 455 241
329 221 511 268
330 162 581 257
331 113 634 253
332 78 652 270
333 60 652 288
334 69 625 306
335 67 564 369
336 83 478 439
337 94 406 500
338 100 325 575
339 122 266 612
340 143 226 631
341 179 205 616
342 226 196 578
343 296 210 494
344 333 226 441
345 381 261 358
346 386 294 320
347 363 348 289
348 298 411 291
349 231 497 272
350 168 573 259
351 133 622 245
352 93 641 266
353 81 646 273
354 79 625 296
355 75 573 352
356 84 514 402
357 84 419 497
358 88 343 569
359 108 290 602
360 135 251 614
361 169 219 612
362 225 206 569
363 272 202 526
364 350 214 436
365 401 231 368
366 407 256 337
367 374 303 323
368 329 375 296
369 269 452 279
370 193 525 282
371 157 605 238
372 112 629 259
373 93 657 250
374 77 651 272
375 68 620 312
376 75 557 368
377 73 473 454
378 74 402 524
379 94 321 585
380 115 277 608
381 142 228 630
382 189 207 604
383 249 191 560
384 315 194 491
385 347 212 441
386 374 251 375
387 361 305 334
388 343 362 295
389 296 429 275
390 244 497 259
391 187 565 248
392 126 619 255
393 98 662 240
394 88 651 261
395 88 607 305
396 75 550 375
397 72 496 432
398 75 431 494
399 93 360 547
400 107 288 605
401 152 231 617
402 201 197 602
403 248 192 560
404 292 202 506
405 335 212 453
406 379 234 387
407 384 261 355
408 371 328 301
409 340 398 262
410 273 463 264
411 203 535 262
412 159 595 246
413 117 629 254
414 89 649 262
415 62 650 288
416 60 610 330
417 62 542 396
418 72 475 453
419 86 393 521
420 103 319 578
421 131 268 601
422 161 220 619
423 206 189 605
424 260 184 556
425 301 198 501
426 353 224 423
427 373 254 373
428 362 308 330
429 337 370 293
430 282 443 275
431 225 529 246
432 181 591 228
433 139 621 240
434 101 637 262
435 70 645 285
436 69 622 309
437 68 561 371
438 62 489 449
439 81 409 510
440 101 328 571
441 122 278 600
442 149 241 610
443 189 206 605
444 246 189 565
445 312 193 495
446 377 199 424
447 418 214 368
448 419 254 327
449 399 303 298
450 371 360 269
451 336 423 241
452 254 475 271
453 180 553 267
454 131 621 248
455 87 655 258
456 66 659 275
457 54 631 315
458 58 586 356
459 72 519 409
460 73 453 474
461 86 374 540
462 103 293 604
463 147 242 611
464 193 194 613
465 243 176 581
466 293 171 536
467 329 188 483
468 380 218 402
469 413 246 341
470 403 294 303
471 360 355 285
472 297 446 257
473 233 527 240
474 165 596 239
475 112 647 241
476 89 670 241
477 67 665 268
478 65 639 296
479 51 580 369
480 58 503 439
481 73 415 512
482 88 331 581
483 108 265 627
484 140 222 638
485 185 195 620
486 239 176 585
487 309 181 510
488 371 188 441
489 409 214 377
490 417 260 323
491 391 318 291
492 333 387 280
493 272 472 256
494 201 552 247
495 143 618 239
496 96 669 235
497 77 690 233
498 64 663 273
499 63 618 319
500 71 550 379
501 71 457 472
502 88 377 535
503 100 294 606
504 119 231 650
505 158 191 651
506 207 179 614
507 274 175 551
508 336 176 488
509 386 207 407
510 411 237 352
511 402 295 303
512 361 367 272
513 292 448 260
514 234 529 237
515 169 591 240
516 119 655 226
517 94 674 232
518 69 669 262
519 62 636 302
520 61 571 368
521 73 491 436
522 83 398 519
523 85 326 589
524 114 260 626
525 143 212 645
526 191 188 621
527 251 173 576
528 315 178 507
529 375 194 431
530 401 227 372
531 406 273 321
532 383 334 283
533 318 405 277
534 274 494 232
535 203 553 244
536 144 619 237
537 87 662 251
538 59 686 255
539 61 668 271
540 60 605 335
541 65 535 400
542 75 441 484
543 93 372 535
544 100 288 612
545 113 238 649
546 158 201 641
547 217 174 609
548 271 178 551
549 334 194 472
550 363 225 412
551 392 265 343
552 384 320 296
553 350 378 272
554 300 449 251
555 225 526 249
556 175 597 228
557 124 631 245
558 87 651 262
559 65 648 287
560 69 615 316
561 76 553 371
562 73 475 452
563 78 401 521
564 86 325 589
565 111 283 606
566 142 238 620
567 185 210 605
568 234 200 566
569 304 213 483
570 340 221 439
571 356 259 385
572 346 319 335
573 339 371 290
574 297 423 280
575 245 493 262
576 183 555 262
577 129 604 267
578 95 650 255
579 73 646 281
580 76 608 316
581 78 553 369
582 81 499 420
583 87 426 487
584 109 358 533
585 114 287 599
586 147 236 617
587 199 207 594
588 230 193 577
589 258 217 525
590 302 243 455
591 322 272 406
592 334 320 346
593 323 379 298
594 290 441 269
595 238 503 259
596 172 569 259
597 117 611 272
598 89 640 271
599 75 639 286
600 65 605 330
601 75 556 369
602 86 484 430
603 92 411 497
604 111 339 550
605 131 278 591
606 159 229 612
607 199 202 599
608 246 196 558
609 295 198 507
610 346 221 433
611 393 243 364
612 422 268 310
613 421 300 279
614 375 350 275
615 308 423 269
616 226 496 278
617 154 576 270
618 112 625 263
619 91 645 264
620 93 641 266
621 78 607 315
622 71 572 357
623 75 506 419
624 84 429 487
625 98 340 562
626 119 277 604
627 146 236 618
628 177 213 610
629 215 216 569
630 263 213 524
631 317 231 452
632 378 254 368
633 388 282 330
634 362 335 303
635 313 402 285
636 251 474 275
637 189 533 278
638 142 598 260
639 113 627 260
640 91 633 276
641 71 627 302
642 60 594 346
643 58 538 404
644 65 468 467
645 86 402 512
646 114 316 570
647 134 259 607
648 162 233 605
649 215 211 574
650 269 191 540
651 315 193 492
652 357 217 426
653 401 241 358
654 395 283 322
655 354 346 300
656 297 413 290
657 236 492 272
658 178 573 249
659 138 629 233
660 102 645 253
661 72 657 271
662 65 645 290
663 74 589 337
664 75 513 412
665 79 433 488
666 87 348 565
667 112 284 604
668 131 243 626
669 163 212 625
670 223 192 585
671 283 188 529
672 345 204 451
673 390 222 388
674 415 262 323
675 388 301 311
676 337 369 294
677 289 451 260
678 218 519 263
679 147 594 259
680 107 649 244
681 93 671 236
682 80 645 275
683 70 619 311
684 76 561 363
685 84 473 443
686 85 397 518
687 95 321 584
688 114 256 630
689 156 215 629
690 195 199 606
691 261 186 553
692 328 178 494
693 378 199 423
694 404 225 371
695 411 275 314
696 392 333 275
697 330 393 277
698 266 471 263
699 219 548 233
700 177 603 220
701 115 624 261
702 87 660 253
703 80 638 282
704 64 587 349
705 66 543 391
706 72 463 465
707 74 380 546
708 103 323 574
709 124 273 603
710 173 216 611
711 234 189 577
712 280 179 541
713 330 177 493
714 390 207 403
715 421 230 349
716 407 256 337
717 403 320 277
718 332 381 287
719 258 479 263
720 192 563 245
721 129 631 240
722 90 664 246
723 75 680 245
724 56 669 275
725 62 624 314
726 64 557 379
727 68 457 475
728 90 369 541
729 119 279 602
730 133 217 650
731 162 187 651
732 217 169 614
733 265 159 576
734 346 178 476
735 397 197 406
736 426 234 340
737 429 295 276
738 396 354 250
739 325 417 258
740 244 506 250
741 174 597 229
742 125 648 227
743 96 678 226
744 67 670 263
745 57 638 305
746 59 589 352
747 58 524 418
748 63 436 501
749 86 340 574
750 104 266 630
751 141 218 641
752 193 189 618
753 243 169 588
754 295 168 537
755 359 181 460
756 422 205 373
757 431 238 331
758 414 303 283
759 361 368 271
760 301 450 249
761 219 530 251
762 152 613 235
763 124 667 209
764 86 671 243
765 70 676 254
766 67 627 306
767 59 565 376
768 60 491 449
769 69 410 521
770 93 318 589
771 116 240 644
772 152 213 635
773 211 172 617
774 276 162 562
775 342 159 499
776 388 167 445
777 449 202 349
778 484 233 283
779 438 276 286
780 398 349 253
781 333 430 237
782 247 505 248
783 181 594 225
784 127 652 221
785 94 671 235
786 65 673 262
787 62 659 279
788 56 589 355
789 62 514 424
790 69 433 498
791 94 337 569
792 138 254 608
793 171 191 638
794 206 156 638
795 276 135 589
796 334 135 531
797 390 152 458
798 453 177 370
799 450 210 340
800 419 296 285
801 340 390 270
802 267 504 229
803 195 598 207
804 132 670 198
805 88 716 196
806 67 735 198
807 56 723 221
808 51 648 301
809 49 559 392
810 63 447 490
811 72 339 589
812 96 258 646
813 121 188 691
814 154 144 702
815 235 123 642
816 317 117 566
817 399 124 477
818 473 154 373
819 505 188 307
820 493 237 270
821 438 319 243
822 352 418 230
823 260 525 215
824 170 623 207
825 120 706 174
826 69 726 205
827 54 743 203
828 42 709 249
829 39 639 322
830 37 543 420
831 43 438 519
832 56 334 610
833 91 238 671
834 123 183 694
835 164 134 702
836 240 127 633
837 321 121 558
838 416 136 448
839 483 146 371
840 521 183 296
841 505 241 254
842 449 312 239
843 353 417 230
844 263 520 217
845 174 616 210
846 113 690 197
847 73 741 186
848 46 744 210
849 43 713 244
850 36 645 319
851 50 547 403
852 59 430 511
853 79 325 596
854 91 231 678
855 123 168 709
856 172 133 695
857 243 115 642
858 334 112 554
859 428 119 453
860 495 142 363
861 533 180 287
862 522 236 242
863 452 310 238
864 343 415 242
865 239 542 219
866 169 649 182
867 111 712 177
868 71 747 182
869 46 749 205
870 42 718 240
871 42 648 310
872 50 543 407
873 52 408 540
874 60 299 641
875 86 228 686
876 124 167 709
877 171 127 702
878 238 111 651
879 327 114 559
880 428 130 442
881 496 164 340
882 506 205 289
883 492 266 242
884 443 341 216
885 354 430 216
886 236 535 229
887 154 650 196
888 100 716 184
889 62 736 202
890 58 733 209
891 44 676 280
892 37 615 348
893 48 533 419
894 54 417 529
895 68 296 636
896 101 216 683
897 141 163 696
898 201 126 673
899 255 123 622
900 326 130 544
901 414 141 445
902 501 169 330
903 540 203 257
904 530 244 226
905 490 307 203
906 379 384 237
907 291 498 211
908 197 579 224
909 119 662 219
910 72 712 216
911 49 725 226
912 42 707 251
913 40 651 309
914 46 576 378
915 65 456 479
916 83 356 561
917 105 255 640
918 137 183 680
919 172 138 690
920 225 121 654
921 286 124 590
922 381 138 481
923 443 163 394
924 494 201 305
925 511 251 238
926 478 306 216
927 399 384 217
928 303 480 217
929 207 573 220
930 136 655 209
931 89 701 210
932 62 710 228
933 56 687 257
934 53 638 309
935 59 563 378
936 62 461 477
937 78 365 557
938 99 267 634
939 123 200 677
940 161 167 672
941 210 152 638
942 273 152 575
943 354 164 482
944 405 185 410
945 449 230 321
946 448 284 268
947 401 352 247
948 324 432 244
949 234 524 242
950 163 614 223
951 114 673 213
952 84 701 215
953 62 686 252
954 52 654 294
955 58 596 346
956 60 510 430
957 68 416 516
958 90 318 592
959 112 237 651
960 154 187 659
961 195 160 645
962 252 151 597
963 318 152 530
964 384 172 444
965 429 200 371
966 453 253 294
967 422 310 268
968 368 391 241
969 295 472 233
970 209 554 237
971 149 639 212
972 108 679 213
973 75 692 233
974 53 672 275
975 43 637 320
976 53 566 381
977 64 475 461
978 80 382 538
979 100 281 619
980 135 221 644
981 179 173 648
982 222 149 629
983 285 141 574
984 344 149 507
985 408 181 411
986 463 210 327
987 460 256 284
988 420 319 261
989 358 407 235
990 281 493 226
991 205 578 217
992 131 646 223
993 98 688 214
994 74 692 234
995 60 670 270
996 56 621 323
997 61 537 402
998 70 446 484
999 89 352 559
1000 114 265 621
1001 140 198 662
1002 171 168 661
1003 216 159 625
1004 279 163 558
1005 346 184 470
1006 404 208 388
1007 435 244 321
1008 422 300 278
1009 348 380 272
1010 270 484 246
1011 215 571 214
1012 152 622 226
1013 106 664 230
1014 71 686 243
1015 55 685 260
1016 50 645 305
1017 50 570 380
1018 58 466 476
1019 85 371 544
1020 105 293 602
1021 126 231 643
1022 154 188 658
1023 203 161 636
1024 266 152 582
1025 347 164 489
1026 413 187 400
1027 428 216 356
1028 427 279 294
1029 381 342 277
1030 312 431 257
1031 228 527 245
1032 146 620 234
1033 86 690 224
1034 64 727 209
1035 46 720 234
1036 53 675 272
1037 52 605 343
1038 65 517 418
1039 68 408 524
1040 83 312 605
1041 109 227 664
1042 134 164 702
1043 180 146 674
1044 242 145 613
1045 328 153 519
1046 401 155 444
1047 443 191 366
1048 467 245 288
1049 463 306 231
1050 380 373 247
1051 311 474 215
1052 212 544 244
1053 149 635 216
1054 93 696 211
1055 65 716 219
1056 59 690 251
1057 56 635 309
1058 66 571 363
1059 68 460 472
1060 72 388 540
1061 76 293 631
1062 99 228 673
1063 151 185 664
1064 204 159 637
1065 258 161 581
1066 331 171 498
1067 386 209 405
1068 443 226 331
1069 453 264 283
1070 424 319 257
1071 368 391 241
1072 285 473 242
1073 199 554 247
1074 132 630 238
1075 101 659 240
1076 74 673 253
1077 58 662 280
1078 61 623 316
1079 52 548 400
1080 62 475 463
1081 66 384 550
1082 97 304 599
1083 121 244 635
1084 150 206 644
1085 204 188 608
1086 263 173 564
1087 327 189 484
1088 388 198 414
1089 435 228 337
1090 428 261 311
1091 398 328 274
1092 352 396 252
1093 301 460 239
1094 229 526 245
1095 171 582 247
1096 107 631 262
1097 79 665 256
1098 61 660 279
1099 54 611 335
1100 55 550 395
1101 59 485 456
1102 82 415 503
1103 100 336 564
1104 129 269 602
1105 168 206 626
1106 227 172 601
1107 271 162 567
1108 318 179 503
1109 352 197 451
1110 376 233 391
1111 379 288 333
1112 361 352 287
1113 316 433 251
1114 245 512 243
1115 192 593 215
1116 139 629 232
1117 105 664 231
1118 71 662 267
1119 58 641 301
1120 59 590 351
1121 55 508 437
1122 66 433 501
1123 91 341 568
1124 108 280 612
1125 137 228 635
1126 178 201 621
1127 223 181 596
1128 283 187 530
1129 339 209 452
1130 385 228 387
1131 387 274 339
1132 383 333 284
1133 343 389 268
1134 296 456 248
1135 235 523 242
1136 175 578 247
1137 138 616 246
1138 95 634 271
1139 66 631 303
1140 64 601 335
1141 62 547 391
1142 75 482 443
1143 95 402 503
1144 113 327 560
1145 124 271 605
1146 171 242 587
1147 213 198 589
1148 250 186 564
1149 299 203 498
1150 336 219 445
1151 366 262 372
1152 365 307 328
1153 326 364 310
1154 291 432 277
1155 250 511 239
1156 190 564 246
1157 147 607 246
1158 102 634 264
1159 83 636 281
1160 79 610 311
1161 89 557 354
1162 74 479 447
1163 88 415 497
1164 111 348 541
1165 130 282 588
1166 167 236 597
1167 200 197 603
1168 246 190 564
1169 309 197 494
1170 346 212 442
1171 361 239 400
1172 368 291 341
1173 344 350 306
1174 311 420 269
1175 250 492 258
1176 176 560 264
1177 110 627 263
1178 88 678 234
1179 62 673 265
1180 57 647 296
1181 66 593 341
1182 73 514 413
1183 91 435 474
1184 108 349 543
1185 125 265 610
1186 153 197 650
1187 202 174 624
1188 255 151 594
1189 301 152 547
1190 342 185 473
1191 385 223 392
1192 427 266 307
1193 435 308 257
1194 399 368 233
1195 343 427 230
1196 243 506 251
1197 162 605 233
1198 119 653 228
1199 73 658 269
1200 52 661 287
1201 51 640 309
1202 62 581 357
1203 65 511 424
1204 73 429 498
1205 108 322 570
1206 137 239 624
1207 168 205 627
1208 198 171 631
1209 253 162 585
1210 304 166 530
1211 362 185 453
1212 444 209 347
1213 471 234 295
1214 445 290 265
1215 391 350 259
1216 319 438 243
1217 232 519 249
1218 160 602 238
1219 114 655 231
1220 82 677 241
1221 70 684 246
1222 66 640 294
1223 67 584 349
1224 75 495 430
1225 71 406 523
1226 85 327 588
1227 104 260 636
1228 130 219 651
1229 176 186 638
1230 232 184 584
1231 317 184 499
1232 382 188 430
1233 421 212 367
1234 450 252 298
1235 422 290 288
1236 360 359 281
1237 270 454 276
1238 198 546 256
1239 141 618 241
1240 98 671 231
1241 88 690 222
1242 65 660 275
1243 61 645 294
1244 59 580 361
1245 57 487 456
1246 68 397 535
1247 87 314 599
1248 110 242 648
1249 157 200 643
1250 191 183 626
1251 261 164 575
1252 329 159 512
1253 381 184 435
1254 415 222 363
1255 436 271 293
1256 392 322 286
1257 312 408 280
1258 241 505 254
1259 174 595 231
1260 124 667 209
1261 91 692 217
1262 73 687 240
1263 56 656 288
1264 60 622 318
1265 62 532 406
1266 71 433 496
1267 73 334 593
1268 104 260 636
1269 142 204 654
1270 188 171 641
1271 223 156 621
1272 309 155 536
1273 386 159 455
1274 452 181 367
1275 472 214 314
1276 458 268 274
1277 409 338 253
1278 328 420 252
1279 250 516 234
1280 188 595 217
1281 126 653 221
1282 97 693 210
1283 80 689 231
1284 56 652 292
1285 55 606 339
1286 55 525 420
1287 67 429 504
1288 78 338 584
1289 98 269 633
1290 134 209 657
1291 186 177 637
1292 250 162 588
1293 329 144 527
1294 405 146 449
1295 469 166 365
1296 474 193 333
1297 477 257 266
1298 430 314 256
1299 360 393 247
1300 276 478 246
1301 200 580 220
1302 146 654 200
1303 98 688 214
1304 60 709 231
1305 57 683 260
1306 45 629 326
1307 51 562 387
1308 60 471 469
1309 73 360 567
1310 99 273 628
1311 120 213 667
1312 182 171 647
1313 240 135 625
1314 305 131 564
1315 382 133 485
1316 460 147 393
1317 497 180 323
1318 501 230 269
1319 476 286 238
1320 420 353 227
1321 308 445 247
1322 229 561 210
1323 146 638 216
1324 84 707 209
1325 53 736 211
1326 37 717 246
1327 36 677 287
1328 37 611 352
1329 44 518 438
1330 61 395 544
1331 82 301 617
1332 102 211 687
1333 149 162 689
1334 196 134 670
1335 255 127 618
1336 319 134 547
1337 408 163 429
1338 462 197 341
1339 493 237 270
1340 474 296 230
1341 413 364 223
1342 327 453 220
1343 224 546 230
1344 147 642 211
1345 96 690 214
1346 56 707 237
1347 44 707 249
1348 49 660 291
1349 43 587 370
1350 48 504 448
1351 71 406 523
1352 92 287 621
1353 120 218 662
1354 150 173 677
1355 194 143 663
1356 256 146 598
1357 319 157 524
1358 380 177 443
1359 446 214 340
1360 460 267 273
1361 432 322 246
1362 373 395 232
1363 267 484 249
1364 189 587 224
1365 144 654 202
1366 102 679 219
1367 59 684 257
1368 53 674 273
1369 51 625 324
1370 56 554 390
1371 63 460 477
1372 77 350 573
1373 97 269 634
1374 129 224 647
1375 166 187 647
1376 219 160 621
1377 284 156 560
1378 360 162 478
1379 452 180 368
1380 483 198 319
1381 464 248 288
1382 429 312 259
1383 376 384 240
1384 277 464 259
1385 188 567 245
1386 113 650 237
1387 82 707 211
1388 57 720 223
1389 60 695 245
1390 59 628 313
1391 62 557 381
1392 67 474 459
1393 77 366 557
1394 94 273 633
1395 115 199 686
1396 160 165 675
1397 223 145 632
1398 288 149 563
1399 360 155 485
1400 437 166 397
1401 490 197 313
1402 505 237 258
1403 461 296 243
1404 388 374 238
1405 291 467 242
1406 220 560 220
1407 145 625 230
1408 99 689 212
1409 70 704 226
1410 65 693 242
1411 56 639 305
1412 59 570 371
1413 67 474 459
1414 79 373 548
1415 91 296 613
1416 123 220 657
1417 157 173 670
1418 209 150 641
1419 268 152 580
1420 349 162 489
1421 421 177 402
1422 451 206 343
1423 465 253 282
1424 439 315 246
1425 373 388 239
1426 275 477 248
1427 188 573 239
1428 128 650 222
1429 89 695 216
1430 63 705 232
1431 52 684 264
1432 44 633 323
1433 53 568 379
1434 68 470 462
1435 92 359 549
1436 109 258 633
1437 134 196 670
1438 183 161 656
1439 236 133 631
1440 291 131 578
1441 361 141 498
1442 440 169 391
1443 496 201 303
1444 505 246 249
1445 461 299 240
1446 385 378 237
1447 296 482 222
1448 223 573 204
1449 148 636 216
1450 81 683 236
1451 61 718 221
1452 50 693 257
1453 54 651 295
1454 59 568 373
1455 68 459 473
1456 90 359 551
1457 110 274 616
1458 122 207 671
1459 150 160 690
1460 193 157 650
1461 264 156 580
1462 338 168 494
1463 396 203 401
1464 430 245 325
1465 445 296 259
1466 431 348 221
1467 354 409 237
1468 269 489 242
1469 191 575 234
1470 123 641 236
1471 91 674 235
1472 58 664 278
1473 55 646 299
1474 62 597 341
1475 79 529 392
1476 81 432 487
1477 84 344 572
1478 112 275 613
1479 144 214 642
1480 187 192 621
1481 227 167 606
1482 290 176 534
1483 358 181 461
1484 410 210 380
1485 438 246 316
1486 439 287 274
1487 385 347 268
1488 338 423 239
1489 258 495 247
1490 192 566 242
1491 129 627 244
1492 96 661 243
1493 73 658 269
1494 64 640 296
1495 67 589 344
1496 63 510 427
1497 81 442 477
1498 82 353 565
1499 97 291 612
1500 133 242 625
1501 167 209 624
1502 219 193 588
1503 291 192 517
1504 339 199 462
1505 386 219 395
1506 411 261 328
1507 405 298 297
1508 368 353 279
1509 305 423 272
1510 241 502 257
1511 187 567 246
1512 132 614 254
1513 93 649 258
1514 84 646 270
1515 81 618 301
1516 68 566 366
1517 76 509 415
1518 76 422 502
1519 87 357 556
1520 110 299 591
1521 145 241 614
1522 181 209 610
1523 225 201 574
1524 279 209 512
1525 353 212 435
1526 379 225 396
1527 380 264 356
1528 366 321 313
1529 317 393 290
1530 247 474 279
1531 174 552 274
1532 142 617 241
1533 108 646 246
1534 87 667 246
1535 71 649 280
1536 67 608 325
1537 57 540 403
1538 68 469 463
1539 89 380 531
1540 112 294 594
1541 127 242 631
1542 168 206 626
1543 215 183 602
1544 272 177 551
1545 336 188 476
1546 391 195 414
1547 430 229 341
1548 425 276 299
1549 391 333 276
1550 338 403 259
1551 275 479 246
1552 206 548 246
1553 156 606 238
1554 97 649 254
1555 63 674 263
1556 47 661 292
1557 49 620 331
1558 58 548 394
1559 65 463 472
1560 87 387 526
1561 109 307 584
1562 139 242 619
1563 178 187 635
1564 216 161 623
1565 272 164 564
1566 327 180 493
1567 357 210 433
1568 374 256 370
1569 364 319 317
1570 354 394 252
1571 304 459 237
1572 218 535 247
1573 149 618 233
1574 103 671 226
1575 78 687 235
1576 65 666 269
1577 49 616 335
1578 56 557 387
1579 63 485 452
1580 81 402 517
1581 100 301 599
1582 115 229 656
1583 165 198 637
1584 216 169 615
1585 280 168 552
1586 334 163 503
1587 387 181 432
1588 449 211 340
1589 455 250 295
1590 420 316 264
1591 351 382 267
1592 267 480 253
1593 210 565 225
1594 126 627 247
1595 75 693 232
1596 56 714 230
1597 46 694 260
1598 58 638 304
1599 58 560 382
1600 61 462 477
1601 68 374 558
1602 83 305 612
1603 112 224 664
1604 152 174 674
1605 209 154 637
1606 277 153 570
1607 357 163 480
1608 405 181 414
1609 411 221 368
1610 419 284 297
1611 374 357 269
1612 282 452 266
1613 203 564 233
1614 127 644 229
1615 85 710 205
1616 70 734 196
1617 66 709 225
1618 54 650 296
1619 47 589 364
1620 51 501 448
1621 57 385 558
1622 71 299 630
1623 86 219 695
1624 128 180 692
1625 198 163 639
1626 263 152 585
1627 343 148 509
1628 422 156 422
1629 461 193 346
1630 482 240 278
1631 429 299 272
1632 337 391 272
1633 254 500 246
1634 202 594 204
1635 144 650 206
1636 100 700 200
1637 82 707 211
1638 53 678 269
1639 53 648 299
1640 56 556 388
1641 59 444 497
1642 63 347 590
1643 76 287 637
1644 116 224 660
1645 171 177 652
1646 213 151 636
1647 303 139 558
1648 394 141 465
1649 441 162 397
1650 438 212 350
1651 432 275 293
1652 398 344 258
1653 337 425 238
1654 277 512 211
1655 203 584 213
1656 144 656 200
1657 91 694 215
1658 69 697 234
1659 54 656 290
1660 40 602 358
1661 39 535 426
1662 62 449 489
1663 74 354 572
1664 102 270 628
1665 152 204 644
1666 220 151 629
1667 288 124 588
1668 346 110 544
1669 404 119 477
1670 451 147 402
1671 481 195 324
1672 475 249 276
1673 436 321 243
1674 381 413 206
1675 300 495 205
1676 217 590 193
1677 137 664 199
1678 83 716 201
1679 49 722 229
1680 36 702 262
1681 31 643 326
1682 33 556 411
1683 48 472 480
1684 71 362 567
1685 102 265 633
1686 142 182 676
1687 193 136 671
1688 252 105 643
1689 320 105 575
1690 378 124 498
1691 448 150 402
1692 490 190 320
1693 511 245 244
1694 477 307 216
1695 409 387 204
1696 319 486 195
1697 215 576 209
1698 134 661 205
1699 73 716 211
1700 56 737 207
1701 42 699 259
1702 41 651 308
1703 41 572 387
1704 57 473 470
1705 81 367 552
1706 108 258 634
1707 137 176 687
1708 187 126 687
1709 244 114 642
1710 318 105 577
1711 395 110 495
1712 475 132 393
1713 546 158 296
1714 581 196 223
1715 555 243 202
1716 457 319 224
1717 354 429 217
1718 255 541 204
1719 174 635 191
1720 97 694 209
1721 57 745 198
1722 35 747 218
1723 39 722 239
1724 41 642 317
1725 43 530 427
1726 49 416 535
1727 77 316 607
1728 102 229 669
1729 129 153 718
1730 171 124 705
1731 240 107 653
1732 335 118 547
1733 416 135 449
1734 480 168 352
1735 507 204 289
1736 515 264 221
1737 461 332 207
1738 364 415 221
1739 250 529 221
1740 160 632 208
1741 105 705 190
1742 71 727 202
1743 48 725 227
1744 41 688 271
1745 40 627 333
1746 46 545 409
1747 56 425 519
1748 73 312 615
1749 105 222 673
1750 140 168 692
1751 190 135 675
1752 247 122 631
1753 323 126 551
1754 408 132 460
1755 468 167 365
1756 502 220 278
1757 469 276 255
1758 403 363 234
1759 318 462 220
1760 222 560 218
1761 162 652 186
1762 97 706 197
1763 68 736 196
1764 52 712 236
1765 43 672 285
1766 49 594 357
1767 54 489 457
1768 64 386 550
1769 85 284 631
1770 121 209 670
1771 162 143 695
1772 208 126 666
1773 276 120 604
1774 362 130 508
1775 429 149 422
1776 474 185 341
1777 497 242 261
1778 502 294 204
1779 438 355 207
1780 345 436 219
1781 249 535 216
1782 180 621 199
1783 115 671 214
1784 74 700 226
1785 55 684 261
1786 41 651 308
1787 45 604 351
1788 55 519 426
1789 73 410 517
1790 85 306 609
1791 116 244 640
1792 165 184 651
1793 198 151 651
1794 237 151 612
1795 307 159 534
1796 381 174 445
1797 440 209 351
1798 445 254 301
1799 428 311 261
1800 367 388 245
1801 282 482 236
1802 207 567 226
1803 140 634 226
1804 94 686 220
1805 71 697 232
1806 53 675 272
1807 52 636 312
1808 52 560 388
1809 63 466 471
1810 71 370 559
1811 86 295 619
1812 118 228 654
1813 156 185 659
1814 201 169 630
1815 267 163 570
1816 327 173 500
1817 380 207 413
1818 408 250 342
1819 417 297 286
1820 370 355 275
1821 306 445 249
1822 223 525 252
1823 164 614 222
1824 124 663 213
1825 84 669 247
1826 77 666 257
1827 62 626 312
1828 60 583 357
1829 66 495 439
1830 75 409 516
1831 84 311 605
1832 121 253 626
1833 148 210 642
1834 202 186 612
1835 245 172 583
1836 317 172 511
1837 370 188 442
1838 429 221 350
1839 430 260 310
1840 400 317 283
1841 340 390 270
1842 250 474 276
1843 186 578 236
1844 131 642 227
1845 89 681 230
1846 68 690 242
1847 60 672 268
1848 56 623 321
1849 70 554 376
1850 73 456 471
1851 89 349 562
1852 105 269 626
1853 140 214 646
1854 178 170 652
1855 222 150 628
1856 275 155 570
1857 361 171 468
1858 430 183 387
1859 465 221 314
1860 447 266 287
1861 407 339 254
1862 338 423 239
1863 255 512 233
1864 173 590 237
1865 122 656 222
1866 78 695 227
1867 58 701 241
1868 56 676 268
1869 51 605 344
1870 52 526 422
1871 70 436 494
1872 82 340 578
1873 92 262 646
1874 127 213 660
1875 172 172 656
1876 236 152 612
1877 303 159 538
1878 371 171 458
1879 442 193 365
1880 474 218 308
1881 460 264 276
1882 424 327 249
1883 358 404 238
1884 264 490 246
1885 175 577 248
1886 123 654 223
1887 76 684 240
1888 65 706 229
1889 46 671 283
1890 42 627 331
1891 47 554 399
1892 64 463 473
1893 77 359 564
1894 99 269 632
1895 113 217 670
1896 164 181 655
1897 223 165 612
1898 288 150 562
1899 354 158 488
1900 429 183 388
1901 474 212 314
1902 447 257 296
1903 406 336 258
1904 316 413 271
1905 248 519 233
1906 170 602 228
1907 112 672 216
1908 70 705 225
1909 52 718 230
1910 49 691 260
1911 53 615 332
1912 49 534 417
1913 58 432 510
1914 68 340 592
1915 90 260 650
1916 109 205 686
1917 157 173 670
1918 231 152 617
1919 310 154 536
1920 402 156 442
1921 454 166 380
1922 478 206 316
1923 471 262 267
1924 414 324 262
1925 346 413 241
1926 253 502 245
1927 181 593 226
1928 135 663 202
1929 94 699 207
1930 68 700 232
1931 66 670 264
1932 59 610 331
1933 48 528 424
1934 58 450 492
1935 68 349 583
1936 81 269 650
1937 118 220 662
1938 172 182 646
1939 234 158 608
1940 320 156 524
1941 374 152 474
1942 442 176 382
1943 467 209 324
1944 456 264 280
1945 412 324 264
1946 345 406 249
1947 259 497 244
1948 197 585 218
1949 138 651 211
1950 92 686 222
1951 61 699 240
1952 55 675 270
1953 46 621 333
1954 49 548 403
1955 47 454 499
1956 55 368 577
1957 86 294 620
1958 117 228 655
1959 165 184 651
1960 215 160 625
1961 281 164 555
1962 336 171 493
1963 391 210 399
1964 412 241 347
1965 408 294 298
1966 359 364 277
1967 316 457 227
1968 243 524 233
1969 173 593 234
1970 115 656 229
1971 80 675 245
1972 62 679 259
1973 52 644 304
1974 52 584 364
1975 58 491 451
1976 69 418 513
1977 90 338 572
1978 128 254 618
1979 157 197 646
1980 203 164 633
1981 261 153 586
1982 330 155 515
1983 361 179 460
1984 394 221 385
1985 419 268 313
1986 402 327 271
1987 353 401 246
1988 290 483 227
1989 213 557 230
1990 141 632 227
1991 93 680 227
1992 70 686 244
1993 52 662 286
1994 50 621 329
1995 52 549 399
1996 59 465 476
1997 78 384 538
1998 108 290 602
1999 150 212 638
2000 198 164 638
2001 243 140 617
2002 304 136 560
2003 364 147 489
2004 406 171 423
2005 445 210 345
2006 447 265 288
2007 400 341 259
2008 315 436 249
2009 248 545 207
2010 168 616 216
2011 110 685 205
2012 78 719 203
2013 58 712 230
2014 39 677 284
2015 43 620 337
2016 45 521 434
2017 59 410 531
2018 77 325 598
2019 96 238 666
2020 125 185 690
2021 174 163 663
2022 234 149 617
2023 308 146 546
2024 381 171 448
2025 413 209 378
2026 425 262 313
2027 405 337 258
2028 343 410 247
2029 262 494 244
2030 196 589 215
2031 123 658 219
2032 94 706 200
2033 60 697 243
2034 45 678 277
2035 52 618 330
2036 56 538 406
2037 59 450 491
2038 74 352 574
2039 88 268 644
2040 121 206 673
2041 164 182 654
2042 229 158 613
2043 294 153 553
2044 363 168 469
2045 423 187 390
2046 460 225 315
2047 468 272 260
2048 413 326 261
2049 345 405 250
2050 256 497 247
2051 176 591 233
2052 125 656 219
2053 82 688 230
2054 62 693 245
2055 58 666 276
2056 59 616 325
2057 60 536 404
2058 60 443 497
2059 82 349 569
2060 106 262 632
2061 144 206 650
2062 180 163 657
2063 235 154 611
2064 300 149 551
2065 367 164 469
2066 435 190 375
2067 452 216 332
2068 435 286 279
2069 402 359 239
2070 316 435 249
2071 230 530 240
2072 161 621 218
2073 112 675 213
2074 94 698 208
2075 71 690 239
2076 66 643 291
2077 59 575 366
2078 69 506 425
2079 78 401 521
2080 97 301 602
2081 116 228 656
2082 140 186 674
2083 193 170 637
2084 258 164 578
2085 315 167 518
2086 385 179 436
2087 428 214 358
2088 425 271 304
2089 403 347 250
2090 352 411 237
2091 282 478 240
2092 209 554 237
2093 132 624 244
2094 84 689 227
2095 57 702 241
2096 48 672 280
2097 55 605 340
2098 70 534 396
2099 83 452 465
2100 81 363 556
2101 98 295 607
2102 124 213 663
2103 176 174 650
2104 239 152 609
2105 300 156 544
2106 353 166 481
2107 408 195 397
2108 433 229 338
2109 451 272 277
2110 419 336 245
2111 346 407 247
2112 249 502 249
2113 189 595 216
2114 127 645 228
2115 94 678 228
2116 70 677 253
2117 59 658 283
2118 65 605 330
2119 58 528 414
2120 65 440 495
2121 79 340 581
2122 101 276 623
2123 127 221 652
2124 173 196 631
2125 222 169 609
2126 286 173 541
2127 356 186 458
2128 421 204 375
2129 436 239 325
2130 409 288 303
2131 356 370 274
2132 315 448 237
2133 251 516 233
2134 183 576 241
2135 147 631 222
2136 98 649 253
2137 82 663 255
2138 73 630 297
2139 67 557 376
2140 66 485 449
2141 79 418 503
2142 88 345 567
2143 114 281 605
2144 150 237 613
2145 192 187 621
2146 265 178 557
2147 332 178 490
2148 370 183 447
2149 412 212 376
2150 433 243 324
2151 417 286 297
2152 390 346 264
2153 308 423 269
2154 239 514 247
2155 171 583 246
2156 115 646 239
2157 88 673 239
2158 76 669 255
2159 68 638 294
2160 59 586 355
2161 59 518 423
2162 66 427 507
2163 83 351 566
2164 114 271 615
2165 143 213 644
2166 182 188 630
2167 231 180 589
2168 300 183 517
2169 369 182 449
2170 407 204 389
2171 427 242 331
2172 424 302 274
2173 373 363 264
2174 286 439 275
2175 220 534 246
2176 162 597 241
2177 120 656 224
2178 93 676 231
2179 76 665 259
2180 72 622 306
2181 63 565 372
2182 63 498 439
2183 72 403 525
2184 83 331 586
2185 112 261 627
2186 148 212 640
2187 201 187 612
2188 252 177 571
2189 304 183 513
2190 368 198 434
2191 380 229 391
2192 391 289 320
2193 385 348 267
2194 332 403 265
2195 257 481 262
2196 191 566 243
2197 158 626 216
2198 114 644 242
2199 81 657 262
2200 61 630 309
2201 54 591 355
2202 55 543 402
2203 64 464 472
2204 80 370 550
2205 104 294 602
2206 136 252 612
2207 181 207 612
2208 222 189 589
2209 257 187 556
2210 297 200 503
2211 349 239 412
2212 356 281 363
2213 327 350 323
2214 315 421 264
2215 253 478 269
2216 192 558 250
2217 126 621 253
2218 92 674 234
2219 69 669 262
2220 48 650 302
2221 49 602 349
2222 53 530 417
2223 69 469 462
2224 90 373 537
2225 106 289 605
2226 151 220 629
2227 179 180 641
2228 236 171 593
2229 285 162 553
2230 317 185 498
2231 382 214 404
2232 413 245 342
2233 415 298 287
2234 375 365 260
2235 307 445 248
2236 251 522 227
2237 181 587 232
2238 130 634 236
2239 89 656 255
2240 69 666 265
2241 65 633 302
2242 56 570 374
2243 73 499 428
2244 74 405 521
2245 101 339 560
2246 129 265 606
2247 151 215 634
2248 185 183 632
2249 248 182 570
2250 294 182 524
2251 347 207 446
2252 373 248 379
2253 386 288 326
2254 371 349 280
2255 327 414 259
2256 266 490 244
2257 192 552 256
2258 126 626 248
2259 70 667 263
2260 60 682 258
2261 52 652 296
2262 51 599 350
2263 64 535 401
2264 81 446 473
2265 84 367 549
2266 115 290 595
2267 133 218 649
2268 177 185 638
2269 217 171 612
2270 254 184 562
2271 311 211 478
2272 353 243 404
2273 388 280 332
2274 400 322 278
2275 375 382 243
2276 308 440 252
2277 223 521 256
2278 159 593 248
2279 104 630 266
2280 75 653 272
2281 65 645 290
2282 64 613 323
2283 75 554 371
2284 81 485 434
2285 87 398 515
2286 106 320 574
2287 133 264 603
2288 167 214 619
2289 201 188 611
2290 246 186 568
2291 297 200 503
2292 346 218 436
2293 389 256 355
2294 384 291 325
2295 358 352 290
2296 295 428 277
2297 223 517 260
2298 151 591 258
2299 116 649 235
2300 86 666 248
2301 84 658 258
2302 86 625 289
2303 76 562 362
2304 76 496 428
2305 80 407 513
2306 90 329 581
2307 103 261 636
2308 131 231 638
2309 167 211 622
2310 227 208 565
2311 284 211 505
2312 335 220 445
2313 373 258 369
2314 389 298 313
2315 355 350 295
2316 316 414 270
2317 248 473 279
2318 196 544 260
2319 154 593 253
2320 115 626 259
2321 104 627 269
2322 94 598 308
2323 96 556 348
2324 97 490 413
2325 99 430 471
2326 95 357 548
2327 99 312 589
2328 136 275 589
2329 182 237 581
2330 220 220 560
2331 261 224 515
2332 287 249 464
2333 323 283 394
2334 322 320 358
2335 312 366 322
2336 274 413 313
2337 228 489 283
2338 186 552 262
2339 140 590 270
2340 113 611 276
2341 98 604 298
2342 102 582 316
2343 102 532 366
2344 91 485 424
2345 83 420 497
2346 89 365 546
2347 114 321 565
2348 147 275 578
2349 179 249 572
2350 236 239 525
2351 278 232 490
2352 324 237 439
2353 346 256 398
2354 361 289 350
2355 351 318 331
2356 303 374 323
2357 260 448 292
2358 213 501 286
2359 175 555 270
2360 151 588 261
2361 124 593 283
2362 110 587 303
2363 84 572 344
2364 80 542 378
2365 82 472 446
2366 69 417 514
2367 83 376 541
2368 114 329 557
2369 159 293 548
2370 188 254 558
2371 231 240 529
2372 280 227 493
2373 317 248 435
2374 325 266 409
2375 316 299 385
2376 294 355 351
2377 272 413 315
2378 236 474 290
2379 219 524 257
2380 164 554 282
2381 146 588 266
2382 124 588 288
2383 116 577 307
2384 102 529 369
2385 80 485 435
2386 81 446 473
2387 93 395 512
2388 124 353 523
2389 145 288 567
2390 186 267 547
2391 224 237 539
2392 259 247 494
2393 298 256 446
2394 327 256 417
2395 327 278 395
2396 328 320 352
2397 283 384 333
2398 265 450 285
2399 203 498 299
2400 167 550 283
2401 148 577 275
2402 130 596 274
2403 107 592 301
2404 88 573 339
2405 88 528 384
2406 86 462 452
2407 106 416 478
2408 118 344 538
2409 133 305 562
2410 148 271 581
2411 183 260 557
2412 242 244 514
2413 291 230 479
2414 312 247 441
2415 345 272 383
2416 348 311 341
2417 324 347 329
2418 285 405 310
2419 249 455 296
2420 210 507 283
2421 154 560 286
2422 127 599 274
2423 100 601 299
2424 97 589 314
2425 87 556 357
2426 99 508 393
2427 104 446 450
2428 105 389 506
2429 124 335 541
2430 147 277 576
2431 183 252 565
2432 213 228 559
2433 245 231 524
2434 286 247 467
2435 305 268 427
2436 294 306 400
2437 305 371 324
2438 288 418 294
2439 258 460 282
2440 217 514 269
2441 185 552 263
2442 148 568 284
2443 125 584 291
2444 100 569 331
2445 88 529 383
2446 90 494 416
2447 87 450 463
2448 102 399 499
2449 132 346 522
2450 155 300 545
2451 187 261 552
2452 237 244 519
2453 255 234 511
2454 271 251 478
2455 287 279 434
2456 286 314 400
2457 282 368 350
2458 268 418 314
2459 235 471 294
2460 206 521 273
2461 165 560 275
2462 128 584 288
2463 99 593 308
2464 71 587 342
2465 60 561 379
2466 61 522 417
2467 74 468 458
2468 99 405 496
2469 130 341 529
2470 153 286 561
2471 181 254 565
2472 225 232 543
2473 243 214 543
2474 264 235 501
2475 280 268 452
2476 289 315 396
2477 284 370 346
2478 274 430 296
2479 249 472 279
2480 213 519 268
2481 168 573 259
2482 130 597 273
2483 105 602 293
2484 72 580 348
2485 62 558 380
2486 75 508 417
2487 81 453 466
2488 90 400 510
2489 127 337 536
2490 152 276 572
2491 187 246 567
2492 230 233 537
2493 271 212 517
2494 303 221 476
2495 333 244 423
2496 349 267 384
2497 343 314 343
2498 309 381 310
2499 270 445 285
2500 231 497 272
2501 174 557 269
2502 120 605 275
2503 102 636 262
2504 74 631 295
2505 57 612 331
2506 67 562 371
2507 79 488 433
2508 85 424 491
2509 107 358 535
2510 128 288 584
2511 162 236 602
2512 201 207 592
2513 252 187 561
2514 310 186 504
2515 337 202 461
2516 356 239 405
2517 365 286 349
2518 354 347 299
2519 307 410 283
2520 263 486 251
2521 210 550 240
2522 143 604 253
2523 112 655 233
2524 93 649 258
2525 81 621 298
2526 81 572 347
2527 72 509 419
2528 82 442 476
2529 89 368 543
2530 97 307 596
2531 136 248 616
2532 172 215 613
2533 220 207 573
2534 277 208 515
2535 329 214 457
2536 359 229 412
2537 383 273 344
2538 388 310 302
2539 341 364 295
2540 281 444 275
2541 224 512 264
2542 154 568 278
2543 113 632 255
2544 80 658 262
2545 75 647 278
2546 75 615 310
2547 67 561 372
2548 78 489 433
2549 92 410 498
2550 99 340 561
2551 127 269 604
2552 166 215 619
2553 198 187 615
2554 248 187 565
2555 314 191 495
2556 360 197 443
2557 388 230 382
2558 414 272 314
2559 380 317 303
2560 331 405 264
2561 277 482 241
2562 200 536 264
2563 164 609 227
2564 126 639 235
2565 90 644 266
2566 71 638 291
2567 61 612 327
2568 63 534 403
2569 75 455 470
2570 89 389 522
2571 101 302 597
2572 135 260 605
2573 169 221 610
2574 204 193 603
2575 280 184 536
2576 337 186 477
2577 360 208 432
2578 401 251 348
2579 377 297 326
2580 351 363 286
2581 299 428 273
2582 247 508 245
2583 192 569 239
2584 133 622 245
2585 92 659 249
2586 61 657 282
2587 56 642 302
2588 55 581 364
2589 58 517 425
2590 73 434 493
2591 86 358 556
2592 116 292 592
2593 155 225 620
2594 197 188 615
2595 255 161 584
2596 287 164 549
2597 347 196 457
2598 382 219 399
2599 384 260 356
2600 377 324 299
2601 337 398 265
2602 284 475 241
2603 205 555 240
2604 153 631 216
2605 113 651 236
2606 81 668 251
2607 60 659 281
2608 50 616 334
2609 50 552 398
2610 60 475 465
2611 78 385 537
2612 111 291 598
2613 139 238 623
2614 177 193 630
2615 228 164 608
2616 282 156 562
2617 329 166 505
2618 372 196 432
2619 418 243 339
2620 404 291 305
2621 373 358 269
2622 327 434 239
2623 254 509 237
2624 185 590 225
2625 132 649 219
2626 84 672 244
2627 64 673 263
2628 64 645 291
2629 54 578 368
2630 55 512 433
2631 67 436 497
2632 86 343 571
2633 118 265 617
2634 155 210 635
2635 193 172 635
2636 253 162 585
2637 310 169 521
2638 348 178 474
2639 389 216 395
2640 395 268 337
2641 371 340 289
2642 330 419 251
2643 258 498 244
2644 199 580 221
2645 138 632 230
2646 95 684 221
2647 71 689 240
2648 57 661 282
2649 49 603 348
2650 52 532 416
2651 61 450 489
2652 67 359 574
2653 92 301 607
2654 135 224 641
2655 184 176 640
2656 242 155 603
2657 308 155 537
2658 345 160 495
2659 393 205 402
2660 406 248 346
2661 411 293 296
2662 372 365 263
2663 302 452 246
2664 243 543 214
2665 181 602 217
2666 118 659 223
2667 73 677 250
2668 53 679 268
2669 44 654 302
2670 44 591 365
2671 38 504 458
2672 58 419 523
2673 78 340 582
2674 124 263 613
2675 159 199 642
2676 193 162 645
2677 252 153 595
2678 329 157 514
2679 391 167 442
2680 419 190 391
2681 440 241 319
2682 438 297 265
2683 387 363 250
2684 321 451 228
2685 244 526 230
2686 164 599 237
2687 117 669 214
2688 74 693 233
2689 53 685 262
2690 46 650 304
2691 52 591 357
2692 75 497 428
2693 80 399 521
2694 87 321 592
2695 114 244 642
2696 153 193 654
2697 200 162 638
2698 252 150 598
2699 318 157 525
2700 373 185 442
2701 409 228 363
2702 414 270 316
2703 392 342 266
2704 345 415 240
2705 258 493 249
2706 188 592 220
2707 122 655 223
2708 81 693 226
2709 65 691 244
2710 55 665 280
2711 53 603 344
2712 59 532 409
2713 62 448 490
2714 76 346 578
2715 104 269 627
2716 130 203 667
2717 173 179 648
2718 235 162 603
2719 300 162 538
2720 344 168 488
2721 396 208 396
2722 416 258 326
2723 421 315 264
2724 379 376 245
2725 320 442 238
2726 245 518 237
2727 180 593 227
2728 126 652 222
2729 100 666 234
2730 76 642 282
2731 67 609 324
2732 69 557 374
2733 64 489 447
2734 68 418 514
2735 80 339 581
2736 123 268 609
2737 165 211 624
2738 207 193 600
2739 244 184 572
2740 292 199 509
2741 323 219 458
2742 349 259 392
2743 351 312 337
2744 327 381 292
2745 271 462 267
2746 215 536 249
2747 168 601 231
2748 129 633 238
2749 95 652 253
2750 77 646 277
2751 64 611 325
2752 59 555 386
2753 71 479 450
2754 87 393 520
2755 111 312 577
2756 138 256 606
2757 180 210 610
2758 230 174 596
2759 282 159 559
2760 320 163 517
2761 365 201 434
2762 396 242 362
2763 376 292 332
2764 342 368 290
2765 309 448 243
2766 267 517 216
2767 199 574 227
2768 139 638 223
2769 101 660 239
2770 75 657 268
2771 53 633 314
2772 49 579 372
2773 54 503 443
2774 64 429 507
2775 88 362 550
2776 129 274 597
2777 165 211 624
2778 208 178 614
2779 272 159 569
2780 332 149 519
2781 369 165 466
2782 392 202 406
2783 408 246 346
2784 396 318 286
2785 339 393 268
2786 275 483 242
2787 221 566 213
2788 156 630 214
2789 110 679 211
2790 78 688 234
2791 55 676 269
2792 44 627 329
2793 43 563 394
2794 49 474 477
2795 62 385 553
2796 82 308 610
2797 123 239 638
2798 164 189 647
2799 215 160 625
2800 270 158 572
2801 332 167 501
2802 383 194 423
2803 389 232 379
2804 397 303 300
2805 378 364 258
2806 322 433 245
2807 248 518 234
2808 182 594 224
2809 120 651 229
2810 89 686 225
2811 67 679 254
2812 62 630 308
2813 55 574 371
2814 57 512 431
2815 66 425 509
2816 90 340 570
2817 110 259 631
2818 145 204 651
2819 208 176 616
2820 257 162 581
2821 296 169 535
2822 351 192 457
2823 402 224 374
2824 430 258 312
2825 423 311 266
2826 351 373 276
2827 285 473 242
2828 199 553 248
2829 150 632 218
2830 104 658 238
2831 86 672 242
2832 64 656 280
2833 70 625 305
2834 69 557 374
2835 72 458 470
2836 83 375 542
2837 108 285 607
2838 133 234 633
2839 155 195 650
2840 200 189 611
2841 251 175 574
2842 329 192 479
2843 380 213 407
2844 434 245 321
2845 423 281 296
2846 402 343 255
2847 340 403 257
2848 277 471 252
2849 197 548 255
2850 153 611 236
2851 115 634 251
2852 94 640 266
2853 85 625 290
2854 85 572 343
2855 88 512 400
2856 79 441 480
2857 89 373 538
2858 105 300 595
2859 137 261 602
2860 159 223 618
2861 209 216 575
2862 255 219 526
2863 308 233 459
2864 341 251 408
2865 383 286 331
2866 370 317 313
2867 336 369 295
2868 275 441 284
2869 227 509 264
2870 187 554 259
2871 152 580 268
2872 135 597 268
2873 113 579 308
2874 93 570 337
2875 76 538 386
2876 90 483 427
2877 97 401 502
2878 106 349 545
2879 129 314 557
2880 165 274 561
2881 191 256 553
2882 236 239 525
2883 283 226 491
2884 332 234 434
2885 338 267 395
2886 318 313 369
2887 299 368 333
2888 257 427 316
2889 216 487 297
2890 181 545 274
2891 161 593 246
2892 126 605 269
2893 101 607 292
2894 95 586 319
2895 92 537 371
2896 92 481 427
2897 98 421 481
2898 108 357 535
2899 123 299 578
2900 138 272 590
2901 175 255 570
2902 240 239 521
2903 281 223 496
2904 314 238 448
2905 335 265 400
2906 352 308 340
2907 332 349 319
2908 293 396 311
2909 264 452 284
2910 215 497 288
2911 170 562 268
2912 126 592 282
2913 103 609 288
2914 93 589 318
2915 91 558 351
2916 95 513 392
2917 99 453 448
2918 86 404 510
2919 103 352 545
2920 129 305 566
2921 179 262 559
2922 213 232 555
2923 250 229 521
2924 282 237 481
2925 297 265 438
2926 309 299 392
2927 307 339 354
2928 284 388 328
2929 242 454 304
2930 192 526 282
2931 144 579 277
2932 120 619 261
2933 99 615 286
2934 94 602 304
2935 85 567 348
2936 87 527 386
2937 81 459 460
2938 84 393 523
2939 103 337 560
2940 146 278 576
2941 180 239 581
2942 219 218 563
2943 254 214 532
2944 292 219 489
2945 335 249 416
2946 351 272 377
2947 355 312 333
2948 321 367 312
2949 283 440 277
2950 217 499 284
2951 177 569 254
2952 144 604 252
2953 120 607 273
2954 107 608 285
2955 91 581 328
2956 71 542 387
2957 77 489 434
2958 91 424 485
2959 104 340 556
2960 141 292 567
2961 167 252 581
2962 208 225 567
2963 250 211 539
2964 293 208 499
2965 307 218 475
2966 349 269 382
2967 350 311 339
2968 328 358 314
2969 279 420 301
2970 233 496 271
2971 200 556 244
2972 156 592 252
2973 104 626 270
2974 78 627 295
2975 74 611 315
2976 57 568 375
2977 64 523 413
2978 78 440 482
2979 90 366 544
2980 114 318 568
2981 165 260 575
2982 192 208 600
2983 237 197 566
2984 276 195 529
2985 328 201 471
2986 356 232 412
2987 356 278 366
2988 372 326 302
2989 351 368 281
2990 294 441 265
2991 237 509 254
2992 189 568 243
2993 138 610 252
2994 104 630 266
2995 91 618 291
2996 79 583 338
2997 73 553 374
2998 84 486 430
2999 87 407 506
3000 113 345 542
3001 137 277 586
3002 164 233 603
3003 194 218 588
3004 225 223 552
3005 279 222 499
3006 329 235 436
3007 357 264 379
3008 362 298 340
3009 351 361 288
3010 312 416 272
3011 253 470 277
3012 207 524 269
3013 168 571 261
3014 118 597 285
3015 99 618 283
3016 69 603 328
3017 60 570 370
3018 71 524 405
3019 86 459 455
3020 98 390 512
3021 117 331 552
3022 145 286 569
3023 180 237 583
3024 228 217 555
3025 263 202 535
3026 300 213 487
3027 349 241 410
3028 380 261 359
3029 382 289 329
3030 365 332 303
3031 317 398 285
3032 271 466 263
3033 210 527 263
3034 143 577 280
3035 103 616 281
3036 78 636 286
3037 76 633 291
3038 73 592 335
3039 79 529 392
3040 87 455 458
3041 108 386 506
3042 140 315 545
3043 156 244 600
3044 173 208 619
3045 205 194 601
3046 270 203 527
3047 327 201 472
3048 373 218 409
3049 396 241 363
3050 411 289 300
3051 381 345 274
3052 329 411 260
3053 248 477 275
3054 180 549 271
3055 120 619 261
3056 91 662 247
3057 77 668 255
3058 68 634 298
3059 78 587 335
3060 81 511 408
3061 95 442 463
3062 95 356 549
3063 102 286 612
3064 128 236 636
3065 173 204 623
3066 211 193 596
3067 267 202 531
3068 320 222 458
3069 370 238 392
3070 389 274 337
3071 364 325 311
3072 311 400 289
3073 249 485 266
3074 191 558 251
3075 144 607 249
3076 121 634 245
3077 93 641 266
3078 94 633 273
3079 90 581 329
3080 85 510 405
3081 80 430 490
3082 93 362 545
3083 105 300 595
3084 136 261 603
3085 166 223 611
3086 214 201 585
3087 276 205 519
3088 333 214 453
3089 377 237 386
3090 396 261 343
3091 388 304 308
3092 352 351 297
3093 287 425 288
3094 214 512 274
3095 172 581 247
3096 130 614 256
3097 107 633 260
3098 85 632 283
3099 77 611 312
3100 67 572 361
3101 67 508 425
3102 68 421 511
3103 86 351 563
3104 118 300 582
3105 147 249 604
3106 184 221 595
3107 227 205 568
3108 277 201 522
3109 349 215 436
3110 396 230 374
3111 405 253 342
3112 383 295 322
3113 337 368 295
3114 269 442 289
3115 213 526 261
3116 166 586 248
3117 114 619 267
3118 85 656 259
3119 79 662 259
3120 71 626 303
3121 73 561 366
3122 76 485 439
3123 80 398 522
3124 101 334 565
3125 119 280 601
3126 150 225 625
3127 180 188 632
3128 238 194 568
3129 289 201 510
3130 354 226 420
3131 386 248 366
3132 371 280 349
3133 361 349 290
3134 317 414 269
3135 249 495 256
3136 188 557 255
3137 132 611 257
3138 109 642 249
3139 97 643 260
3140 87 623 290
3141 81 564 355
3142 80 505 415
3143 103 425 472
3144 118 340 542
3145 140 271 589
3146 161 218 621
3147 193 196 611
3148 251 184 565
3149 320 185 495
3150 369 175 456
3151 407 206 387
3152 412 253 335
3153 407 317 276
3154 352 375 273
3155 297 452 251
3156 215 519 266
3157 149 600 251
3158 99 676 225
3159 73 695 232
3160 59 674 267
3161 57 624 319
3162 60 568 372
3163 70 488 442
3164 81 411 508
3165 78 319 603
3166 109 246 645
3167 143 196 661
3168 193 183 624
3169 241 183 576
3170 300 191 509
3171 335 212 453
3172 381 254 365
3173 401 300 299
3174 389 353 258
3175 317 415 268
3176 242 500 258
3177 186 575 239
3178 137 623 240
3179 103 651 246
3180 86 643 271
3181 79 614 307
3182 75 568 357
3183 81 510 409
3184 85 419 496
3185 101 340 559
3186 117 276 607
3187 154 232 614
3188 187 203 610
3189 225 199 576
3190 270 207 523
3191 328 220 452
3192 386 253 361
3193 396 274 330
3194 394 328 278
3195 356 374 270
3196 293 441 266
3197 229 508 263
3198 173 564 263
3199 135 607 258
3200 100 612 288
3201 74 626 300
3202 76 598 326
3203 72 550 378
3204 73 487 440
3205 94 419 487
3206 113 342 545
3207 142 280 578
3208 160 246 594
3209 201 214 585
3210 219 201 580
3211 265 231 504
3212 313 248 439
3213 345 268 387
3214 356 313 331
3215 321 364 315
3216 297 433 270
3217 253 489 258
3218 192 546 262
3219 147 577 276
3220 118 605 277
3221 88 614 298
3222 71 599 330
3223 70 565 365
3224 80 497 423
3225 87 431 482
3226 119 367 514
3227 133 304 563
3228 156 262 582
3229 188 230 582
3230 228 213 559
3231 276 207 517
3232 310 227 463
3233 341 259 400
3234 358 292 350
3235 346 338 316
3236 313 392 295
3237 282 457 261
3238 239 505 256
3239 182 554 264
3240 136 591 273
3241 104 605 291
3242 87 604 309
3243 82 575 343
3244 77 526 397
3245 82 466 452
3246 90 413 497
3247 101 356 543
3248 131 308 561
3249 166 264 570
3250 202 230 568
3251 244 223 533
3252 293 230 477
3253 318 241 441
3254 338 269 393
3255 341 306 353
3256 334 351 315
3257 306 402 292
3258 266 464 270
3259 207 511 282
3260 169 563 268
3261 134 590 276
3262 112 597 291
3263 101 582 317
3264 86 548 366
3265 85 512 403
3266 97 451 452
3267 109 392 499
3268 125 328 547
3269 154 285 561
3270 174 249 577
3271 216 244 540
3272 241 236 523
3273 275 247 478
3274 306 274 420
3275 335 302 363
3276 334 337 329
3277 317 381 302
3278 262 434 304
3279 240 494 266
3280 190 524 286
3281 135 563 302
3282 103 591 306
3283 91 595 314
3284 88 572 340
3285 87 531 382
3286 105 479 416
3287 119 401 480
3288 149 357 494
3289 169 288 543
3290 186 240 574
3291 209 219 572
3292 234 219 547
3293 261 235 504
3294 307 260 433
3295 301 292 407
3296 321 342 337
3297 320 391 289
3298 294 440 266
3299 238 487 275
3300 183 543 274
3301 129 582 289
3302 100 611 289
3303 83 608 309
3304 64 575 361
3305 73 545 382
3306 85 487 428
3307 106 428 466
3308 136 351 513
3309 159 282 559
3310 187 230 583
3311 221 205 574
3312 244 204 552
3313 276 211 513
3314 304 237 459
3315 337 268 395
3316 351 312 337
3317 329 367 304
3318 292 441 267
3319 244 503 253
3320 199 552 249
3321 144 590 266
3322 111 619 270
3323 88 621 291
3324 72 600 328
3325 77 561 362
3326 84 482 434
3327 100 413 487
3328 117 348 535
3329 142 293 565
3330 165 239 596
3331 195 214 591
3332 226 205 569
3333 280 213 507
3334 310 238 452
3335 342 277 381
3336 353 310 337
3337 359 354 287
3338 304 402 294
3339 258 482 260
3340 200 537 263
3341 161 587 252
3342 114 601 285
3343 89 609 302
3344 83 601 316
3345 84 563 353
3346 83 514 403
3347 93 435 472
3348 114 370 516
3349 128 299 573
3350 157 271 572
3351 183 234 583
3352 221 216 563
3353 242 216 542
3354 310 244 446
3355 331 255 414
3356 363 299 338
3357 335 338 327
3358 313 394 293
3359 273 453 274
3360 221 511 268
3361 173 563 264
3362 131 583 286
3363 110 614 276
3364 77 591 332
3365 78 585 337
3366 84 528 388
3367 86 463 451
3368 88 403 509
3369 117 349 534
3370 131 300 569
3371 169 255 576
3372 200 240 560
3373 248 215 537
3374 289 224 487
3375 338 248 414
3376 355 259 386
3377 354 296 350
3378 345 346 309
3379 307 400 293
3380 263 453 284
3381 205 522 273
3382 154 571 275
3383 120 598 282
3384 108 621 271
3385 92 596 312
3386 88 562 350
3387 82 512 406
3388 88 465 447
3389 96 390 514
3390 112 333 555
3391 127 290 583
3392 163 252 585
3393 200 241 559
3394 241 238 521
3395 275 247 478
3396 307 260 433
3397 335 303 362
3398 332 332 336
3399 311 378 311
3400 257 437 306
3401 202 502 296
3402 171 560 269
3403 130 582 288
3404 93 610 297
3405 87 604 309
3406 86 581 333
3407 79 536 385
3408 85 484 431
3409 93 413 494
3410 110 347 543
3411 129 308 563
3412 158 261 581
3413 199 238 563
3414 246 220 534
3415 291 218 491
3416 335 225 440
3417 355 252 393
3418 328 298 374
3419 332 364 304
3420 298 407 295
3421 251 464 285
3422 190 529 281
3423 158 592 250
3424 133 617 250
3425 114 615 271
3426 103 588 309
3427 100 533 367
3428 101 493 406
3429 85 435 480
3430 87 386 527
3431 108 321 571
3432 134 275 591
3433 186 251 563
3434 253 226 521
3435 285 214 501
3436 332 222 446
3437 347 233 420
3438 370 267 363
3439 348 309 343
3440 309 377 314
3441 265 440 295
3442 224 509 267
3443 179 562 259
3444 156 599 245
3445 131 611 258
3446 110 602 288
3447 81 581 338
3448 77 542 381
3449 68 483 449
3450 73 423 504
3451 101 365 534
3452 125 300 575
3453 167 264 569
3454 203 231 566
3455 242 216 542
3456 279 216 505
3457 314 238 448
3458 323 263 414
3459 330 312 358
3460 298 370 332
3461 273 438 289
3462 235 496 269
3463 201 549 250
3464 170 583 247
3465 124 592 284
3466 85 613 302
3467 62 603 335
3468 63 568 369
3469 74 499 427
3470 89 430 481
3471 109 362 529
3472 143 308 549
3473 171 265 564
3474 202 216 582
3475 238 195 567
3476 295 194 511
3477 324 206 470
3478 346 246 408
3479 341 292 367
3480 303 351 346
3481 290 432 278
3482 270 494 236
3483 225 535 240
3484 157 581 262
3485 108 637 255
3486 77 646 277
3487 68 631 301
3488 59 581 360
3489 71 509 420
3490 94 435 471
3491 108 371 521
3492 117 311 572
3493 155 246 599
3494 201 199 600
3495 267 168 565
3496 338 152 510
3497 382 153 465
3498 404 183 413
3499 417 225 358
3500 409 272 319
3501 379 345 276
3502 317 422 261
3503 254 515 231
3504 185 594 221
3505 128 662 210
3506 84 689 227
3507 59 691 250
3508 55 669 276
3509 61 600 339
3510 59 517 424
3511 56 426 518
3512 67 350 583
3513 98 271 631
3514 134 213 653
3515 177 175 648
3516 240 154 606
3517 301 160 539
3518 369 182 449
3519 407 205 388
3520 427 243 330
3521 401 302 297
3522 360 386 254
3523 297 465 238
3524 229 549 222
3525 154 611 235
3526 116 664 220
3527 87 679 234
3528 68 670 262
3529 57 630 313
3530 57 557 386
3531 58 478 464
3532 73 393 534
3533 89 316 595
3534 106 247 647
3535 150 215 635
3536 203 180 617
3537 273 167 560
3538 328 170 502
3539 387 194 419
3540 424 220 356
3541 439 260 301
3542 396 314 290
3543 339 389 272
3544 268 481 251
3545 197 565 238
3546 132 633 235
3547 104 674 222
3548 76 676 248
3549 55 664 281
3550 56 631 313
3551 47 555 398
3552 51 472 477
3553 63 384 553
3554 88 304 608
3555 111 238 651
3556 147 213 640
3557 186 189 625
3558 255 183 562
3559 306 190 504
3560 355 222 423
3561 392 261 347
3562 401 304 295
3563 359 361 280
3564 297 428 275
3565 253 514 233
3566 182 564 254
3567 132 628 240
3568 99 646 255
3569 79 640 281
3570 64 617 319
3571 68 575 357
3572 63 504 433
3573 82 423 495
3574 93 354 553
3575 122 279 599
3576 158 232 610
3577 185 202 613
3578 229 198 573
3579 285 196 519
3580 340 211 449
3581 354 237 409
3582 376 292 332
3583 358 345 297
3584 315 410 275
3585 246 483 271
3586 196 556 248
3587 141 608 251
3588 112 648 240
3589 85 651 264
3590 72 623 305
3591 79 583 338
3592 73 511 416
3593 84 444 472
3594 94 360 546
3595 107 298 595
3596 137 245 618
3597 182 212 606
3598 225 195 580
3599 278 192 530
3600 315 211 474
3601 362 241 397
3602 369 278 353
3603 372 333 295
3604 326 383 291
3605 268 462 270
3606 209 537 254
3607 145 599 256
3608 111 644 245
3609 89 648 263
3610 82 633 285
3611 78 585 337
3612 74 539 387
3613 75 464 461
3614 84 388 528
3615 100 317 583
3616 139 256 605
3617 168 213 619
3618 215 199 586
3619 263 200 537
3620 322 198 480
3621 369 214 417
3622 397 243 360
3623 405 286 309
3624 375 339 286
3625 325 412 263
3626 246 476 278
3627 187 554 259
3628 146 615 239
3629 103 640 257
3630 71 654 275
3631 74 643 283
3632 67 587 346
3633 78 521 401
3634 89 446 465
3635 98 357 545
3636 109 287 604
3637 140 251 609
3638 175 206 619
3639 220 182 598
3640 281 193 526
3641 328 198 474
3642 383 226 391
3643 395 260 345
3644 377 318 305
3645 364 372 264
3646 311 430 259
3647 235 507 258
3648 173 572 255
3649 126 629 245
3650 96 648 256
3651 75 644 281
3652 78 607 315
3653 68 550 382
3654 80 502 418
3655 88 413 499
3656 94 340 566
3657 119 277 604
3658 145 233 622
3659 188 211 601
3660 235 205 560
3661 255 215 530
3662 313 243 444
3663 333 274 393
3664 349 327 324
3665 329 374 297
3666 296 438 266
3667 247 493 260
3668 195 548 257
3669 150 590 260
3670 112 607 281
3671 95 614 291
3672 88 578 334
3673 78 538 384
3674 77 484 439
3675 87 430 483
3676 95 365 540
3677 132 315 553
3678 146 261 593
3679 184 240 576
3680 214 238 548
3681 253 248 499
3682 270 263 467
3683 301 300 399
3684 322 334 344
3685 306 363 331
3686 275 433 292
3687 229 485 286
3688 180 533 287
3689 137 572 291
3690 101 600 299
3691 91 599 310
3692 95 575 330
3693 84 542 374
3694 88 483 429
3695 104 427 469
3696 116 363 521
3697 140 312 548
3698 168 260 572
3699 185 233 582
3700 205 240 555
3701 248 253 499
3702 292 269 439
3703 320 281 399
3704 340 317 343
3705 326 348 326
3706 314 414 272
3707 278 453 269
3708 214 482 304
3709 182 533 285
3710 148 549 303
3711 112 571 317
3712 92 571 337
3713 84 560 356
3714 91 502 407
3715 100 456 444
3716 117 418 465
3717 141 350 509
3718 145 310 545
3719 177 284 539
3720 204 252 544
3721 251 236 513
3722 268 247 485
3723 282 276 442
3724 320 300 380
3725 324 330 346
3726 285 366 349
3727 254 431 315
3728 218 494 288
3729 176 546 278
3730 146 577 277
3731 122 578 300
3732 105 578 317
3733 91 565 344
3734 98 543 359
3735 95 471 434
3736 100 411 489
3737 121 354 525
3738 153 302 545
3739 176 269 555
3740 195 246 559
3741 211 240 549
3742 274 246 480
3743 313 255 432
3744 330 276 394
3745 330 316 354
3746 315 368 317
3747 283 416 301
3748 230 471 299
3749 206 530 264
3750 171 548 281
3751 139 574 287
3752 118 585 297
3753 91 566 343
3754 79 541 380
3755 90 505 405
3756 105 439 456
3757 127 365 508
3758 143 325 532
3759 159 283 558
3760 191 256 553
3761 226 243 531
3762 263 233 504
3763 302 232 466
3764 338 259 403
3765 323 297 380
3766 309 352 339
3767 281 408 311
3768 243 463 294
3769 222 514 264
3770 204 545 251
3771 157 564 279
3772 125 584 291
3773 109 578 313
3774 96 539 365
3775 111 496 393
3776 121 426 453
3777 119 365 516
3778 129 336 535
3779 142 307 551
3780 169 274 557
3781 222 253 525
3782 267 239 494
3783 313 237 450
3784 340 261 399
3785 333 295 372
3786 314 331 355
3787 293 379 328
3788 248 433 319
3789 211 499 290
3790 186 550 264
3791 144 577 279
3792 113 595 292
3793 111 592 297
3794 99 558 343
3795 106 522 372
3796 104 461 435
3797 111 397 492
3798 122 339 539
3799 138 301 561
3800 169 267 564
3801 213 239 548
3802 240 229 531
3803 288 238 474
3804 333 251 416
3805 350 270 380
3806 332 311 357
3807 305 367 328
3808 280 428 292
3809 240 481 279
3810 207 531 262
3811 152 555 293
3812 125 597 278
3813 91 605 304
3814 78 598 324
3815 78 555 367
3816 83 494 423
3817 82 436 482
3818 99 387 514
3819 112 346 542
3820 139 291 570
3821 176 256 568
3822 224 226 550
3823 264 221 515
3824 303 242 455
3825 327 261 412
3826 339 286 375
3827 353 315 332
3828 329 356 315
3829 293 415 292
3830 240 481 279
3831 181 539 280
3832 140 577 283
3833 119 599 282
3834 101 595 304
3835 98 584 318
3836 83 546 371
3837 84 502 414
3838 96 435 469
3839 116 365 519
3840 132 307 561
3841 158 269 573
3842 186 247 567
3843 225 230 545
3844 275 229 496
3845 313 223 464
3846 341 252 407
3847 343 294 363
3848 315 350 335
3849 281 416 303
3850 235 472 293
3851 199 535 266
3852 160 572 268
3853 117 617 266
3854 86 631 283
3855 81 620 299
3856 83 569 348
3857 89 501 410
3858 106 439 455
3859 101 359 540
3860 106 327 567
3861 133 277 590
3862 173 236 591
3863 220 207 573
3864 271 211 518
3865 310 228 462
3866 344 251 405
3867 341 297 362
3868 332 332 336
3869 316 391 293
3870 285 448 267
3871 225 508 267
3872 168 564 268
3873 135 604 261
3874 100 614 286
3875 96 603 301
3876 86 572 342
3877 80 523 397
3878 70 472 458
3879 89 422 489
3880 108 347 545
3881 132 288 580
3882 170 254 576
3883 210 227 563
3884 263 218 519
3885 295 214 491
3886 322 233 445
3887 358 256 386
3888 360 295 345
3889 323 352 325
3890 275 423 302
3891 228 498 274
3892 196 554 250
3893 164 590 246
3894 139 603 258
3895 103 605 292
3896 88 602 310
3897 81 560 359
3898 71 496 433
3899 80 431 489
3900 96 366 538
3901 129 314 557
3902 161 268 571
3903 185 234 581
3904 236 213 551
3905 299 204 497
3906 330 205 465
3907 345 239 416
3908 342 289 369
3909 327 344 329
3910 293 405 302
3911 258 473 269
3912 226 529 245
3913 178 570 252
3914 131 617 252
3915 107 630 263
3916 87 604 309
3917 80 569 351
3918 74 515 411
3919 78 453 469
3920 88 393 519
3921 90 342 568
3922 135 293 572
3923 180 235 585
3924 212 216 572
3925 249 219 532
3926 294 236 470
3927 329 253 418
3928 336 278 386
3929 342 322 336
3930 339 365 296
3931 279 426 295
3932 229 505 266
3933 177 552 271
3934 149 587 264
3935 113 598 289
3936 77 609 314
3937 76 601 323
3938 74 559 367
3939 75 500 425
3940 97 420 483
3941 116 351 533
3942 148 297 555
3943 175 254 571
3944 212 216 572
3945 245 187 568
3946 288 196 516
3947 336 212 452
3948 354 244 402
3949 352 295 353
3950 323 351 326
3951 291 423 286
3952 241 493 266
3953 201 572 227
3954 146 603 251
3955 115 642 243
3956 85 641 274
3957 68 620 312
3958 54 581 365
3959 65 523 412
3960 75 442 483
3961 95 353 552
3962 117 302 581
3963 146 241 613
3964 181 213 606
3965 230 199 571
3966 287 189 524
3967 336 190 474
3968 393 222 385
3969 383 254 363
3970 375 315 310
3971 336 384 280
3972 290 451 259
3973 243 511 246
3974 182 568 250
3975 113 628 259
3976 80 665 255
3977 67 666 267
3978 60 618 322
3979 65 556 379
3980 78 484 438
3981 82 411 507
3982 87 350 563
3983 105 285 610
3984 130 230 640
3985 191 204 605
3986 233 191 576
3987 280 211 509
3988 324 236 440
3989 326 265 409
3990 339 324 337
3991 346 376 278
3992 297 424 279
3993 240 499 261
3994 181 569 250
3995 136 608 256
3996 100 628 272
3997 77 635 288
3998 65 599 336
3999 71 559 370
