p=0.0009765625 p_inf=0.1 time series=0,1,9,17
Format is t, #suscepted, #infected, #recovered
0 998 1 1
1 998 2 0
2 998 2 0
3 995 2 3
4 992 5 3
5 988 8 4
6 986 12 2
7 985 14 1
8 981 14 5
9 978 17 5
10 972 20 8
11 968 26 6
12 964 27 9
13 955 28 17
14 948 33 19
15 942 38 20
16 929 44 27
17 923 54 23
18 912 57 31
19 903 62 35
20 892 70 38
21 888 80 32
22 881 79 40
23 870 81 49
24 857 86 57
25 852 89 59
26 847 91 62
27 844 91 65
28 841 86 73
29 843 79 78
30 841 78 81
31 838 78 84
32 838 76 86
33 835 73 92
34 835 74 91
35 827 74 99
36 827 87 86
37 823 94 83
38 816 99 85
39 811 106 83
40 812 113 75
41 809 115 76
42 800 117 83
43 794 126 80
44 787 119 94
45 778 119 103
46 769 123 108
47 764 125 111
48 760 123 117
49 757 125 118
50 753 126 121
51 763 121 116
52 763 118 119
53 757 118 125
54 758 120 122
55 755 117 128
56 749 122 129
57 741 126 133
58 740 133 127
59 729 139 132
60 732 153 115
61 734 150 116
62 734 146 120
63 737 149 114
64 738 141 121
65 738 136 126
66 740 129 131
67 733 121 146
68 739 114 147
69 749 111 140
70 755 105 140
71 762 96 142
72 771 97 132
73 783 93 124
74 789 88 123
75 799 90 111
76 794 87 119
77 794 95 111
78 790 101 109
79 784 114 102
80 793 119 88
81 792 114 94
82 793 120 87
83 797 117 86
84 790 116 94
85 777 115 108
86 761 122 117
87 750 125 125
88 746 131 123
89 735 140 125
90 722 145 133
91 714 161 125
92 703 170 127
93 701 182 117
94 703 177 120
95 704 172 124
96 689 165 146
97 675 171 154
98 656 180 164
99 646 183 171
100 636 184 180
101 638 182 180
102 644 185 171
103 645 184 171
104 639 190 171
105 638 190 172
106 649 182 169
107 650 168 182
108 658 166 176
109 660 160 180
110 659 155 186
111 659 157 184
112 656 151 193
113 658 154 188
114 655 160 185
115 649 177 174
116 637 185 178
117 619 203 178
118 597 226 177
119 593 246 161
120 596 256 148
121 588 250 162
122 573 252 175
123 555 250 195
124 552 260 188
125 532 245 223
126 521 242 237
127 503 233 264
128 492 241 267
129 490 258 252
130 493 258 249
131 488 257 255
132 497 252 251
133 499 258 243
134 506 259 235
135 491 261 248
136 480 268 252
137 467 262 271
138 475 275 250
139 485 268 247
140 481 263 256
141 488 261 251
142 498 253 249
143 510 241 249
144 511 222 267
145 501 227 272
146 503 224 273
147 512 229 259
148 500 225 275
149 504 239 257
150 495 243 262
151 501 264 235
152 497 277 226
153 498 276 226
154 477 278 245
155 455 294 251
156 447 320 233
157 433 314 253
158 422 324 254
159 413 314 273
160 415 310 275
161 415 309 276
162 409 307 284
163 385 297 318
164 389 295 316
165 380 297 323
166 385 296 319
167 388 301 311
168 398 302 300
169 409 293 298
170 419 284 297
171 433 284 283
172 424 272 304
173 425 279 296
174 424 279 297
175 426 275 299
176 418 272 310
177 419 289 292
178 419 297 284
179 441 297 262
180 442 287 271
181 444 279 277
182 446 277 277
183 429 279 292
184 418 299 283
185 404 293 303
186 404 299 297
187 411 299 290
188 420 302 278
189 425 301 274
190 417 298 285
191 408 304 288
192 428 293 279
193 427 279 294
194 437 274 289
195 435 264 301
196 439 263 298
197 445 260 295
198 443 257 300
199 452 253 295
200 455 255 290
201 458 266 276
202 446 268 286
203 427 290 283
204 419 310 271
205 408 321 271
206 415 335 250
207 419 332 249
208 402 326 272
209 402 332 266
210 385 330 285
211 390 325 285
212 390 300 310
213 384 289 327
214 384 281 335
215 387 284 329
216 384 287 329
217 390 284 326
218 406 280 314
219 427 269 304
220 437 273 290
221 446 274 280
222 436 273 291
223 427 280 293
224 422 286 292
225 422 294 284
226 431 298 271
227 420 300 280
228 401 307 292
229 402 325 273
230 408 325 267
231 414 312 274
232 417 300 283
233 410 289 301
234 405 292 303
235 397 295 308
236 398 296 306
237 393 277 330
238 409 282 309
239 429 279 292
240 443 271 286
241 436 268 296
242 429 272 299
243 435 276 289
244 444 269 287
245 433 279 288
246 427 285 288
247 421 294 285
248 409 308 283
249 408 323 269
250 403 320 277
251 396 321 283
252 388 335 277
253 400 333 267
254 403 315 282
255 401 303 296
256 411 291 298
257 436 266 298
258 447 244 309
259 446 232 322
260 459 219 322
261 480 208 312
262 479 205 316
263 491 218 291
264 499 218 283
265 512 235 253
266 511 244 245
267 516 257 227
268 522 265 213
269 518 270 212
270 515 277 208
271 501 267 232
272 489 281 230
273 470 276 254
274 465 286 249
275 461 278 261
276 454 274 272
277 438 276 286
278 444 285 271
279 434 289 277
280 435 285 280
281 429 289 282
282 446 285 269
283 449 276 275
284 456 277 267
285 456 268 276
286 440 259 301
287 442 271 287
288 437 273 290
289 433 274 293
290 432 282 286
291 426 292 282
292 425 297 278
293 429 307 264
294 419 312 269
295 415 310 275
296 404 312 284
297 390 322 288
298 351 328 321
299 339 357 304
300 330 364 306
301 321 363 316
302 312 367 321
303 300 378 322
304 303 388 309
305 295 375 330
306 287 377 336
307 286 356 358
308 270 350 380
309 258 367 375
310 251 375 374
311 257 371 372
312 264 355 381
313 272 361 367
314 301 351 348
315 294 343 363
316 279 356 365
317 266 354 380
318 276 359 365
319 286 353 361
320 284 359 357
321 293 355 352
322 289 356 355
323 284 368 348
324 295 360 345
325 314 351 335
326 321 327 352
327 305 326 369
328 292 336 372
329 279 353 368
330 264 365 371
331 271 368 361
332 285 369 346
333 299 364 337
334 300 374 326
335 294 374 332
336 287 370 343
337 273 360 367
338 285 362 353
339 291 347 362
340 294 340 366
341 292 342 366
342 300 334 366
343 319 326 355
344 330 311 359
345 345 310 345
346 355 293 352
347 362 298 340
348 350 298 352
349 346 308 346
350 337 320 343
351 330 337 333
352 331 359 310
353 331 359 310
354 309 376 315
355 297 393 310
356 286 405 309
357 273 406 321
358 263 407 330
359 242 400 358
360 234 399 367
361 224 407 369
362 221 400 379
363 222 386 392
364 230 373 397
365 239 364 397
366 246 354 400
367 257 354 389
368 253 344 403
369 271 340 389
370 282 329 389
371 281 332 387
372 276 346 378
373 282 360 358
374 265 364 371
375 268 381 351
376 274 388 338
377 274 386 340
378 264 397 339
379 265 404 331
380 257 389 354
381 252 383 365
382 246 384 370
383 242 373 385
384 244 370 386
385 241 370 389
386 249 362 389
387 260 347 393
388 273 351 376
389 270 344 386
390 288 346 366
391 290 339 371
392 299 340 361
393 291 331 378
394 287 347 366
395 269 366 365
396 264 380 356
397 253 392 355
398 238 401 361
399 228 423 349
400 233 432 335
401 236 436 328
402 236 417 347
403 235 398 367
404 230 385 385
405 230 378 392
406 241 369 390
407 243 336 421
408 240 325 435
409 259 324 417
410 267 324 409
411 286 335 379
412 301 329 370
413 312 321 367
414 329 319 352
415 333 335 332
416 321 342 337
417 314 355 331
418 301 362 337
419 292 364 344
420 294 379 327
421 281 385 334
422 258 400 342
423 261 407 332
424 249 397 354
425 242 396 362
426 242 396 362
427 237 394 369
428 224 384 392
429 234 391 375
430 254 366 380
431 269 339 392
432 295 334 371
433 297 309 394
434 316 307 377
435 332 290 378
436 335 284 381
437 344 274 382
438 361 290 349
439 363 300 337
440 364 303 333
441 361 327 312
442 375 332 293
443 381 335 284
444 391 335 274
445 377 335 288
446 346 333 321
447 340 354 306
448 326 357 317
449 326 347 327
450 318 342 340
451 308 347 345
452 303 357 340
453 305 362 333
454 307 362 331
455 306 339 355
456 321 337 342
457 333 332 335
458 335 325 340
459 335 318 347
460 337 308 355
461 344 301 355
462 372 294 334
463 377 289 334
464 374 286 340
465 370 294 336
466 366 305 329
467 366 316 318
468 357 326 317
469 353 342 305
470 352 353 295
471 352 359 289
472 338 362 300
473 331 368 301
474 318 364 318
475 319 366 315
476 319 355 326
477 324 339 337
478 316 323 361
479 304 325 371
480 305 334 361
481 317 327 356
482 318 319 363
483 329 316 355
484 360 316 324
485 382 301 317
486 378 295 327
487 388 297 315
488 403 278 319
489 406 270 324
490 416 275 309
491 411 268 321
492 407 273 320
493 412 292 296
494 417 293 290
495 422 286 292
496 427 300 273
497 416 303 281
498 428 309 263
499 430 304 266
500 414 297 289
501 413 294 293
502 411 294 295
503 405 303 292
504 397 295 308
505 399 300 301
506 394 292 314
507 385 302 313
508 400 318 282
509 391 306 303
510 397 315 288
511 417 300 283
512 415 288 297
513 431 285 284
514 433 277 290
515 432 265 303
516 433 250 317
517 425 261 314
518 429 260 311
519 423 271 306
520 423 289 288
521 429 292 279
522 427 294 279
523 431 308 261
524 420 319 261
525 419 319 262
526 405 321 274
527 386 324 290
528 384 325 291
529 358 324 318
530 348 348 304
531 337 344 319
532 321 344 335
533 318 360 322
534 302 361 337
535 294 374 332
536 279 381 340
537 253 397 350
538 245 399 356
539 248 411 341
540 244 408 348
541 235 396 369
542 238 404 358
543 238 388 374
544 239 381 380
545 248 364 388
546 246 353 401
547 250 343 407
548 264 342 394
549 259 340 401
550 281 337 382
551 290 331 379
552 299 329 372
553 313 337 350
554 323 334 343
555 322 334 344
556 325 336 339
557 332 335 333
558 333 331 336
559 335 336 329
560 330 336 334
561 337 333 330
562 338 329 333
563 344 328 328
564 344 320 336
565 345 321 334
566 333 324 343
567 332 331 337
568 335 332 333
569 348 332 320
570 342 323 335
571 328 330 342
572 317 352 331
573 310 362 328
574 291 366 343
575 282 378 340
576 278 386 336
577 266 390 344
578 246 411 343
579 232 424 344
580 235 416 349
581 241 403 356
582 250 393 357
583 258 372 370
584 264 356 380
585 266 346 388
586 272 323 405
587 295 304 401
588 320 289 391
589 334 277 389
590 349 273 378
591 365 279 356
592 375 279 346
593 390 279 331
594 395 287 318
595 407 301 292
596 403 304 293
597 392 320 288
598 387 335 278
599 387 334 279
600 390 334 276
601 380 331 289
602 383 333 284
603 379 316 305
604 357 317 326
605 343 323 334
606 348 322 330
607 346 318 336
608 344 320 336
609 336 325 339
610 355 331 314
611 349 329 322
612 359 334 307
613 368 318 314
614 355 310 335
615 339 327 334
616 324 341 335
617 316 351 333
618 308 353 339
619 301 363 336
620 304 365 331
621 303 378 319
622 284 387 329
623 278 389 333
624 282 381 337
625 268 367 365
626 270 379 351
627 260 367 373
628 249 375 376
629 240 373 387
630 254 373 373
631 257 357 386
632 253 362 385
633 247 380 373
634 251 374 375
635 250 382 368
636 249 375 376
637 254 378 368
638 266 373 361
639 264 377 359
640 249 374 377
641 276 371 353
642 271 350 379
643 288 347 365
644 287 337 376
645 290 335 375
646 288 337 375
647 289 335 376
648 303 337 360
649 311 326 363
650 309 339 352
651 318 344 338
652 329 345 326
653 334 336 330
654 333 329 338
655 330 332 338
656 335 333 332
657 318 339 343
658 311 343 346
659 308 345 347
660 321 347 332
661 313 343 344
662 311 358 331
663 313 357 330
664 303 354 343
665 310 358 332
666 306 347 347
667 302 349 349
668 285 351 364
669 284 372 344
670 283 358 359
671 280 360 360
672 287 366 347
673 301 355 344
674 307 352 341
675 303 344 353
676 290 346 364
677 291 338 371
678 288 351 361
679 279 352 369
680 283 355 362
681 274 362 364
682 279 374 347
683 264 377 359
684 274 390 336
685 275 388 337
686 285 374 341
687 289 363 348
688 282 356 362
689 275 356 369
690 273 351 376
691 261 350 389
692 255 349 396
693 265 357 378
694 268 361 371
695 269 369 362
696 261 375 364
697 257 383 360
698 252 392 356
699 268 398 334
700 269 383 348
701 258 374 368
702 249 381 370
703 251 382 367
704 259 374 367
705 260 358 382
706 256 348 396
707 264 346 390
708 274 353 373
709 282 352 366
710 285 337 378
711 297 333 370
712 314 329 357
713 325 328 347
714 318 327 355
715 309 336 355
716 300 338 362
717 302 348 350
718 309 361 330
719 308 358 334
720 302 363 335
721 295 370 335
722 298 378 324
723 293 366 341
724 280 369 351
725 270 372 358
726 266 369 365
727 270 376 354
728 258 367 375
729 260 372 368
730 266 362 372
731 276 368 356
732 276 355 369
733 270 352 378
734 261 361 378
735 268 363 369
736 271 365 364
737 266 357 377
738 264 372 364
739 271 368 361
740 288 374 338
741 290 360 350
742 296 349 355
743 299 341 360
744 300 336 364
745 279 343 378
746 277 349 374
747 278 355 367
748 276 348 376
749 291 364 345
750 300 360 340
751 300 359 341
752 295 364 341
753 287 362 351
754 278 364 358
755 274 367 359
756 252 378 370
757 244 384 372
758 230 396 374
759 222 411 367
760 233 414 353
761 265 405 330
762 274 371 355
763 265 359 376
764 271 357 372
765 250 345 405
766 244 354 402
767 236 345 419
768 237 350 413
769 249 358 393
770 259 380 361
771 270 382 348
772 288 373 339
773 304 367 329
774 306 342 352
775 294 349 357
776 274 356 370
777 248 368 384
778 252 372 376
779 248 366 386
780 253 379 368
781 263 380 357
782 255 395 350
783 253 396 351
784 246 391 363
785 258 386 356
786 254 370 376
787 251 380 369
788 249 370 381
789 240 371 389
790 254 365 381
791 274 350 376
792 288 335 377
793 306 326 368
794 311 324 365
795 313 309 378
796 304 317 379
797 315 325 360
798 312 320 368
799 309 338 353
800 305 356 339
801 274 369 357
802 265 402 333
803 258 426 316
804 250 425 325
805 236 425 339
806 219 444 337
807 204 443 353
808 208 440 352
809 200 423 377
810 196 398 406
811 210 378 412
812 230 365 405
813 242 345 413
814 258 314 428
815 274 299 427
816 281 286 433
817 303 296 401
818 302 299 399
819 307 320 373
820 312 328 360
821 318 343 339
822 318 368 314
823 303 383 314
824 285 411 304
825 267 419 314
826 253 434 313
827 233 427 340
828 215 439 346
829 201 442 357
830 206 431 363
831 206 411 383
832 219 383 398
833 215 362 423
834 231 351 418
835 240 342 418
836 233 321 446
837 240 325 435
838 253 329 418
839 285 336 379
840 305 332 363
841 322 333 345
842 334 327 339
843 343 324 333
844 344 336 320
845 338 331 331
846 326 333 341
847 314 338 348
848 309 354 337
849 315 358 327
850 312 358 330
851 308 364 328
852 319 356 325
853 314 350 336
854 309 353 338
855 298 353 349
856 287 348 365
857 289 355 356
858 286 353 361
859 292 350 358
860 296 352 352
861 305 354 341
862 318 342 340
863 327 329 344
864 331 325 344
865 330 314 356
866 331 317 352
867 334 319 347
868 329 314 357
869 351 317 332
870 355 307 338
871 356 316 328
872 348 319 333
873 340 338 322
874 316 343 341
875 302 365 333
876 287 384 329
877 263 396 341
878 235 430 335
879 223 449 328
880 209 458 333
881 211 453 336
882 214 446 340
883 212 421 367
884 214 404 382
885 200 390 410
886 198 370 432
887 204 353 443
888 228 338 434
889 251 319 430
890 278 303 419
891 298 301 401
892 307 298 395
893 320 303 377
894 341 310 349
895 339 306 355
896 338 323 339
897 319 343 338
898 308 378 314
899 290 391 319
900 285 412 303
901 285 412 303
902 285 405 310
903 287 409 304
904 278 390 332
905 267 379 354
906 265 355 380
907 259 344 397
908 264 329 407
909 272 324 404
910 278 323 399
911 297 313 390
912 306 313 381
913 332 315 353
914 336 313 351
915 344 320 336
916 338 327 335
917 328 338 334
918 321 349 330
919 304 366 330
920 289 383 328
921 275 396 329
922 266 412 322
923 262 414 324
924 263 411 326
925 266 399 335
926 266 385 349
927 270 368 362
928 268 347 385
929 259 336 405
930 271 329 400
931 284 315 401
932 313 305 382
933 329 288 383
934 349 286 365
935 348 283 369
936 360 305 335
937 354 304 342
938 351 317 332
939 337 334 329
940 333 358 309
941 310 379 311
942 292 404 304
943 259 425 316
944 257 436 307
945 257 439 304
946 248 426 326
947 248 418 334
948 232 394 374
949 241 389 370
950 251 355 394
951 273 324 403
952 278 291 431
953 298 283 419
954 308 276 416
955 333 274 393
956 342 273 385
957 367 269 364
958 379 278 343
959 389 297 314
960 387 320 293
961 380 330 290
962 373 344 283
963 350 353 297
964 332 377 291
965 302 399 299
966 268 420 312
967 246 435 319
968 250 434 316
969 239 420 341
970 242 417 341
971 243 405 352
972 240 380 380
973 233 361 406
974 228 347 425
975 238 337 425
976 249 328 423
977 265 331 404
978 280 318 402
979 297 315 388
980 318 323 359
981 335 321 344
982 337 318 345
983 340 326 334
984 329 332 339
985 328 340 332
986 325 354 321
987 309 360 331
988 310 368 322
989 309 369 322
990 314 373 313
991 310 360 330
992 299 358 343
993 283 361 356
994 286 363 351
995 285 354 361
996 290 347 363
997 283 341 376
998 294 344 362
999 284 346 370
1000 279 358 363
1001 286 360 354
1002 278 351 371
1003 287 368 345
1004 286 366 348
1005 283 373 344
1006 285 373 342
1007 294 369 337
1008 309 348 343
1009 316 331 353
1010 308 333 359
1011 291 324 385
1012 281 343 376
1013 268 346 386
1014 254 359 387
1015 265 377 358
1016 266 387 347
1017 263 403 334
1018 263 404 333
1019 263 413 324
1020 259 394 347
1021 265 395 340
1022 268 376 356
1023 264 355 381
1024 255 349 396
1025 265 342 393
1026 273 331 396
1027 290 314 396
1028 303 316 381
1029 326 302 372
1030 347 298 355
1031 349 298 353
1032 366 302 332
1033 373 292 335
1034 378 296 326
1035 369 308 323
1036 367 315 318
1037 357 331 312
1038 347 345 308
1039 338 355 307
1040 336 360 304
1041 334 372 294
1042 325 370 305
1043 314 367 319
1044 295 371 334
1045 284 374 342
1046 280 371 349
1047 284 365 351
1048 274 356 370
1049 276 354 370
1050 287 354 359
1051 303 346 351
1052 318 326 356
1053 325 308 367
1054 333 304 363
1055 331 302 367
1056 324 313 363
1057 313 322 365
1058 313 333 354
1059 323 341 336
1060 322 351 327
1061 326 370 304
1062 310 370 320
1063 295 388 317
1064 297 392 311
1065 293 381 326
1066 301 374 325
1067 286 358 356
1068 284 363 353
1069 288 346 366
1070 280 342 378
1071 299 332 369
1072 310 309 381
1073 323 309 368
1074 331 303 366
1075 342 311 347
1076 358 295 347
1077 368 296 336
1078 388 290 322
1079 413 280 307
1080 415 278 307
1081 409 276 315
1082 392 288 320
1083 393 297 310
1084 372 312 316
1085 373 332 295
1086 381 337 282
1087 369 339 292
1088 363 353 284
1089 352 361 287
1090 344 360 296
1091 341 359 300
1092 332 347 321
1093 337 336 327
1094 340 326 334
1095 325 321 354
1096 313 322 365
1097 311 326 363
1098 311 329 360
1099 324 330 346
1100 337 329 334
1101 337 327 336
1102 335 337 328
1103 339 344 317
1104 339 339 322
1105 337 335 328
1106 332 334 334
1107 329 338 333
1108 326 342 332
1109 318 347 335
1110 312 345 343
1111 317 344 339
1112 339 344 317
1113 354 326 320
1114 362 312 326
1115 358 300 342
1116 365 300 335
1117 371 288 341
1118 364 284 352
1119 366 292 342
1120 373 290 337
1121 374 301 325
1122 392 314 294
1123 374 308 318
1124 377 326 297
1125 356 335 309
1126 340 360 300
1127 325 368 307
1128 307 385 308
1129 278 392 330
1130 261 408 331
1131 258 431 311
1132 244 416 340
1133 244 421 335
1134 259 396 345
1135 263 373 364
1136 266 352 382
1137 276 342 382
1138 281 316 403
1139 309 288 403
1140 332 275 393
1141 355 247 398
1142 380 249 371
1143 391 247 362
1144 392 257 351
1145 407 266 327
1146 416 277 307
1147 411 296 293
1148 409 314 277
1149 383 344 273
1150 354 368 278
1151 334 399 267
1152 321 409 270
1153 315 413 272
1154 303 408 289
1155 278 401 321
1156 263 408 329
1157 256 393 351
1158 243 376 381
1159 254 358 388
1160 272 337 391
1161 288 315 397
1162 309 304 387
1163 315 290 395
1164 329 277 394
1165 352 278 370
1166 371 272 357
1167 386 271 343
1168 400 277 323
1169 388 285 327
1170 393 308 299
1171 411 317 272
1172 405 312 283
1173 404 317 279
1174 404 324 272
1175 389 325 286
1176 373 334 293
1177 373 342 285
1178 358 319 323
1179 362 325 313
1180 361 326 313
1181 351 322 327
1182 347 325 328
1183 347 328 325
1184 353 319 328
1185 364 305 331
1186 353 317 330
1187 344 322 334
1188 349 330 321
1189 358 329 313
1190 365 317 318
1191 369 307 324
1192 378 312 310
1193 367 317 316
1194 357 316 327
1195 345 321 334
1196 346 325 329
1197 351 325 324
1198 357 332 311
1199 360 336 304
1200 353 328 319
1201 346 330 324
1202 359 338 303
1203 367 320 313
1204 347 308 345
1205 329 328 343
1206 320 339 341
1207 325 344 331
1208 325 347 328
1209 327 345 328
1210 338 335 327
1211 341 342 317
1212 344 351 305
1213 342 328 330
1214 336 319 345
1215 332 320 348
1216 324 321 355
1217 335 331 334
1218 320 330 350
1219 329 338 333
1220 354 320 326
1221 368 318 314
1222 369 313 318
1223 360 311 329
1224 360 319 321
1225 360 309 331
1226 362 310 328
1227 368 300 332
1228 368 312 320
1229 373 314 313
1230 384 314 302
1231 400 305 295
1232 408 281 311
1233 409 283 308
1234 420 281 299
1235 405 280 315
1236 400 283 317
1237 403 286 311
1238 403 283 314
1239 412 292 296
1240 397 307 296
1241 400 320 280
1242 383 319 298
1243 370 337 293
1244 357 347 296
1245 346 357 297
1246 326 371 303
1247 305 382 313
1248 296 388 316
1249 301 384 315
1250 286 380 334
1251 293 377 330
1252 289 360 351
1253 283 354 363
1254 295 346 359
1255 309 323 368
1256 326 303 371
1257 332 290 378
1258 352 288 360
1259 370 271 359
1260 373 270 357
1261 395 273 332
1262 420 259 321
1263 440 257 303
1264 454 257 289
1265 457 256 287
1266 468 255 277
1267 463 261 276
1268 468 267 265
1269 464 259 277
1270 464 277 259
1271 459 279 262
1272 461 284 255
1273 453 283 264
1274 453 292 255
1275 446 286 268
1276 447 287 266
1277 439 294 267
1278 420 284 296
1279 413 301 286
1280 399 303 298
1281 385 318 297
1282 370 323 307
1283 366 344 290
1284 354 347 299
1285 362 352 286
1286 348 354 298
1287 337 351 312
1288 322 360 318
1289 323 360 317
1290 305 354 341
1291 298 351 351
1292 301 355 344
1293 292 347 361
1294 296 354 350
1295 285 353 362
1296 279 355 366
1297 281 361 358
1298 298 365 337
1299 301 351 348
1300 312 344 344
1301 294 341 365
1302 307 352 341
1303 310 340 350
1304 313 335 352
1305 311 326 363
1306 309 324 367
1307 317 340 343
1308 306 339 355
1309 307 353 340
1310 315 341 344
1311 330 345 325
1312 347 335 318
1313 349 327 324
1314 342 327 331
1315 348 318 334
1316 349 313 338
1317 370 298 332
1318 362 289 349
1319 370 293 337
1320 368 295 337
1321 367 305 328
1322 377 306 317
1323 378 305 317
1324 381 309 310
1325 383 321 296
1326 371 328 301
1327 364 336 300
1328 354 341 305
1329 344 341 315
1330 344 350 306
1331 329 351 320
1332 320 362 318
1333 307 359 334
1334 297 365 338
1335 279 367 354
1336 268 380 352
1337 259 391 350
1338 259 391 350
1339 248 390 362
1340 254 390 356
1341 254 387 359
1342 274 381 345
1343 267 359 374
1344 273 353 374
1345 279 336 385
1346 291 330 379
1347 307 319 374
1348 313 303 384
1349 313 300 387
1350 318 306 376
1351 320 323 357
1352 322 327 351
1353 315 342 343
1354 305 355 340
1355 313 376 311
1356 304 384 312
1357 302 396 302
1358 292 392 316
1359 289 385 326
1360 296 384 320
1361 305 362 333
1362 306 340 354
1363 307 318 375
1364 304 309 387
1365 312 300 388
1366 317 296 387
1367 328 298 374
1368 344 288 368
1369 360 294 346
1370 368 300 332
1371 377 314 309
1372 366 314 320
1373 358 334 308
1374 343 346 311
1375 336 359 305
1376 323 376 301
1377 310 383 307
1378 305 390 305
1379 284 381 335
1380 282 402 316
1381 275 384 341
1382 261 379 360
1383 263 380 357
1384 267 361 372
1385 265 350 385
1386 274 345 381
1387 260 345 395
1388 281 338 381
1389 289 335 376
1390 293 332 375
1391 303 327 370
1392 301 336 363
1393 297 349 354
1394 283 358 359
1395 277 372 351
1396 259 385 356
1397 251 406 343
1398 263 417 320
1399 246 410 344
1400 232 418 350
1401 236 419 345
1402 231 406 363
1403 236 397 367
1404 244 379 377
1405 250 350 400
1406 265 333 402
1407 271 325 404
1408 278 311 411
1409 290 303 407
1410 297 304 399
1411 315 306 379
1412 329 306 365
1413 331 321 348
1414 329 336 335
1415 333 346 321
1416 332 356 312
1417 324 365 311
1418 317 372 311
1419 309 377 314
1420 288 385 327
1421 286 391 323
1422 273 378 349
1423 269 381 350
1424 271 375 354
1425 285 364 351
1426 287 343 370
1427 295 336 369
1428 305 320 375
1429 323 304 373
1430 333 299 368
1431 343 286 371
1432 345 282 373
1433 339 291 370
1434 345 318 337
1435 339 319 342
1436 343 341 316
1437 339 353 308
1438 342 362 296
1439 343 372 285
1440 336 375 289
1441 327 373 300
1442 317 355 328
1443 305 364 331
1444 286 354 360
1445 273 361 366
1446 270 365 365
1447 269 358 373
1448 282 356 362
1449 296 345 359
1450 303 349 348
1451 319 333 348
1452 330 327 343
1453 331 309 360
1454 334 304 362
1455 322 308 370
1456 313 322 365
1457 289 342 369
1458 278 362 360
1459 264 389 347
1460 266 409 325
1461 267 425 308
1462 245 429 326
1463 239 447 314
1464 237 439 324
1465 229 421 350
1466 215 409 376
1467 211 396 393
1468 213 380 407
1469 217 362 421
1470 216 354 430
1471 229 337 434
1472 242 332 426
1473 264 337 399
1474 287 327 386
1475 294 317 389
1476 301 326 373
1477 298 337 365
1478 322 348 330
1479 333 341 326
1480 324 335 341
1481 334 339 327
1482 337 339 324
1483 331 346 323
1484 321 343 336
1485 312 342 346
1486 311 340 349
1487 306 348 346
1488 313 359 328
1489 312 348 340
1490 304 349 347
1491 309 350 341
1492 309 348 343
1493 319 349 332
1494 311 341 348
1495 292 341 367
1496 289 349 362
1497 277 363 360
1498 275 374 351
1499 286 375 339
1500 286 366 348
1501 276 365 359
1502 278 383 339
1503 284 381 335
1504 280 367 353
1505 283 357 360
1506 278 343 379
1507 280 347 373
1508 287 354 359
1509 287 348 365
1510 292 330 378
1511 312 327 361
1512 337 321 342
1513 345 306 349
1514 343 312 345
1515 339 310 351
1516 345 307 348
1517 351 307 342
1518 344 319 337
1519 340 329 331
1520 325 339 336
1521 297 369 334
1522 300 391 309
1523 293 390 317
1524 284 400 316
1525 271 409 320
1526 262 410 328
1527 243 409 348
1528 218 418 364
1529 211 413 376
1530 214 398 388
1531 208 396 396
1532 212 392 396
1533 225 379 396
1534 231 365 404
1535 238 360 402
1536 256 344 400
1537 261 331 408
1538 267 341 392
1539 268 337 395
1540 281 340 379
1541 278 340 382
1542 280 357 363
1543 281 360 359
1544 274 375 351
1545 285 395 320
1546 298 374 328
1547 317 365 318
1548 304 343 353
1549 296 356 348
1550 286 347 367
1551 267 354 379
1552 260 358 382
1553 283 345 372
1554 275 343 382
1555 275 360 365
1556 261 382 357
1557 275 383 342
1558 283 378 339
1559 290 363 347
1560 294 352 354
1561 290 361 349
1562 285 367 348
1563 279 355 366
1564 286 339 375
1565 287 331 382
1566 299 335 366
1567 321 338 341
1568 325 327 348
1569 315 314 371
1570 314 318 368
1571 308 331 361
1572 317 353 330
1573 312 352 336
1574 305 353 342
1575 306 357 337
1576 307 367 326
1577 300 379 321
1578 274 382 344
1579 260 395 345
1580 254 387 359
1581 265 394 341
1582 274 382 344
1583 278 369 353
1584 291 355 354
1585 303 330 367
1586 324 315 361
1587 339 281 380
1588 342 274 384
1589 347 264 389
1590 358 271 371
1591 362 273 365
1592 383 283 334
1593 377 287 336
1594 386 308 306
1595 386 333 281
1596 392 340 268
1597 375 344 281
1598 356 354 290
1599 333 371 296
1600 310 384 306
1601 285 403 312
1602 272 407 321
1603 262 395 343
1604 253 398 349
1605 247 403 350
1606 238 399 363
1607 228 391 381
1608 222 388 390
1609 237 375 388
1610 254 356 390
1611 271 351 378
1612 283 331 386
1613 310 314 376
1614 326 291 383
1615 343 283 374
1616 360 269 371
1617 370 265 365
1618 367 274 359
1619 373 282 345
1620 376 296 328
1621 382 310 308
1622 377 327 296
1623 377 340 283
1624 362 354 284
1625 359 373 268
1626 357 367 276
1627 350 361 289
1628 336 354 310
1629 306 354 340
1630 289 367 344
1631 268 371 361
1632 254 378 368
1633 265 373 362
1634 277 368 355
1635 271 362 367
1636 268 375 357
1637 263 378 359
1638 273 370 357
1639 289 356 355
1640 301 333 366
1641 302 326 372
1642 308 330 362
1643 301 330 369
1644 301 324 375
1645 314 321 365
1646 314 316 370
1647 322 330 348
1648 323 345 332
1649 317 351 332
1650 307 353 340
1651 322 363 315
1652 343 354 303
1653 343 336 321
1654 339 341 320
1655 328 331 341
1656 319 327 354
1657 319 330 351
1658 313 328 359
1659 329 324 347
1660 329 317 354
1661 333 335 332
1662 345 326 329
1663 350 324 326
1664 354 323 323
1665 348 316 336
1666 336 324 340
1667 329 340 331
1668 312 354 334
1669 317 353 330
1670 311 357 332
1671 305 365 330
1672 311 372 317
1673 312 373 315
1674 313 364 323
1675 302 347 351
1676 306 344 350
1677 310 341 349
1678 312 333 355
1679 316 323 361
1680 317 312 371
1681 327 310 363
1682 347 309 344
1683 363 306 331
1684 383 293 324
1685 391 276 333
1686 405 276 319
1687 415 272 313
1688 427 273 300
1689 425 263 312
1690 424 266 310
1691 423 270 307
1692 421 284 295
1693 412 303 285
1694 415 312 273
1695 415 313 272
1696 402 312 286
1697 403 335 262
1698 391 331 278
1699 380 339 281
1700 362 336 302
1701 356 335 309
1702 335 332 333
1703 321 352 327
1704 304 367 329
1705 298 361 341
1706 303 371 326
1707 305 358 337
1708 302 359 339
1709 295 363 342
1710 288 373 339
1711 281 360 359
1712 290 352 358
1713 279 349 372
1714 280 350 370
1715 277 362 361
1716 266 364 370
1717 257 371 372
1718 270 370 360
1719 284 370 346
1720 295 364 341
1721 306 356 338
1722 292 344 364
1723 292 346 362
1724 301 344 355
1725 299 328 373
1726 307 331 362
1727 312 323 365
1728 305 324 371
1729 305 339 356
1730 312 351 337
1731 301 342 357
1732 298 355 347
1733 297 374 329
1734 296 372 332
1735 292 381 327
1736 280 384 336
1737 281 381 338
1738 298 368 334
1739 299 360 341
1740 298 346 356
1741 312 328 360
1742 313 316 371
1743 318 306 376
1744 326 298 376
1745 335 293 372
1746 330 297 373
1747 339 310 351
1748 348 315 337
1749 344 324 332
1750 335 340 325
1751 336 359 305
1752 339 366 295
1753 333 368 299
1754 317 370 313
1755 322 373 305
1756 325 363 312
1757 325 351 324
1758 306 335 359
1759 297 335 368
1760 299 337 364
1761 290 333 377
1762 288 340 372
1763 283 339 378
1764 288 354 358
1765 281 361 358
1766 283 384 333
1767 287 382 331
1768 297 376 327
1769 307 370 323
1770 317 353 330
1771 303 344 353
1772 294 343 363
1773 282 345 373
1774 294 334 372
1775 306 324 370
1776 313 318 369
1777 324 317 359
1778 335 323 342
1779 334 321 345
1780 337 323 340
1781 358 318 324
1782 372 308 320
1783 361 304 335
1784 354 321 325
1785 334 329 337
1786 330 343 327
1787 325 349 326
1788 327 352 321
1789 329 355 316
1790 331 363 306
1791 312 365 323
1792 305 367 328
1793 292 366 342
1794 283 365 352
1795 294 368 338
1796 298 354 348
1797 299 347 354
1798 303 338 359
1799 320 332 348
1800 327 313 360
1801 344 307 349
1802 347 291 362
1803 356 285 359
1804 354 290 356
1805 365 299 336
1806 354 297 349
1807 353 314 333
1808 346 334 320
1809 346 347 307
1810 342 363 295
1811 331 373 296
1812 319 379 302
1813 317 382 301
1814 297 386 317
1815 274 389 337
1816 248 392 360
1817 232 405 363
1818 222 405 373
1819 232 405 363
1820 237 389 374
1821 228 381 391
1822 238 386 376
1823 253 373 374
1824 263 355 382
1825 265 332 403
1826 266 330 404
1827 276 329 395
1828 273 335 392
1829 261 346 393
1830 273 353 374
1831 292 354 354
1832 295 353 352
1833 302 373 325
1834 306 368 326
1835 291 365 344
1836 283 374 343
1837 280 371 349
1838 267 367 366
1839 264 379 357
1840 267 383 350
1841 278 360 362
1842 287 354 359
1843 280 348 372
1844 288 346 366
1845 293 341 366
1846 291 340 369
1847 267 330 403
1848 270 350 380
1849 256 370 374
1850 253 390 357
1851 256 399 345
1852 255 398 347
1853 257 404 339
1854 261 403 336
1855 256 409 335
1856 244 394 362
1857 245 386 369
1858 241 365 394
1859 239 360 401
1860 241 363 396
1861 246 355 399
1862 228 351 421
1863 252 363 385
1864 265 354 381
1865 282 349 369
1866 281 353 366
1867 280 359 361
1868 275 357 368
1869 271 370 359
1870 272 378 350
1871 280 365 355
1872 291 366 343
1873 299 360 341
1874 308 348 344
1875 315 333 352
1876 317 328 355
1877 311 313 376
1878 320 311 369
1879 303 315 382
1880 294 331 375
1881 290 346 364
1882 284 362 354
1883 292 383 325
1884 313 380 307
1885 330 374 296
1886 327 359 314
1887 312 358 330
1888 309 357 334
1889 291 345 364
1890 287 347 366
1891 286 330 384
1892 287 334 379
1893 293 339 368
1894 310 348 342
1895 321 332 347
1896 326 322 352
1897 337 329 334
1898 353 316 331
1899 341 317 342
1900 320 325 355
1901 309 341 350
1902 316 343 341
1903 325 352 323
1904 313 353 334
1905 313 358 329
1906 304 371 325
1907 301 379 320
1908 299 374 327
1909 302 360 338
1910 288 355 357
1911 292 360 348
1912 290 355 355
1913 291 352 357
1914 296 338 366
1915 313 325 362
1916 338 313 349
1917 355 302 343
1918 365 290 345
1919 364 275 361
1920 379 281 340
1921 385 269 346
1922 386 277 337
1923 390 289 321
1924 379 297 324
1925 382 319 299
1926 383 328 289
1927 367 342 291
1928 369 352 279
1929 348 362 290
1930 334 375 291
1931 317 377 306
1932 283 386 331
1933 260 398 342
1934 247 412 341
1935 248 411 341
1936 254 400 346
1937 261 384 355
1938 264 364 372
1939 270 359 371
1940 279 344 377
1941 273 323 404
1942 279 315 406
1943 303 310 387
1944 317 297 386
1945 333 299 368
1946 342 303 355
1947 353 299 348
1948 373 303 324
1949 379 304 317
1950 373 306 321
1951 372 317 311
1952 338 331 331
1953 326 363 311
1954 325 371 304
1955 312 376 312
1956 299 385 316
1957 298 397 305
1958 281 396 323
1959 263 402 335
1960 247 406 347
1961 245 390 365
1962 242 384 374
1963 229 382 389
1964 218 386 396
1965 218 385 397
1966 233 386 381
1967 241 365 394
1968 263 353 384
1969 272 347 381
1970 272 344 384
1971 291 346 363
1972 303 323 374
1973 290 312 398
1974 309 324 367
1975 300 326 374
1976 290 347 363
1977 283 363 354
1978 283 373 344
1979 294 371 335
1980 297 383 320
1981 305 391 304
1982 295 371 334
1983 289 379 332
1984 292 364 344
1985 282 345 373
1986 287 345 368
1987 275 342 383
1988 269 342 389
1989 276 340 384
1990 268 353 379
1991 291 353 356
1992 311 345 344
1993 317 344 339
1994 327 338 335
1995 319 331 350
1996 330 339 331
1997 321 330 349
1998 320 326 354
1999 319 327 354
2000 310 336 354
2001 313 346 341
2002 306 349 345
2003 296 363 341
2004 291 365 344
2005 287 379 334
2006 291 387 322
2007 278 382 340
2008 281 386 333
2009 277 373 350
2010 267 374 359
2011 264 370 366
2012 261 371 368
2013 259 360 381
2014 268 354 378
2015 275 350 375
2016 274 339 387
2017 280 353 367
2018 285 346 369
2019 297 345 358
2020 302 332 366
2021 300 338 362
2022 302 346 352
2023 298 348 354
2024 289 363 348
2025 292 358 350
2026 286 362 352
2027 297 369 334
2028 296 371 333
2029 296 366 338
2030 298 358 344
2031 292 354 354
2032 296 345 359
2033 291 346 363
2034 294 347 359
2035 291 337 372
2036 297 338 365
2037 306 337 357
2038 308 336 356
2039 317 338 345
2040 321 338 341
2041 316 333 351
2042 316 337 347
2043 312 347 341
2044 306 350 344
2045 311 357 332
2046 302 353 345
2047 305 360 335
2048 305 357 338
2049 312 362 326
2050 312 351 337
2051 302 341 357
2052 310 348 342
2053 320 333 347
2054 309 327 364
2055 312 331 357
2056 305 331 364
2057 313 333 354
2058 317 336 347
2059 315 342 343
2060 322 337 341
2061 327 345 328
2062 340 346 314
2063 349 329 322
2064 359 320 321
2065 357 308 335
2066 347 307 346
2067 353 311 336
2068 340 310 350
2069 336 315 349
2070 340 318 342
2071 347 331 322
2072 355 333 312
2073 361 337 302
2074 368 332 300
2075 377 321 302
2076 382 313 305
2077 380 303 317
2078 372 302 326
2079 367 297 336
2080 349 300 351
2081 353 314 333
2082 355 315 330
2083 346 324 330
2084 353 341 306
2085 349 344 307
2086 348 349 303
2087 323 355 322
2088 303 377 320
2089 274 383 343
2090 263 411 326
2091 244 413 343
2092 229 415 356
2093 224 427 349
2094 230 427 343
2095 223 415 362
2096 236 400 364
2097 231 381 388
2098 230 358 412
2099 247 357 396
2100 245 338 417
2101 248 328 424
2102 268 325 407
2103 290 317 393
2104 320 310 370
2105 350 299 351
2106 351 292 357
2107 365 292 343
2108 379 297 324
2109 378 293 329
2110 362 297 341
2111 373 321 306
2112 370 317 313
2113 367 331 302
2114 374 341 285
2115 368 334 298
2116 358 335 307
2117 355 349 296
2118 330 348 322
2119 317 349 334
2120 307 366 327
2121 298 362 340
2122 307 361 332
2123 322 359 319
2124 314 343 343
2125 317 337 346
2126 322 335 343
2127 297 329 374
2128 305 337 358
2129 309 333 358
2130 323 330 347
2131 333 318 349
2132 355 324 321
2133 361 308 331
2134 370 304 326
2135 382 301 317
2136 377 281 342
2137 372 290 338
2138 363 298 339
2139 345 319 336
2140 355 331 314
2141 352 337 311
2142 348 344 308
2143 367 351 282
2144 367 352 281
2145 373 343 284
2146 362 329 309
2147 364 319 317
2148 348 305 347
2149 352 315 333
2150 360 304 336
2151 361 289 350
2152 362 287 351
2153 365 295 340
2154 379 306 315
2155 408 302 290
2156 394 287 319
2157 395 291 314
2158 397 301 302
2159 398 314 288
2160 398 315 287
2161 394 307 299
2162 400 300 300
2163 385 298 317
2164 393 328 279
2165 379 316 305
2166 366 320 314
2167 357 320 323
2168 365 328 307
2169 366 328 306
2170 356 334 310
2171 329 346 325
2172 348 343 309
2173 358 336 306
2174 366 322 312
2175 367 314 319
2176 352 305 343
2177 348 320 332
2178 320 318 362
2179 326 334 340
2180 311 331 358
2181 317 353 330
2182 315 361 324
2183 318 371 311
2184 311 377 312
2185 323 369 308
2186 327 359 314
2187 336 339 325
2188 324 333 343
2189 326 323 351
2190 327 313 360
2191 332 302 366
2192 347 291 362
2193 357 284 359
2194 369 284 347
2195 357 292 351
2196 368 310 322
2197 349 309 342
2198 352 338 310
2199 352 346 302
2200 343 357 300
2201 327 373 300
2202 318 389 293
2203 316 390 294
2204 326 374 300
2205 319 365 316
2206 313 343 344
2207 306 341 353
2208 298 337 365
2209 285 329 386
2210 291 326 383
2211 304 319 377
2212 308 322 370
2213 325 327 348
2214 340 332 328
2215 346 319 335
2216 346 317 337
2217 344 325 331
2218 352 330 318
2219 330 329 341
2220 297 348 355
2221 274 376 350
2222 244 394 362
2223 231 437 332
2224 212 452 336
2225 208 463 329
2226 200 462 338
2227 190 471 339
2228 193 462 345
2229 205 431 364
2230 201 401 398
2231 194 362 444
2232 200 354 446
2233 207 337 456
2234 218 331 451
2235 239 311 450
2236 267 299 434
2237 289 302 409
2238 312 310 378
2239 312 326 362
2240 326 334 340
2241 317 337 346
2242 313 352 335
2243 310 376 314
2244 299 391 310
2245 274 399 327
2246 254 416 330
2247 254 420 326
2248 257 412 331
2249 246 406 348
2250 231 402 367
2251 223 393 384
2252 223 386 391
2253 215 378 407
2254 216 369 415
2255 219 364 417
2256 222 369 409
2257 224 372 404
2258 229 374 397
2259 243 378 379
2260 243 371 386
2261 256 379 365
2262 266 375 359
2263 255 370 375
2264 248 376 376
2265 250 380 370
2266 238 376 386
2267 244 384 372
2268 240 385 375
2269 246 381 373
2270 253 379 368
2271 256 377 367
2272 255 368 377
2273 260 365 375
2274 272 364 364
2275 270 344 386
2276 279 345 376
2277 277 340 383
2278 279 344 377
2279 299 344 357
2280 309 333 358
2281 311 326 363
2282 331 325 344
2283 323 325 352
2284 322 332 346
2285 310 338 352
2286 306 346 348
2287 307 350 343
2288 303 360 337
2289 313 371 316
2290 308 362 330
2291 315 367 318
2292 313 353 334
2293 311 349 340
2294 305 343 352
2295 297 345 358
2296 291 343 366
2297 300 338 362
2298 287 338 375
2299 290 346 364
2300 281 357 362
2301 299 370 331
2302 306 358 336
2303 304 349 347
2304 305 353 342
2305 299 357 344
2306 288 363 349
2307 272 366 362
2308 269 371 360
2309 264 361 375
2310 282 378 340
2311 286 369 345
2312 273 361 366
2313 258 370 372
2314 264 379 357
2315 262 370 368
2316 265 367 368
2317 250 374 376
2318 237 372 391
2319 239 394 367
2320 246 400 354
2321 244 384 372
2322 251 377 372
2323 250 379 371
2324 248 383 369
2325 257 378 365
2326 253 371 376
2327 260 353 387
2328 281 340 379
2329 295 335 370
2330 293 328 379
2331 303 328 369
2332 322 314 364
2333 331 300 369
2334 349 298 353
2335 333 298 369
2336 335 327 338
2337 350 330 320
2338 355 322 323
2339 364 317 319
2340 364 322 314
2341 361 336 303
2342 339 341 320
2343 313 363 324
2344 306 360 334
2345 302 364 334
2346 297 376 327
2347 294 386 320
2348 285 384 331
2349 285 379 336
2350 281 374 345
2351 303 356 341
2352 287 337 376
2353 282 349 369
2354 276 342 382
2355 289 338 373
2356 301 327 372
2357 322 320 358
2358 339 304 357
2359 359 305 336
2360 361 304 335
2361 368 290 342
2362 372 290 338
2363 366 290 344
2364 361 307 332
2365 368 319 313
2366 367 328 305
2367 356 328 316
2368 355 340 305
2369 346 355 299
2370 340 364 296
2371 333 370 297
2372 315 360 325
2373 284 366 350
2374 285 388 327
2375 274 387 339
2376 265 386 349
2377 261 380 359
2378 260 375 365
2379 262 370 368
2380 266 378 356
2381 253 368 379
2382 253 359 388
2383 258 360 382
2384 276 356 368
2385 276 344 380
2386 297 349 354
2387 293 333 374
2388 309 329 362
2389 311 323 366
2390 313 330 357
2391 304 327 369
2392 303 340 357
2393 301 353 346
2394 295 350 355
2395 281 372 347
2396 264 390 346
2397 253 413 334
2398 245 417 338
2399 244 428 328
2400 238 416 346
2401 247 409 344
2402 226 403 371
2403 218 402 380
2404 203 392 405
2405 213 384 403
2406 205 370 425
2407 231 367 402
2408 239 353 408
2409 240 352 408
2410 238 357 405
2411 255 360 385
2412 273 353 374
2413 288 343 369
2414 285 342 373
2415 282 348 370
2416 288 365 347
2417 287 360 353
2418 307 356 337
2419 326 333 341
2420 335 321 344
2421 347 322 331
2422 361 311 328
2423 347 291 362
2424 351 288 361
2425 357 289 354
2426 370 287 343
2427 360 297 343
2428 328 319 353
2429 325 350 325
2430 318 364 318
2431 312 391 297
2432 291 400 309
2433 268 420 312
2434 250 445 305
2435 238 453 309
2436 232 443 325
2437 217 418 365
2438 209 419 372
2439 214 400 386
2440 216 386 398
2441 218 364 418
2442 225 337 438
2443 238 322 440
2444 261 319 420
2445 279 321 400
2446 301 302 397
2447 316 299 385
2448 322 298 380
2449 331 314 355
2450 326 332 342
2451 310 352 338
2452 302 371 327
2453 289 377 334
2454 275 409 316
2455 255 426 319
2456 230 447 323
2457 214 456 330
2458 203 454 343
2459 209 445 346
2460 226 420 354
2461 222 397 381
2462 224 369 407
2463 232 350 418
2464 254 321 425
2465 271 290 439
2466 290 275 435
2467 307 265 428
2468 321 273 406
2469 333 282 385
2470 339 298 363
2471 344 311 345
2472 355 335 310
2473 357 355 288
2474 352 368 280
2475 326 383 291
2476 304 401 295
2477 282 414 304
2478 256 420 324
2479 235 433 332
2480 222 430 348
2481 219 423 358
2482 215 413 372
2483 221 402 377
2484 221 378 401
2485 227 365 408
2486 238 353 409
2487 243 329 428
2488 254 327 419
2489 253 323 424
2490 262 334 404
2491 271 336 393
2492 279 351 370
2493 279 356 365
2494 294 368 338
2495 289 377 334
2496 278 384 338
2497 261 399 340
2498 256 405 339
2499 234 408 358
2500 228 415 357
2501 218 416 366
2502 196 414 390
2503 200 427 373
2504 199 416 385
2505 217 402 381
2506 228 378 394
2507 246 364 390
2508 258 339 403
2509 268 326 406
2510 268 318 414
2511 275 305 420
2512 285 309 406
2513 289 313 398
2514 286 333 381
2515 291 350 359
2516 291 370 339
2517 300 383 317
2518 313 382 305
2519 317 382 301
2520 315 374 311
2521 303 372 325
2522 286 364 350
2523 271 364 365
2524 257 359 384
2525 261 360 379
2526 275 357 368
2527 284 343 373
2528 295 342 363
2529 300 333 367
2530 304 336 360
2531 315 332 353
2532 308 326 366
2533 305 332 363
2534 312 338 350
2535 317 345 338
2536 301 341 358
2537 304 366 330
2538 310 360 330
2539 301 358 341
2540 297 373 330
2541 291 371 338
2542 274 371 355
2543 276 381 343
2544 274 383 343
2545 281 360 359
2546 283 359 358
2547 270 359 371
2548 271 357 372
2549 258 358 384
2550 256 371 373
2551 254 363 383
2552 276 363 361
2553 276 364 360
2554 280 365 355
2555 289 361 350
2556 297 354 349
2557 306 345 349
2558 321 323 356
2559 319 316 365
2560 310 318 372
2561 305 326 369
2562 300 330 370
2563 312 339 349
2564 319 334 347
2565 338 336 326
2566 336 339 325
2567 325 348 327
2568 317 357 326
2569 299 357 344
2570 282 371 347
2571 288 379 333
2572 281 378 341
2573 266 383 351
2574 253 395 352
2575 258 399 343
2576 257 385 358
2577 255 386 359
2578 254 374 372
2579 240 367 393
2580 236 382 382
2581 233 381 386
2582 234 372 394
2583 242 367 391
2584 244 373 383
2585 246 370 384
2586 242 380 378
2587 239 391 370
2588 249 379 372
2589 260 370 370
2590 263 368 369
2591 246 370 384
2592 252 381 367
2593 249 378 373
2594 260 371 369
2595 285 349 366
2596 291 336 373
2597 296 339 365
2598 303 336 361
2599 305 327 368
2600 305 314 381
2601 314 317 369
2602 321 315 364
2603 312 330 358
2604 295 352 353
2605 284 366 350
2606 272 380 348
2607 274 401 325
2608 245 412 343
2609 249 438 313
2610 244 436 320
2611 227 426 347
2612 225 421 354
2613 220 409 371
2614 216 400 384
2615 213 383 404
2616 209 375 416
2617 219 353 428
2618 238 345 417
2619 256 336 408
2620 268 323 409
2621 272 323 405
2622 292 328 380
2623 295 325 380
2624 317 330 353
2625 304 330 366
2626 280 351 369
2627 272 384 344
2628 267 405 328
2629 266 410 324
2630 257 406 337
2631 257 418 325
2632 263 413 324
2633 257 407 336
2634 251 392 357
2635 254 365 381
2636 267 341 392
2637 269 323 408
2638 253 325 422
2639 259 329 412
2640 262 328 410
2641 277 331 392
2642 303 331 366
2643 309 332 359
2644 305 350 345
2645 296 372 332
2646 287 379 334
2647 273 384 343
2648 262 399 339
2649 254 407 339
2650 239 415 346
2651 235 429 336
2652 216 415 369
2653 220 412 368
2654 238 401 361
2655 245 378 377
2656 244 356 400
2657 255 349 396
2658 252 330 418
2659 246 319 435
2660 262 339 399
2661 274 326 400
2662 278 325 397
2663 284 344 372
2664 288 360 352
2665 292 363 345
2666 288 378 334
2667 271 393 336
2668 277 390 333
2669 268 397 335
2670 246 407 347
2671 235 410 355
2672 234 405 361
2673 206 403 391
2674 205 416 379
2675 228 402 370
2676 228 382 390
2677 221 375 404
2678 241 372 387
2679 246 349 405
2680 266 349 385
2681 273 331 396
2682 290 311 399
2683 294 308 398
2684 297 324 379
2685 312 328 360
2686 321 316 363
2687 325 330 345
2688 329 326 345
2689 344 340 316
2690 337 345 318
2691 314 355 331
2692 310 362 328
2693 317 362 321
2694 299 367 334
2695 304 371 325
2696 298 370 332
2697 296 362 342
2698 299 359 342
2699 308 346 346
2700 320 330 350
2701 316 318 366
2702 332 317 351
2703 328 297 375
2704 335 302 363
2705 334 303 363
2706 344 307 349
2707 348 310 342
2708 344 322 334
2709 346 338 316
2710 356 337 307
2711 348 347 305
2712 339 350 311
2713 326 358 316
2714 323 367 310
2715 315 367 318
2716 291 363 346
2717 283 371 346
2718 267 380 353
2719 256 386 358
2720 256 394 350
2721 255 386 359
2722 265 378 357
2723 285 368 347
2724 299 352 349
2725 300 330 370
2726 300 320 380
2727 311 314 375
2728 321 295 384
2729 344 293 363
2730 347 278 375
2731 351 285 364
2732 368 297 335
2733 376 302 322
2734 381 304 315
2735 391 305 304
2736 378 314 308
2737 366 329 305
2738 353 356 291
2739 338 362 300
2740 327 365 308
2741 324 371 305
2742 321 372 307
2743 311 374 315
2744 284 375 341
2745 267 387 346
2746 257 377 366
2747 253 381 366
2748 253 382 365
2749 249 376 375
2750 247 379 374
2751 227 379 394
2752 231 398 371
2753 238 382 380
2754 238 385 377
2755 242 381 377
2756 240 376 384
2757 241 384 375
2758 239 380 381
2759 241 382 377
2760 256 361 383
2761 262 362 376
2762 261 353 386
2763 269 358 373
2764 264 355 381
2765 262 352 386
2766 268 358 374
2767 295 350 355
2768 294 344 362
2769 303 344 353
2770 304 344 352
2771 295 338 367
2772 299 350 351
2773 309 349 342
2774 320 333 347
2775 325 330 345
2776 338 331 331
2777 328 318 354
2778 332 328 340
2779 316 330 354
2780 310 334 356
2781 308 341 351
2782 299 359 342
2783 295 371 334
2784 302 374 324
2785 305 380 315
2786 319 367 314
2787 330 351 319
2788 337 336 327
2789 318 322 360
2790 305 323 372
2791 313 324 363
2792 300 313 387
2793 315 320 365
2794 312 318 370
2795 323 337 340
2796 316 341 343
2797 315 362 323
2798 307 362 331
2799 300 369 331
2800 291 387 322
2801 290 389 321
2802 260 392 348
2803 252 403 345
2804 237 407 356
2805 243 401 356
2806 241 395 364
2807 232 390 378
2808 238 381 381
2809 226 373 401
2810 237 382 381
2811 236 360 404
2812 256 357 387
2813 260 343 397
2814 271 345 384
2815 273 339 388
2816 267 346 387
2817 258 360 382
2818 268 360 372
2819 257 372 371
2820 265 386 349
2821 255 392 353
2822 258 400 342
2823 236 403 361
2824 230 418 352
2825 236 410 354
2826 220 404 376
2827 226 408 366
2828 219 388 393
2829 220 389 391
2830 234 380 386
2831 254 363 383
2832 269 328 403
2833 281 321 398
2834 298 315 387
2835 309 294 397
2836 305 303 392
2837 313 306 381
2838 303 307 390
2839 326 334 340
2840 331 346 323
2841 321 348 331
2842 334 364 302
2843 323 372 305
2844 313 374 313
2845 319 381 300
2846 317 374 309
2847 307 349 344
2848 307 347 346
2849 307 345 348
2850 293 329 378
2851 298 335 367
2852 307 328 365
2853 302 312 386
2854 314 324 362
2855 306 337 357
2856 301 347 352
2857 312 354 334
2858 300 359 341
2859 311 365 324
2860 311 361 328
2861 296 377 327
2862 270 380 350
2863 255 393 352
2864 235 398 367
2865 219 411 370
2866 222 422 356
2867 222 413 365
2868 216 417 367
2869 238 407 355
2870 242 382 376
2871 249 365 386
2872 251 353 396
2873 245 338 417
2874 252 333 415
2875 262 335 403
2876 272 321 407
2877 295 321 384
2878 319 323 358
2879 332 316 352
2880 348 315 337
2881 351 314 335
2882 347 316 337
2883 334 318 348
2884 329 345 326
2885 308 350 342
2886 302 369 329
2887 305 382 313
2888 309 380 311
2889 323 377 300
2890 331 361 308
2891 317 351 332
2892 302 338 360
2893 277 348 375
2894 253 354 393
2895 252 365 383
2896 249 368 383
2897 261 374 365
2898 269 378 353
2899 276 380 344
2900 292 386 322
2901 298 360 342
2902 293 348 359
2903 285 342 373
2904 279 347 374
2905 268 347 385
2906 257 354 389
2907 250 363 387
2908 275 364 361
2909 286 365 349
2910 291 366 343
2911 289 367 344
2912 278 364 358
2913 282 375 343
2914 281 364 355
2915 291 356 353
2916 290 345 365
2917 299 345 356
2918 321 335 344
2919 328 312 360
2920 332 308 360
2921 324 293 383
2922 322 312 366
2923 321 322 357
2924 314 334 352
2925 328 341 331
2926 332 337 331
2927 327 356 317
2928 342 365 293
2929 321 365 314
2930 320 367 313
2931 319 358 323
2932 296 347 357
2933 287 363 350
2934 267 376 357
2935 246 377 377
2936 240 389 371
2937 252 395 353
2938 258 381 361
2939 273 384 343
2940 275 380 345
2941 259 362 379
2942 275 365 360
2943 286 348 366
2944 280 325 395
2945 290 325 385
2946 290 329 381
2947 291 326 383
2948 304 329 367
2949 305 334 361
2950 306 330 364
2951 315 346 339
2952 310 360 330
2953 309 365 326
2954 303 362 335
2955 298 371 331
2956 286 373 341
2957 280 380 340
2958 274 390 336
2959 258 380 362
2960 264 382 354
2961 263 371 366
2962 272 375 353
2963 272 357 371
2964 272 355 373
2965 277 348 375
2966 285 333 382
2967 299 335 366
2968 304 319 377
2969 311 325 364
2970 322 314 364
2971 313 321 366
2972 325 332 343
2973 332 327 341
2974 330 335 335
2975 346 335 319
2976 345 335 320
2977 352 330 318
2978 347 334 319
2979 353 332 315
2980 365 315 320
2981 372 308 320
2982 375 293 332
2983 385 290 325
2984 399 280 321
2985 391 271 338
2986 385 275 340
2987 400 283 317
2988 398 285 317
2989 397 294 309
2990 382 310 308
2991 385 328 287
2992 376 335 289
2993 374 353 273
2994 366 351 283
2995 344 351 305
2996 326 371 303
2997 301 380 319
2998 288 389 323
2999 256 384 360
3000 242 409 349
3001 235 405 360
3002 225 414 361
3003 203 424 373
3004 201 426 373
3005 211 419 370
3006 231 400 369
3007 222 385 393
3008 219 369 412
3009 221 376 403
3010 212 365 423
3011 225 364 411
3012 229 349 422
3013 251 352 397
3014 253 349 398
3015 256 362 382
3016 253 375 372
3017 260 371 369
3018 274 375 351
3019 282 362 356
3020 277 369 354
3021 243 371 386
3022 228 408 364
3023 217 410 373
3024 227 408 365
3025 207 402 391
3026 221 418 361
3027 207 417 376
3028 199 424 377
3029 186 430 384
3030 193 406 401
3031 207 397 396
3032 218 385 397
3033 213 380 407
3034 204 369 427
3035 205 379 416
3036 216 371 413
3037 250 354 396
3038 258 344 398
3039 266 345 389
3040 269 349 382
3041 283 351 366
3042 271 348 381
3043 273 350 377
3044 274 356 370
3045 265 372 363
3046 260 391 349
3047 243 395 362
3048 226 408 366
3049 221 423 356
3050 231 431 338
3051 242 419 339
3052 227 402 371
3053 213 401 386
3054 210 396 394
3055 212 395 393
3056 207 380 413
3057 203 370 427
3058 213 366 421
3059 227 368 405
3060 236 371 393
3061 258 363 379
3062 263 346 391
3063 268 342 390
3064 284 352 364
3065 282 346 372
3066 265 352 383
3067 256 367 377
3068 260 373 367
3069 265 377 358
3070 271 389 340
3071 269 387 344
3072 267 379 354
3073 271 387 342
3074 271 377 352
3075 270 362 368
3076 274 357 369
3077 261 349 390
3078 258 350 392
3079 272 355 373
3080 263 349 388
3081 271 350 379
3082 284 352 364
3083 284 354 362
3084 285 359 356
3085 290 366 344
3086 281 360 359
3087 282 364 354
3088 285 369 346
3089 286 365 349
3090 290 362 348
3091 277 356 367
3092 266 364 370
3093 285 368 347
3094 274 355 371
3095 266 362 372
3096 270 365 365
3097 276 365 359
3098 274 362 364
3099 285 370 345
3100 289 351 360
3101 291 343 366
3102 303 354 343
3103 314 335 351
3104 313 321 366
3105 317 322 361
3106 314 321 365
3107 323 316 361
3108 337 326 337
3109 321 320 359
3110 319 325 356
3111 329 346 325
3112 333 350 317
3113 331 345 324
3114 330 348 322
3115 331 354 315
3116 330 343 327
3117 330 350 320
3118 323 345 332
3119 321 331 348
3120 320 329 351
3121 330 335 335
3122 347 322 331
3123 363 299 338
3124 357 294 349
3125 365 293 342
3126 381 290 329
3127 387 288 325
3128 381 284 335
3129 378 284 338
3130 379 300 321
3131 373 322 305
3132 379 333 288
3133 365 328 307
3134 365 345 290
3135 364 347 289
3136 368 352 280
3137 359 348 293
3138 334 341 325
3139 318 344 338
3140 307 349 344
3141 302 365 333
3142 311 353 336
3143 303 342 355
3144 295 345 360
3145 305 357 338
3146 309 354 337
3147 308 347 345
3148 309 343 348
3149 335 326 339
3150 342 312 346
3151 336 316 348
3152 345 319 336
3153 352 298 350
3154 368 294 338
3155 383 285 332
3156 398 274 328
3157 398 276 326
3158 374 290 336
3159 367 310 323
3160 376 314 310
3161 371 326 303
3162 368 335 297
3163 358 347 295
3164 345 368 287
3165 321 379 300
3166 315 389 296
3167 322 375 303
3168 305 364 331
3169 298 369 333
3170 280 367 353
3171 269 373 358
3172 265 363 372
3173 270 356 374
3174 280 341 379
3175 284 345 371
3176 293 352 355
3177 277 338 385
3178 283 356 361
3179 299 344 357
3180 308 338 354
3181 311 336 353
3182 322 348 330
3183 323 333 344
3184 336 325 339
3185 342 326 332
3186 353 302 345
3187 352 303 345
3188 358 310 332
3189 356 306 338
3190 362 296 342
3191 364 305 331
3192 351 311 338
3193 359 323 318
3194 354 339 307
3195 350 343 307
3196 341 340 319
3197 333 353 314
3198 312 371 317
3199 293 383 324
3200 284 396 320
3201 276 393 331
3202 262 385 353
3203 270 395 335
3204 257 390 353
3205 254 390 356
3206 258 375 367
3207 252 359 389
3208 262 352 386
3209 276 345 379
3210 273 339 388
3211 271 332 397
3212 274 339 387
3213 290 336 374
3214 283 335 382
3215 275 358 367
3216 276 373 351
3217 258 379 363
3218 242 403 355
3219 232 426 342
3220 234 429 337
3221 233 430 337
3222 230 432 338
3223 237 412 351
3224 232 390 378
3225 221 389 390
3226 227 376 397
3227 231 347 422
3228 230 340 430
3229 228 340 432
3230 255 340 405
3231 283 333 384
3232 284 327 389
3233 313 327 360
3234 340 311 349
3235 333 313 354
3236 334 327 339
3237 334 326 340
3238 330 326 344
3239 328 337 335
3240 319 345 336
3241 319 354 327
3242 312 370 318
3243 312 375 313
3244 324 361 315
3245 317 350 333
3246 303 357 340
3247 288 360 352
3248 289 367 344
3249 280 357 363
3250 285 350 365
3251 294 340 366
3252 305 345 350
3253 307 345 348
3254 310 336 354
3255 295 330 375
3256 303 338 359
3257 312 340 348
3258 312 338 350
3259 306 348 346
3260 307 349 344
3261 321 348 331
3262 326 343 331
3263 340 344 316
3264 349 322 329
3265 334 311 355
3266 332 328 340
3267 332 320 348
3268 313 319 368
3269 311 339 350
3270 308 346 346
3271 322 348 330
3272 331 356 313
3273 325 358 317
3274 319 347 334
3275 314 361 325
3276 301 367 332
3277 288 360 352
3278 283 366 351
3279 272 369 359
3280 256 372 372
3281 264 386 350
3282 260 389 351
3283 270 379 351
3284 287 363 350
3285 299 353 348
3286 301 335 364
3287 297 330 373
3288 284 331 385
3289 278 330 392
3290 290 333 377
3291 299 331 370
3292 294 338 368
3293 289 353 358
3294 290 376 334
3295 298 380 322
3296 311 371 318
3297 310 359 331
3298 305 357 338
3299 296 364 340
3300 287 366 347
3301 276 360 364
3302 276 348 376
3303 293 344 363
3304 315 336 349
3305 336 326 338
3306 328 307 365
3307 325 308 367
3308 334 309 357
3309 349 306 345
3310 354 303 343
3311 346 302 352
3312 340 318 342
3313 350 334 316
3314 349 343 308
3315 348 343 309
3316 341 343 316
3317 332 353 315
3318 332 365 303
3319 310 366 324
3320 291 372 337
3321 272 375 353
3322 270 385 345
3323 272 387 341
3324 266 385 349
3325 255 381 364
3326 253 380 367
3327 256 381 363
3328 258 372 370
3329 243 367 390
3330 252 372 376
3331 253 361 386
3332 259 362 379
3333 272 360 368
3334 265 348 387
3335 284 354 362
3336 294 344 362
3337 301 339 360
3338 319 327 354
3339 320 320 360
3340 322 318 360
3341 317 318 365
3342 306 335 359
3343 306 340 354
3344 296 350 354
3345 302 365 333
3346 298 371 331
3347 298 382 320
3348 297 384 319
3349 292 385 323
3350 291 373 336
3351 272 369 359
3352 275 378 347
3353 256 360 384
3354 234 373 393
3355 222 384 394
3356 232 394 374
3357 250 383 367
3358 263 377 360
3359 253 368 379
3360 264 369 367
3361 274 376 350
3362 276 353 371
3363 271 340 389
3364 266 335 399
3365 260 351 389
3366 275 363 362
3367 271 357 372
3368 269 360 371
3369 296 355 349
3370 309 351 340
3371 314 351 335
3372 307 351 342
3373 294 342 364
3374 293 343 364
3375 298 350 352
3376 285 342 373
3377 277 360 363
3378 270 372 358
3379 281 379 340
3380 300 368 332
3381 308 358 334
3382 299 349 352
3383 310 351 339
3384 297 348 355
3385 293 343 364
3386 309 335 356
3387 320 312 368
3388 325 312 363
3389 345 317 338
3390 351 306 343
3391 364 298 338
3392 383 288 329
3393 395 274 331
3394 407 270 323
3395 400 281 319
3396 393 288 319
3397 390 290 320
3398 391 304 305
3399 396 311 293
3400 410 316 274
3401 389 316 295
3402 362 341 297
3403 353 357 290
3404 342 359 299
3405 335 368 297
3406 334 361 305
3407 321 355 324
3408 317 363 320
3409 314 367 319
3410 316 345 339
3411 319 327 354
3412 314 322 364
3413 314 318 368
3414 318 325 357
3415 322 327 351
3416 308 315 377
3417 320 325 355
3418 330 335 335
3419 335 343 322
3420 354 343 303
3421 342 328 330
3422 334 333 333
3423 325 339 336
3424 314 360 326
3425 308 361 331
3426 296 357 347
3427 294 361 345
3428 297 363 340
3429 304 375 321
3430 304 363 333
3431 301 357 342
3432 314 339 347
3433 325 325 350
3434 323 318 359
3435 320 316 364
3436 299 317 384
3437 310 326 364
3438 315 327 358
3439 329 328 343
3440 334 332 334
3441 337 341 322
3442 345 345 310
3443 337 339 324
3444 346 346 308
3445 342 328 330
3446 336 331 333
3447 326 336 338
3448 307 342 351
3449 286 352 362
3450 284 369 347
3451 286 377 337
3452 297 368 335
3453 286 375 339
3454 283 383 334
3455 284 381 335
3456 289 374 337
3457 298 359 343
3458 305 333 362
3459 324 318 358
3460 323 308 369
3461 323 302 375
3462 326 294 380
3463 338 293 369
3464 349 288 363
3465 354 292 354
3466 355 313 332
3467 344 327 329
3468 344 348 308
3469 348 354 298
3470 346 358 296
3471 349 361 290
3472 347 363 290
3473 334 361 305
3474 317 353 330
3475 302 356 342
3476 279 350 371
3477 264 367 369
3478 260 378 362
3479 242 379 379
3480 240 395 365
3481 245 399 356
3482 247 402 351
3483 242 397 361
3484 236 408 356
3485 239 397 364
3486 235 383 382
3487 220 386 394
3488 211 385 404
3489 204 390 406
3490 211 394 395
3491 208 392 400
3492 222 384 394
3493 224 381 395
3494 221 393 386
3495 225 393 382
3496 221 390 389
3497 207 389 404
3498 205 399 396
3499 229 403 368
3500 228 387 385
3501 215 391 394
3502 223 392 385
3503 238 384 378
3504 248 372 380
3505 264 363 373
3506 262 337 401
3507 276 335 389
3508 271 337 392
3509 286 338 376
3510 290 322 388
3511 300 326 374
3512 310 328 362
3513 328 327 345
3514 338 335 327
3515 318 327 355
3516 325 345 330
3517 331 337 332
3518 329 347 324
3519 333 345 322
3520 332 339 329
3521 322 341 337
3522 323 343 334
3523 316 350 334
3524 327 339 334
3525 319 336 345
3526 324 334 342
3527 328 331 341
3528 316 333 351
3529 311 343 346
3530 290 346 364
3531 294 360 346
3532 293 367 340
3533 309 371 320
3534 308 357 335
3535 291 361 348
3536 281 376 343
3537 275 376 349
3538 280 379 341
3539 257 360 383
3540 244 376 380
3541 245 385 370
3542 236 398 366
3543 223 403 374
3544 230 401 369
3545 234 394 372
3546 255 387 358
3547 264 385 351
3548 252 360 388
3549 239 363 398
3550 238 363 399
3551 257 359 384
3552 270 342 388
3553 277 336 387
3554 261 336 403
3555 288 354 358
3556 295 352 353
3557 297 342 361
3558 300 340 360
3559 311 341 348
3560 308 347 345
3561 305 356 339
3562 301 359 340
3563 305 345 350
3564 315 343 342
3565 307 343 350
3566 308 353 339
3567 307 351 342
3568 305 346 349
3569 307 339 354
3570 334 334 332
3571 336 321 343
3572 335 321 344
3573 343 322 335
3574 363 304 333
3575 352 286 362
3576 350 302 348
3577 335 311 354
3578 325 331 344
3579 329 354 317
3580 341 350 309
3581 346 337 317
3582 357 350 293
3583 359 357 284
3584 351 339 310
3585 347 338 315
3586 322 322 356
3587 314 324 362
3588 319 336 345
3589 307 344 349
3590 285 343 372
3591 288 358 354
3592 281 373 346
3593 300 381 319
3594 315 378 307
3595 305 361 334
3596 293 359 348
3597 298 363 339
3598 289 359 352
3599 280 353 367
3600 281 347 372
3601 279 338 383
3602 290 343 367
3603 280 349 371
3604 262 361 377
3605 259 375 366
3606 254 382 364
3607 254 393 353
3608 269 399 332
3609 268 393 339
3610 267 389 344
3611 264 384 352
3612 260 375 365
3613 259 365 376
3614 261 359 380
3615 257 346 397
3616 269 344 387
3617 279 338 383
3618 280 332 388
3619 296 336 368
3620 312 329 359
3621 317 323 360
3622 325 324 351
3623 317 329 354
3624 317 339 344
3625 305 345 350
3626 291 363 346
3627 293 373 334
3628 287 378 335
3629 290 390 320
3630 289 386 325
3631 284 382 334
3632 278 377 345
3633 268 377 355
3634 266 369 365
3635 268 361 371
3636 275 354 371
3637 282 335 383
3638 282 332 386
3639 292 336 372
3640 288 331 381
3641 305 335 360
3642 308 326 366
3643 300 331 369
3644 319 346 335
3645 314 346 340
3646 309 354 337
3647 327 355 318
3648 330 342 328
3649 329 335 336
3650 335 345 320
3651 330 334 336
3652 321 324 355
3653 313 333 354
3654 309 333 358
3655 297 336 367
3656 295 361 344
3657 291 370 339
3658 301 364 335
3659 308 365 327
3660 297 368 335
3661 307 370 323
3662 303 360 337
3663 292 361 347
3664 288 347 365
3665 303 342 355
3666 307 333 360
3667 318 328 354
3668 320 314 366
3669 318 310 372
3670 321 322 357
3671 337 318 345
3672 348 316 336
3673 343 310 347
3674 356 324 320
3675 357 316 327
3676 357 329 314
3677 342 333 325
3678 361 336 303
3679 370 321 309
3680 380 314 306
3681 371 310 319
3682 358 305 337
3683 350 326 324
3684 347 321 332
3685 348 320 332
3686 362 316 322
3687 349 317 334
3688 342 337 321
3689 343 348 309
3690 306 352 342
3691 288 368 344
3692 284 391 325
3693 287 396 317
3694 266 397 337
3695 255 417 328
3696 241 408 351
3697 235 411 354
3698 237 413 350
3699 228 395 377
3700 226 381 393
3701 232 378 390
3702 225 371 404
3703 243 358 399
3704 244 349 407
3705 248 345 407
3706 267 339 394
3707 294 338 368
3708 300 325 375
3709 308 322 370
3710 318 321 361
3711 312 324 364
3712 308 339 353
3713 311 347 342
3714 305 350 345
3715 308 357 335
3716 312 367 321
3717 294 366 340
3718 286 385 329
3719 279 390 331
3720 275 382 343
3721 270 378 352
3722 270 380 350
3723 259 373 368
3724 261 374 365
3725 261 373 366
3726 265 354 381
3727 274 345 381
3728 293 344 363
3729 295 329 376
3730 306 325 369
3731 298 321 381
3732 291 328 381
3733 309 336 355
3734 312 337 351
3735 307 343 350
3736 302 349 349
3737 296 369 335
3738 297 379 324
3739 296 382 322
3740 288 376 336
3741 285 376 339
3742 275 378 347
3743 265 382 353
3744 254 386 360
3745 264 377 359
3746 265 357 378
3747 281 353 366
3748 281 343 376
3749 283 343 374
3750 295 339 366
3751 303 323 374
3752 321 311 368
3753 340 302 358
3754 334 303 363
3755 338 313 349
3756 345 319 336
3757 330 312 358
3758 325 331 344
3759 323 352 325
3760 313 366 321
3761 285 385 330
3762 261 412 327
3763 235 426 339
3764 239 446 315
3765 235 449 316
3766 216 434 350
3767 209 432 359
3768 199 425 376
3769 189 416 395
3770 203 399 398
3771 213 371 416
3772 217 341 442
3773 238 334 428
3774 249 328 423
3775 268 319 413
3776 278 307 415
3777 287 306 407
3778 306 314 380
3779 317 323 360
3780 315 342 343
3781 315 351 334
3782 330 357 313
3783 331 351 318
3784 327 362 311
3785 321 367 312
3786 308 365 327
3787 294 369 337
3788 276 364 360
3789 263 373 364
3790 264 380 356
3791 248 385 367
3792 247 390 363
3793 257 386 357
3794 272 378 350
3795 290 359 351
3796 301 346 353
3797 292 326 382
3798 274 328 398
3799 273 341 386
3800 282 337 381
3801 283 332 385
3802 284 339 377
3803 295 357 348
3804 308 359 333
3805 307 366 327
3806 300 365 335
3807 315 359 326
3808 301 348 351
3809 292 367 341
3810 275 369 356
3811 256 368 376
3812 253 385 362
3813 273 381 346
3814 294 362 344
3815 311 347 342
3816 302 341 357
3817 310 331 359
3818 317 321 362
3819 301 315 384
3820 309 314 377
3821 310 310 380
3822 307 328 365
3823 297 346 357
3824 313 362 325
3825 324 356 320
3826 316 355 329
3827 336 369 295
3828 342 350 308
3829 327 348 325
3830 326 345 329
3831 314 328 358
3832 312 324 364
3833 316 332 352
3834 314 329 357
3835 317 317 366
3836 290 333 377
3837 292 362 346
3838 297 363 340
3839 298 375 327
3840 292 378 330
3841 292 376 332
3842 301 379 320
3843 278 382 340
3844 261 389 350
3845 267 377 356
3846 249 370 381
3847 242 376 382
3848 237 380 383
3849 224 387 389
3850 221 397 382
3851 218 397 385
3852 237 393 370
3853 232 386 382
3854 239 398 363
3855 235 385 380
3856 234 385 381
3857 230 379 391
3858 232 373 395
3859 244 371 385
3860 250 363 387
3861 245 364 391
3862 251 357 392
3863 251 364 385
3864 248 364 388
3865 248 373 379
3866 250 379 371
3867 250 379 371
3868 253 387 360
3869 263 383 354
3870 241 380 379
3871 237 395 368
3872 235 399 366
3873 236 392 372
3874 227 385 388
3875 217 394 389
3876 218 396 386
3877 217 399 384
3878 231 403 366
3879 231 374 395
3880 248 370 382
3881 248 360 392
3882 239 367 394
3883 239 367 394
3884 225 365 410
3885 228 376 396
3886 240 369 391
3887 251 386 363
3888 253 379 368
3889 251 387 362
3890 261 382 357
3891 268 372 360
3892 260 367 373
3893 254 364 382
3894 241 377 382
3895 243 373 384
3896 231 378 391
3897 236 382 382
3898 239 382 379
3899 246 389 365
3900 257 387 356
3901 256 379 365
3902 263 367 370
3903 256 364 380
3904 262 366 372
3905 250 356 394
3906 238 368 394
3907 233 373 394
3908 244 380 376
3909 250 377 373
3910 249 383 368
3911 248 387 365
3912 258 386 356
3913 257 386 357
3914 264 375 361
3915 256 363 381
3916 251 364 385
3917 250 372 378
3918 253 367 380
3919 271 360 369
3920 264 343 393
3921 276 350 374
3922 291 349 360
3923 302 346 352
3924 283 334 383
3925 283 345 372
3926 272 350 378
3927 278 368 354
3928 276 379 345
3929 286 374 340
3930 276 365 359
3931 283 378 339
3932 275 383 342
3933 263 380 357
3934 258 387 355
3935 241 374 385
3936 245 380 375
3937 247 381 372
3938 242 388 370
3939 244 380 376
3940 257 373 370
3941 261 363 376
3942 275 352 373
3943 281 351 368
3944 294 339 367
3945 284 325 391
3946 297 328 375
3947 304 323 373
3948 313 323 364
3949 327 324 349
3950 331 321 348
3951 337 318 345
3952 349 324 327
3953 337 326 337
3954 336 335 329
3955 321 341 338
3956 314 356 330
3957 313 362 325
3958 286 366 348
3959 263 396 341
3960 242 413 345
3961 234 432 334
3962 230 431 339
3963 227 429 344
3964 229 417 354
3965 227 409 364
3966 223 407 370
3967 218 381 401
3968 207 369 424
3969 224 361 415
3970 214 345 441
3971 218 357 425
3972 214 365 421
3973 215 377 408
3974 236 378 386
3975 257 383 360
3976 275 374 351
3977 293 364 343
3978 288 362 350
3979 288 355 357
3980 290 347 363
3981 288 333 379
3982 295 334 371
3983 304 322 374
3984 296 322 382
3985 290 340 370
3986 305 348 347
3987 308 340 352
3988 317 345 338
3989 299 350 351
3990 295 367 338
3991 284 383 333
3992 277 394 329
3993 269 383 348
3994 274 383 343
3995 272 386 342
3996 259 383 358
3997 254 391 355
3998 242 379 379
3999 245 375 380
