p=0.03125 p_inf=0.1 time series=0,1,9,17
Format is t, #suscepted, #infected, #recovered
0 996 1 3
1 992 4 4
2 988 8 4
3 982 12 6
4 976 18 6
5 966 24 10
6 955 34 11
7 931 45 24
8 902 68 30
9 866 94 40
10 821 126 53
11 755 167 78
12 693 227 80
13 611 283 106
14 500 355 145
15 404 455 141
16 308 528 164
17 228 598 174
18 151 646 203
19 108 682 210
20 68 665 267
21 53 649 298
22 50 592 358
23 70 495 435
24 94 402 504
25 124 308 568
26 164 230 606
27 221 154 625
28 262 114 624
29 323 89 588
30 415 85 500
31 488 90 422
32 559 110 331
33 605 133 262
34 643 165 192
35 633 203 164
36 602 253 145
37 539 309 152
38 460 376 164
39 371 450 179
40 284 519 197
41 208 583 209
42 150 627 223
43 110 647 243
44 87 637 276
45 87 604 309
46 91 537 372
47 105 459 436
48 122 376 502
49 141 295 564
50 164 232 604
51 206 189 605
52 264 157 579
53 324 132 544
54 391 139 470
55 443 150 407
56 492 181 327
57 520 213 267
58 526 248 226
59 511 285 204
60 473 332 195
61 404 395 201
62 333 457 210
63 250 517 233
64 198 569 233
65 174 589 237
66 147 578 275
67 138 568 294
68 130 530 340
69 139 475 386
70 142 404 454
71 162 341 497
72 190 269 541
73 224 221 555
74 255 198 547
75 294 177 529
76 341 176 483
77 390 184 426
78 438 206 356
79 493 221 286
80 508 238 254
81 487 271 242
82 466 315 219
83 404 357 239
84 349 420 231
85 270 467 263
86 221 524 255
87 174 558 268
88 134 588 278
89 120 595 285
90 110 565 325
91 106 533 361
92 121 474 405
93 140 412 448
94 155 336 509
95 164 287 549
96 171 248 581
97 205 234 561
98 239 230 531
99 290 228 482
100 326 236 438
101 375 262 363
102 394 289 317
103 411 319 270
104 401 341 258
105 368 365 267
106 318 402 280
107 265 454 281
108 207 499 294
109 169 531 300
110 137 542 321
111 132 544 324
112 142 527 331
113 140 493 367
114 151 458 391
115 158 395 447
116 182 343 475
117 197 287 516
118 218 261 521
119 241 238 521
120 275 232 493
121 295 232 473
122 332 247 421
123 360 273 367
124 366 297 337
125 359 347 294
126 343 380 277
127 314 419 267
128 272 454 274
129 236 496 268
130 183 517 300
131 153 544 303
132 140 550 310
133 138 513 349
134 133 482 385
135 136 448 416
136 145 410 445
137 167 359 474
138 182 316 502
139 209 274 517
140 250 241 509
141 280 237 483
142 310 238 452
143 321 242 437
144 344 269 387
145 369 297 334
146 390 315 295
147 391 336 273
148 352 368 280
149 323 411 266
150 304 439 257
151 251 454 295
152 203 480 317
153 172 500 328
154 171 513 316
155 151 493 356
156 139 481 380
157 154 450 396
158 157 407 436
159 179 389 432
160 202 341 457
161 206 298 496
162 231 281 488
163 265 276 459
164 297 254 449
165 318 253 429
166 315 275 410
167 332 296 372
168 357 327 316
169 358 345 297
170 330 361 309
171 318 394 288
172 294 428 278
173 253 453 294
174 239 472 289
175 215 465 320
176 198 458 344
177 195 457 348
178 184 444 372
179 171 422 407
180 180 401 419
181 174 367 459
182 201 354 445
183 226 334 440
184 234 316 450
185 237 309 454
186 257 319 424
187 275 321 404
188 298 324 378
189 302 335 363
190 296 344 360
191 287 370 343
192 265 397 338
193 246 426 328
194 244 435 321
195 237 435 328
196 229 439 332
197 227 436 337
198 217 429 354
199 200 413 387
200 189 403 408
201 202 385 413
202 197 363 440
203 202 368 430
204 194 359 447
205 204 370 426
206 228 367 405
207 239 359 402
208 267 358 375
209 277 348 375
210 256 360 384
211 257 376 367
212 242 384 374
213 234 388 378
214 218 399 383
215 230 423 347
216 234 412 354
217 226 418 356
218 223 414 363
219 203 401 396
220 195 413 392
221 197 417 386
222 189 404 407
223 200 388 412
224 191 388 421
225 194 391 415
226 211 392 397
227 215 388 397
228 225 372 403
229 236 358 406
230 255 360 385
231 249 357 394
232 253 363 384
233 246 356 398
234 250 362 388
235 262 362 376
236 266 366 368
237 278 376 346
238 258 362 380
239 254 385 361
240 250 383 367
241 248 394 358
242 244 390 366
243 230 394 376
244 223 404 373
245 227 401 372
246 216 411 373
247 205 399 396
248 186 412 402
249 202 420 378
250 204 408 388
251 199 402 399
252 196 397 407
253 188 403 409
254 211 401 388
255 214 390 396
256 219 374 407
257 211 361 428
258 217 381 402
259 223 381 396
260 234 380 386
261 231 363 406
262 240 368 392
263 242 370 388
264 256 384 360
265 243 383 374
266 236 376 388
267 246 383 371
268 258 374 368
269 246 379 375
270 236 386 378
271 221 394 385
272 222 395 383
273 230 395 375
274 235 394 371
275 245 382 373
276 247 381 372
277 237 374 389
278 232 377 391
279 245 374 381
280 241 360 399
281 234 364 402
282 245 372 383
283 237 373 390
284 237 382 381
285 246 389 365
286 247 377 376
287 261 379 360
288 263 379 358
289 259 373 368
290 255 369 376
291 259 372 369
292 254 359 387
293 263 357 380
294 264 360 376
295 257 357 386
296 247 364 389
297 245 380 375
298 239 386 375
299 226 389 385
300 222 415 363
301 213 421 366
302 213 427 360
303 210 430 360
304 203 426 371
305 206 417 377
306 199 408 393
307 192 412 396
308 194 393 413
309 207 385 408
310 215 366 419
311 230 355 415
312 247 344 409
313 270 336 394
314 268 322 410
315 292 320 388
316 288 315 397
317 288 327 385
318 281 346 373
319 269 364 367
320 263 387 350
321 257 401 342
322 259 421 320
323 246 421 333
324 239 439 322
325 225 434 341
326 204 429 367
327 182 432 386
328 185 431 384
329 178 414 408
330 180 401 419
331 180 399 421
332 199 381 420
333 209 367 424
334 218 362 420
335 224 350 426
336 224 345 431
337 238 362 400
338 231 361 408
339 241 370 389
340 245 378 377
341 247 388 365
342 272 391 337
343 286 378 336
344 271 369 360
345 249 367 384
346 235 390 375
347 222 395 383
348 190 400 410
349 182 422 396
350 190 427 383
351 198 432 370
352 209 433 358
353 199 424 377
354 206 411 383
355 199 399 402
356 194 401 405
357 196 384 420
358 188 377 435
359 193 380 427
360 204 374 422
361 238 372 390
362 249 351 400
363 238 352 410
364 265 361 374
365 269 351 380
366 258 354 388
367 257 362 381
368 256 369 375
369 257 372 371
370 257 392 351
371 251 391 358
372 248 388 364
373 237 401 362
374 225 409 366
375 219 413 368
376 218 412 370
377 201 410 389
378 198 407 395
379 206 411 383
380 199 406 395
381 196 400 404
382 190 395 415
383 182 397 421
384 183 406 411
385 187 407 406
386 198 406 396
387 216 391 393
388 232 378 390
389 243 368 389
390 232 362 406
391 230 371 399
392 213 364 423
393 207 380 413
394 215 387 398
395 220 394 386
396 211 402 387
397 221 421 358
398 225 417 358
399 221 404 375
400 203 415 382
401 202 417 381
402 193 411 396
403 192 413 395
404 194 406 400
405 199 385 416
406 219 384 397
407 217 377 406
408 236 368 396
409 251 347 402
410 248 338 414
411 250 339 411
412 262 344 394
413 242 353 405
414 251 374 375
415 247 372 381
416 255 385 360
417 246 398 356
418 238 416 346
419 226 423 351
420 192 430 378
421 184 455 361
422 165 442 393
423 168 463 369
424 167 447 386
425 175 435 390
426 185 409 406
427 189 392 419
428 186 381 433
429 201 359 440
430 200 357 443
431 203 337 460
432 215 350 435
433 218 350 432
434 218 373 409
435 229 390 381
436 254 390 356
437 255 387 358
438 273 388 339
439 277 390 333
440 269 373 358
441 242 381 377
442 231 385 384
443 216 379 405
444 213 394 393
445 221 400 379
446 220 391 389
447 229 390 381
448 224 398 378
449 226 395 379
450 235 389 376
451 213 386 401
452 203 393 404
453 216 397 387
454 225 393 382
455 222 385 393
456 225 380 395
457 236 380 384
458 240 375 385
459 255 374 371
460 261 352 387
461 244 342 414
462 234 363 403
463 235 381 384
464 240 385 375
465 249 380 371
466 251 376 373
467 267 375 358
468 266 381 353
469 229 392 379
470 212 408 380
471 216 407 377
472 224 399 377
473 223 396 381
474 221 401 378
475 214 404 382
476 215 405 380
477 230 393 377
478 251 362 387
479 256 342 402
480 251 345 404
481 247 353 400
482 234 352 414
483 226 362 412
484 224 369 407
485 240 383 377
486 245 398 357
487 232 413 355
488 215 423 362
489 204 432 364
490 204 444 352
491 202 434 364
492 202 429 369
493 193 415 392
494 187 409 404
495 187 400 413
496 183 390 427
497 188 385 427
498 210 368 422
499 226 356 418
500 250 345 405
501 260 335 405
502 268 331 401
503 265 332 403
504 277 345 378
505 285 338 377
506 275 347 378
507 285 369 346
508 271 370 359
509 273 394 333
510 267 396 337
511 247 401 352
512 237 408 355
513 217 425 358
514 205 436 359
515 201 426 373
516 188 429 383
517 186 418 396
518 184 418 398
519 191 415 394
520 200 401 399
521 211 375 414
522 230 353 417
523 232 344 424
524 251 339 410
525 248 331 421
526 260 334 406
527 266 325 409
528 277 333 390
529 290 348 362
530 277 357 366
531 261 379 360
532 252 400 348
533 252 417 331
534 240 414 346
535 245 435 320
536 234 422 344
537 233 418 349
538 227 410 363
539 218 394 388
540 208 382 410
541 217 375 408
542 217 369 414
543 233 348 419
544 245 345 410
545 257 337 406
546 259 333 408
547 262 347 391
548 283 356 361
549 271 342 387
550 269 360 371
551 262 383 355
552 252 393 355
553 246 411 343
554 230 421 349
555 233 423 344
556 236 411 353
557 230 422 348
558 212 410 378
559 206 405 389
560 199 401 400
561 190 390 420
562 205 389 406
563 214 372 414
564 213 375 412
565 229 365 406
566 243 361 396
567 254 352 394
568 266 345 389
569 263 344 393
570 276 348 376
571 260 352 388
572 244 365 391
573 238 391 371
574 227 401 372
575 230 421 349
576 231 425 344
577 226 425 349
578 228 426 346
579 235 420 345
580 238 400 362
581 233 371 396
582 227 366 407
583 215 352 433
584 207 360 433
585 216 368 416
586 220 358 422
587 233 360 407
588 253 367 380
589 260 376 364
590 270 374 356
591 260 378 362
592 249 380 371
593 236 383 381
594 221 406 373
595 196 419 385
596 178 437 385
597 172 446 382
598 169 454 377
599 179 453 368
600 204 441 355
601 211 413 376
602 206 383 411
603 209 375 416
604 206 354 440
605 209 348 443
606 216 337 447
607 231 331 438
608 240 328 432
609 252 347 401
610 273 365 362
611 291 352 357
612 295 355 350
613 290 357 353
614 291 373 336
615 267 378 355
616 242 405 353
617 203 411 386
618 182 432 386
619 176 466 358
620 164 469 367
621 171 479 350
622 189 456 355
623 189 433 378
624 195 406 399
625 198 394 408
626 185 370 445
627 198 349 453
628 208 333 459
629 227 313 460
630 227 317 456
631 247 340 413
632 266 347 387
633 286 340 374
634 299 344 357
635 294 352 354
636 298 373 329
637 253 389 358
638 217 430 353
639 196 443 361
640 186 457 357
641 194 474 332
642 195 462 343
643 188 453 359
644 191 439 370
645 199 420 381
646 219 371 410
647 229 338 433
648 215 314 471
649 226 311 463
650 232 312 456
651 232 315 453
652 230 329 441
653 259 350 391
654 262 370 368
655 277 400 323
656 268 409 323
657 261 421 318
658 242 427 331
659 210 443 347
660 187 461 352
661 172 463 365
662 164 458 378
663 159 436 405
664 175 432 393
665 194 404 402
666 214 379 407
667 232 343 425
668 247 307 446
669 247 290 463
670 266 295 439
671 258 298 444
672 261 310 429
673 257 335 408
674 265 364 371
675 275 392 333
676 278 418 304
677 266 432 302
678 249 439 312
679 235 453 312
680 222 455 323
681 190 443 367
682 181 446 373
683 177 427 396
684 174 405 421
685 189 394 417
686 189 372 439
687 207 358 435
688 225 338 437
689 231 332 437
690 247 323 430
691 260 326 414
692 264 335 401
693 275 342 383
694 273 353 374
695 266 369 365
696 240 396 364
697 242 428 330
698 223 435 342
699 205 451 344
700 193 460 347
701 184 465 351
702 171 463 366
703 152 460 388
704 156 452 392
705 167 416 417
706 163 398 439
707 184 386 430
708 194 356 450
709 199 341 460
710 213 338 449
711 224 327 449
712 253 324 423
713 259 331 410
714 277 343 380
715 281 337 382
716 268 363 369
717 251 391 358
718 247 411 342
719 248 426 326
720 218 428 354
721 202 451 347
722 193 455 352
723 179 470 351
724 171 458 371
725 172 438 390
726 167 417 416
727 174 407 419
728 171 398 431
729 183 378 439
730 195 362 443
731 220 335 445
732 235 322 443
733 262 327 411
734 270 321 409
735 273 323 404
736 289 329 382
737 277 333 390
738 286 361 353
739 269 379 352
740 238 409 353
741 220 435 345
742 194 459 347
743 190 483 327
744 184 481 335
745 175 483 342
746 166 464 370
747 144 455 401
748 163 447 390
749 160 402 438
750 162 381 457
751 180 355 465
752 183 339 478
753 215 334 451
754 229 321 450
755 256 316 428
756 285 297 418
757 303 313 384
758 319 316 365
759 305 326 369
760 291 356 353
761 276 375 349
762 257 403 340
763 251 427 322
764 226 452 322
765 213 461 326
766 220 471 309
767 192 454 354
768 187 452 361
769 167 438 395
770 158 430 412
771 146 415 439
772 156 402 442
773 156 383 461
774 179 373 448
775 200 367 433
776 221 348 431
777 228 341 431
778 234 342 424
779 237 351 412
780 232 361 407
781 234 385 381
782 204 393 403
783 205 429 366
784 215 447 338
785 214 444 342
786 214 444 342
787 220 435 345
788 214 419 367
789 200 401 399
790 196 407 397
791 188 375 437
792 185 365 450
793 197 371 432
794 199 359 442
795 212 366 422
796 238 369 393
797 243 361 396
798 272 350 378
799 269 353 378
800 264 366 370
801 265 365 370
802 254 376 370
803 235 380 385
804 234 396 370
805 236 405 359
806 219 414 367
807 215 428 357
808 205 419 376
809 192 430 378
810 195 432 373
811 197 425 378
812 191 407 402
813 194 404 402
814 194 392 414
815 213 378 409
816 207 368 425
817 218 363 419
818 231 350 419
819 246 344 410
820 250 347 403
821 248 346 406
822 252 360 388
823 244 370 386
824 246 388 366
825 241 391 368
826 250 409 341
827 235 406 359
828 236 418 346
829 229 418 353
830 233 411 356
831 224 397 379
832 234 388 378
833 211 375 414
834 195 380 425
835 189 399 412
836 178 393 429
837 182 404 414
838 192 407 401
839 218 411 371
840 222 394 384
841 240 403 357
842 228 380 392
843 231 373 396
844 212 376 412
845 204 384 412
846 196 389 415
847 195 393 412
848 179 411 410
849 200 418 382
850 208 420 372
851 212 419 369
852 218 412 370
853 233 398 369
854 228 378 394
855 207 379 414
856 205 382 413
857 206 377 417
858 210 374 416
859 205 371 424
860 215 383 402
861 226 387 387
862 236 396 368
863 251 385 364
864 266 367 367
865 264 357 379
866 253 362 385
867 246 376 378
868 243 371 386
869 220 370 410
870 203 384 413
871 207 412 381
872 206 426 368
873 203 437 360
874 196 435 369
875 210 428 362
876 218 419 363
877 217 412 371
878 202 399 399
879 190 386 424
880 188 384 428
881 182 375 443
882 198 383 419
883 199 374 427
884 210 382 408
885 224 378 398
886 237 377 386
887 242 377 381
888 250 374 376
889 236 375 389
890 227 381 392
891 223 399 378
892 222 395 383
893 224 400 376
894 213 399 388
895 208 410 382
896 213 418 369
897 209 412 379
898 193 410 397
899 204 408 388
900 197 401 402
901 190 403 407
902 187 411 402
903 192 403 405
904 199 390 411
905 211 389 400
906 226 379 395
907 230 366 404
908 233 369 398
909 234 364 402
910 251 355 394
911 266 346 388
912 259 344 397
913 266 352 382
914 271 355 374
915 269 363 368
916 258 362 380
917 256 378 366
918 254 389 357
919 238 400 362
920 220 418 362
921 223 428 349
922 217 422 361
923 209 420 371
924 199 429 372
925 201 423 376
926 201 410 389
927 194 399 407
928 192 388 420
929 193 380 427
930 196 385 419
931 200 384 416
932 223 371 406
933 242 354 404
934 246 348 406
935 259 355 386
936 267 353 380
937 255 353 392
938 265 360 375
939 265 351 384
940 260 364 376
941 243 386 371
942 231 409 360
943 238 414 348
944 236 409 355
945 238 411 351
946 246 402 352
947 229 403 368
948 216 407 377
949 204 398 398
950 204 387 409
951 199 382 419
952 206 392 402
953 221 383 396
954 224 377 399
955 230 373 397
956 248 363 389
957 260 354 386
958 270 353 377
959 266 348 386
960 257 342 401
961 257 360 383
962 242 366 392
963 243 385 372
964 238 394 368
965 232 408 360
966 239 415 346
967 224 413 363
968 213 434 353
969 208 427 365
970 204 426 370
971 207 411 382
972 208 399 393
973 215 384 401
974 214 370 416
975 220 373 407
976 245 346 409
977 238 328 434
978 255 336 409
979 267 334 399
980 272 334 394
981 281 344 375
982 273 349 378
983 283 354 363
984 271 371 358
985 265 401 334
986 244 399 357
987 226 422 352
988 205 440 355
989 201 451 348
990 199 450 351
991 190 447 363
992 182 439 379
993 191 417 392
994 193 410 397
995 191 385 424
996 208 369 423
997 216 341 443
998 229 334 437
999 233 324 443
1000 245 328 427
1001 254 338 408
1002 272 336 392
1003 290 343 367
1004 291 341 368
1005 291 368 341
1006 283 375 342
1007 267 393 340
1008 257 405 338
1009 241 405 354
1010 220 423 357
1011 206 437 357
1012 189 453 358
1013 185 443 372
1014 187 440 373
1015 186 420 394
1016 199 409 392
1017 201 396 403
1018 212 376 412
1019 206 351 443
1020 218 341 441
1021 212 339 449
1022 227 348 425
1023 239 353 408
1024 239 352 409
1025 253 365 382
1026 260 371 369
1027 265 389 346
1028 253 394 353
1029 230 408 362
1030 205 422 373
1031 194 442 364
1032 181 454 365
1033 172 454 374
1034 165 457 378
1035 179 446 375
1036 178 427 395
1037 200 414 386
1038 205 378 417
1039 212 353 435
1040 214 334 452
1041 221 332 447
1042 241 322 437
1043 259 313 428
1044 275 314 411
1045 293 311 396
1046 308 329 363
1047 324 339 337
1048 328 342 330
1049 306 340 354
1050 274 372 354
1051 254 413 333
1052 251 432 317
1053 212 438 350
1054 202 459 339
1055 193 459 348
1056 196 465 339
1057 180 464 356
1058 148 448 404
1059 146 439 415
1060 150 422 428
1061 156 412 432
1062 172 385 443
1063 177 369 454
1064 178 358 464
1065 211 358 431
1066 255 341 404
1067 262 306 432
1068 265 316 419
1069 276 323 401
1070 267 339 394
1071 268 364 368
1072 261 374 365
1073 257 381 362
1074 265 402 333
1075 241 429 330
1076 219 443 338
1077 210 458 332
1078 191 451 358
1079 183 445 372
1080 188 443 369
1081 172 431 397
1082 157 426 417
1083 166 414 420
1084 183 391 426
1085 207 359 434
1086 228 342 430
1087 232 327 441
1088 238 325 437
1089 239 331 430
1090 247 335 418
1091 257 339 404
1092 264 352 384
1093 266 377 357
1094 270 392 338
1095 266 403 331
1096 248 409 343
1097 241 421 338
1098 221 424 355
1099 205 440 355
1100 175 443 382
1101 155 448 397
1102 147 453 400
1103 160 450 390
1104 169 431 400
1105 191 410 399
1106 196 385 419
1107 206 364 430
1108 208 351 441
1109 214 344 442
1110 212 333 455
1111 222 338 440
1112 232 347 421
1113 243 358 399
1114 250 372 378
1115 253 386 361
1116 258 396 346
1117 261 398 341
1118 240 406 354
1119 218 422 360
1120 213 435 352
1121 203 429 368
1122 205 425 370
1123 201 409 390
1124 205 403 392
1125 201 397 402
1126 214 393 393
1127 227 364 409
1128 229 338 433
1129 233 342 425
1130 253 342 405
1131 250 338 412
1132 258 347 395
1133 262 345 393
1134 272 345 383
1135 275 364 361
1136 254 387 359
1137 238 404 358
1138 223 420 357
1139 226 439 335
1140 222 427 351
1141 203 433 364
1142 196 452 352
1143 185 440 375
1144 184 428 388
1145 185 412 403
1146 186 395 419
1147 208 375 417
1148 219 365 416
1149 222 348 430
1150 237 326 437
1151 248 323 429
1152 275 324 401
1153 292 313 395
1154 291 313 396
1155 261 334 405
1156 241 374 385
1157 253 411 336
1158 233 421 346
1159 213 444 343
1160 207 463 330
1161 196 480 324
1162 189 491 320
1163 173 477 350
1164 162 453 385
1165 157 427 416
1166 147 422 431
1167 156 409 435
1168 160 381 459
1169 177 360 463
1170 202 332 466
1171 236 321 443
1172 257 311 432
1173 264 316 420
1174 284 314 402
1175 284 307 409
1176 297 335 368
1177 305 343 352
1178 295 363 342
1179 293 384 323
1180 291 396 313
1181 265 393 342
1182 253 421 326
1183 233 440 327
1184 206 432 362
1185 167 451 382
1186 146 470 384
1187 137 470 393
1188 159 467 374
1189 173 448 379
1190 186 406 408
1191 219 374 407
1192 221 349 430
1193 223 328 449
1194 225 307 468
1195 233 305 462
1196 245 300 455
1197 273 307 420
1198 286 321 393
1199 297 340 363
1200 306 354 340
1201 305 366 329
1202 304 388 308
1203 282 391 327
1204 254 418 328
1205 209 439 352
1206 184 470 346
1207 162 476 362
1208 170 484 346
1209 166 464 370
1210 190 446 364
1211 196 419 385
1212 190 386 424
1213 195 371 434
1214 207 335 458
1215 209 317 474
1216 210 307 483
1217 233 326 441
1218 238 321 441
1219 258 343 399
1220 270 356 374
1221 296 359 345
1222 294 369 337
1223 288 389 323
1224 256 405 339
1225 234 418 348
1226 194 445 361
1227 173 463 364
1228 170 471 359
1229 170 471 359
1230 168 461 371
1231 167 443 390
1232 180 428 392
1233 191 402 407
1234 194 364 442
1235 207 343 450
1236 214 322 464
1237 231 315 454
1238 244 308 448
1239 255 313 432
1240 275 317 408
1241 304 323 373
1242 313 332 355
1243 310 344 346
1244 296 368 336
1245 279 389 332
1246 263 413 324
1247 252 424 324
1248 241 431 328
1249 202 436 362
1250 198 466 336
1251 178 458 364
1252 169 454 377
1253 142 442 416
1254 147 445 408
1255 150 429 421
1256 163 419 418
1257 177 401 422
1258 201 357 442
1259 226 341 433
1260 236 320 444
1261 249 322 429
1262 254 306 440
1263 251 317 432
1264 250 330 420
1265 266 349 385
1266 259 377 364
1267 254 400 346
1268 231 426 343
1269 224 447 329
1270 207 470 323
1271 192 476 332
1272 170 478 352
1273 152 481 367
1274 151 471 378
1275 149 449 402
1276 168 425 407
1277 185 385 430
1278 190 345 465
1279 208 334 458
1280 226 314 460
1281 240 293 467
1282 254 289 457
1283 262 297 441
1284 274 313 413
1285 283 341 376
1286 277 372 351
1287 265 389 346
1288 234 421 345
1289 214 473 313
1290 178 497 325
1291 165 525 310
1292 155 522 323
1293 139 504 357
1294 144 489 367
1295 148 467 385
1296 143 431 426
1297 155 384 461
1298 165 348 487
1299 191 310 499
1300 224 287 489
1301 242 272 486
1302 250 269 481
1303 277 283 440
1304 317 292 391
1305 333 299 368
1306 349 319 332
1307 338 341 321
1308 324 375 301
1309 296 404 300
1310 271 435 294
1311 236 446 318
1312 205 472 323
1313 171 496 333
1314 161 510 329
1315 148 498 354
1316 137 477 386
1317 131 459 410
1318 149 434 417
1319 155 405 440
1320 173 373 454
1321 190 331 479
1322 213 300 487
1323 235 289 476
1324 249 288 463
1325 269 292 439
1326 286 297 417
1327 307 309 384
1328 319 320 361
1329 319 350 331
1330 298 381 321
1331 263 413 324
1332 230 449 321
1333 211 478 311
1334 182 492 326
1335 157 509 334
1336 136 523 341
1337 133 514 353
1338 124 486 390
1339 137 463 400
1340 146 414 440
1341 170 376 454
1342 185 338 477
1343 198 306 496
1344 216 279 505
1345 251 270 479
1346 276 263 461
1347 300 261 439
1348 319 286 395
1349 326 305 369
1350 335 336 329
1351 340 359 301
1352 325 381 294
1353 293 405 302
1354 270 444 286
1355 218 469 313
1356 192 496 312
1357 167 503 330
1358 151 497 352
1359 141 490 369
1360 153 478 369
1361 141 442 417
1362 148 415 437
1363 168 383 449
1364 190 336 474
1365 213 307 480
1366 235 290 475
1367 258 275 467
1368 282 264 454
1369 298 276 426
1370 307 287 406
1371 344 310 346
1372 354 320 326
1373 356 339 305
1374 327 354 319
1375 298 398 304
1376 260 438 302
1377 238 464 298
1378 213 475 312
1379 192 477 331
1380 176 488 336
1381 169 485 346
1382 162 477 361
1383 160 440 400
1384 163 402 435
1385 178 373 449
1386 194 347 459
1387 206 329 465
1388 221 306 473
1389 231 294 475
1390 268 292 440
1391 298 292 410
1392 322 300 378
1393 341 305 354
1394 329 312 359
1395 310 342 348
1396 288 384 328
1397 253 418 329
1398 225 455 320
1399 202 483 315
1400 188 498 314
1401 181 507 312
1402 174 507 319
1403 170 484 346
1404 171 446 383
1405 174 411 415
1406 186 371 443
1407 196 331 473
1408 203 306 491
1409 217 290 493
1410 252 276 472
1411 288 264 448
1412 314 266 420
1413 343 275 382
1414 369 286 345
1415 374 300 326
1416 365 320 315
1417 343 345 312
1418 328 381 291
1419 300 408 292
1420 263 434 303
1421 227 462 311
1422 205 487 308
1423 190 495 315
1424 174 490 336
1425 160 481 359
1426 144 459 397
1427 133 448 419
1428 143 433 424
1429 151 395 454
1430 170 362 468
1431 187 335 478
1432 202 323 475
1433 240 317 443
1434 265 301 434
1435 287 287 426
1436 308 280 412
1437 318 297 385
1438 319 320 361
1439 315 346 339
1440 305 362 333
1441 287 378 335
1442 287 412 301
1443 272 426 302
1444 246 448 306
1445 234 457 309
1446 205 446 349
1447 194 449 357
1448 182 444 374
1449 167 440 393
1450 160 421 419
1451 173 414 413
1452 193 379 428
1453 222 350 428
1454 232 332 436
1455 242 319 439
1456 259 314 427
1457 271 301 428
1458 264 308 428
1459 274 322 404
1460 283 347 370
1461 272 367 361
1462 264 396 340
1463 245 417 338
1464 250 441 309
1465 230 449 321
1466 210 462 328
1467 177 468 355
1468 157 476 367
1469 157 476 367
1470 157 447 396
1471 165 426 409
1472 168 394 438
1473 188 383 429
1474 205 350 445
1475 209 327 464
1476 216 315 469
1477 244 308 448
1478 267 309 424
1479 276 307 417
1480 289 330 381
1481 313 328 359
1482 324 337 339
1483 331 349 320
1484 317 354 329
1485 296 375 329
1486 273 395 332
1487 238 420 342
1488 215 432 353
1489 185 457 358
1490 182 478 340
1491 191 469 340
1492 198 455 347
1493 187 427 386
1494 192 418 390
1495 206 388 406
1496 200 362 438
1497 200 343 457
1498 216 322 462
1499 224 315 461
1500 248 321 431
1501 251 325 424
1502 252 331 417
1503 275 360 365
1504 285 363 352
1505 301 372 327
1506 290 377 333
1507 260 395 345
1508 222 419 359
1509 221 453 326
1510 194 448 358
1511 192 446 362
1512 191 445 364
1513 194 437 369
1514 188 429 383
1515 193 417 390
1516 185 388 427
1517 195 362 443
1518 214 357 429
1519 223 340 437
1520 228 332 440
1521 224 335 441
1522 227 347 426
1523 241 356 403
1524 266 371 363
1525 246 372 382
1526 241 397 362
1527 229 419 352
1528 218 439 343
1529 186 447 367
1530 180 467 353
1531 175 464 361
1532 177 454 369
1533 178 451 371
1534 187 425 388
1535 184 394 422
1536 200 377 423
1537 204 353 443
1538 220 329 451
1539 236 316 448
1540 240 310 450
1541 253 309 438
1542 259 322 419
1543 269 347 384
1544 270 354 376
1545 285 377 338
1546 269 386 345
1547 247 415 338
1548 237 443 320
1549 227 454 319
1550 206 451 343
1551 184 447 369
1552 160 462 378
1553 164 463 373
1554 155 450 395
1555 151 430 419
1556 169 406 425
1557 182 377 441
1558 202 367 431
1559 213 351 436
1560 226 325 449
1561 236 311 453
1562 248 314 438
1563 264 322 414
1564 258 330 412
1565 257 365 378
1566 264 376 360
1567 271 385 344
1568 263 404 333
1569 241 426 333
1570 226 445 329
1571 209 452 339
1572 176 461 363
1573 165 459 376
1574 155 459 386
1575 156 460 384
1576 160 440 400
1577 157 414 429
1578 176 398 426
1579 187 372 441
1580 204 352 444
1581 223 337 440
1582 237 318 445
1583 249 303 448
1584 272 311 417
1585 277 314 409
1586 278 325 397
1587 277 350 373
1588 286 371 343
1589 270 377 353
1590 256 412 332
1591 234 441 325
1592 216 455 329
1593 213 470 317
1594 192 462 346
1595 187 458 355
1596 190 442 368
1597 191 433 376
1598 189 397 414
1599 203 370 427
1600 199 342 459
1601 210 331 459
1602 227 328 445
1603 249 315 436
1604 266 309 425
1605 290 301 409
1606 309 313 378
1607 298 321 381
1608 303 360 337
1609 291 366 343
1610 297 381 322
1611 272 388 340
1612 268 419 313
1613 251 431 318
1614 231 436 333
1615 201 448 351
1616 190 439 371
1617 178 444 378
1618 178 441 381
1619 173 434 393
1620 162 408 430
1621 165 407 428
1622 184 399 417
1623 216 368 416
1624 216 345 439
1625 231 340 429
1626 221 328 451
1627 254 345 401
1628 244 338 418
1629 238 349 413
1630 240 363 397
1631 236 392 372
1632 234 419 347
1633 233 426 341
1634 219 439 342
1635 205 436 359
1636 209 457 334
1637 206 442 352
1638 191 431 378
1639 182 417 401
1640 196 399 405
1641 201 378 421
1642 218 360 422
1643 216 346 438
1644 223 327 450
1645 238 335 427
1646 247 331 422
1647 256 336 408
1648 261 345 394
1649 273 361 366
1650 271 367 362
1651 265 383 352
1652 247 408 345
1653 236 418 346
1654 221 433 346
1655 213 443 344
1656 196 442 362
1657 184 443 373
1658 174 449 377
1659 150 443 407
1660 143 442 415
1661 141 439 420
1662 155 426 419
1663 172 402 426
1664 189 386 425
1665 198 368 434
1666 225 353 422
1667 251 332 417
1668 255 307 438
1669 254 306 440
1670 267 320 413
1671 286 331 383
1672 299 328 373
1673 308 333 359
1674 303 339 358
1675 308 365 327
1676 293 385 322
1677 271 401 328
1678 251 409 340
1679 231 418 351
1680 215 441 344
1681 205 452 343
1682 183 456 361
1683 177 452 371
1684 183 438 379
1685 190 416 394
1686 191 401 408
1687 190 391 419
1688 194 369 437
1689 200 354 446
1690 223 344 433
1691 238 325 437
1692 262 324 414
1693 291 322 387
1694 308 308 384
1695 313 301 386
1696 307 318 375
1697 308 339 353
1698 308 348 344
1699 295 367 338
1700 296 381 323
1701 279 382 339
1702 264 413 323
1703 244 435 321
1704 223 438 339
1705 215 438 347
1706 204 437 359
1707 191 429 380
1708 194 428 378
1709 188 424 388
1710 183 399 418
1711 200 382 418
1712 221 362 417
1713 218 341 441
1714 227 345 428
1715 247 344 409
1716 250 325 425
1717 279 326 395
1718 290 322 388
1719 302 328 370
1720 311 336 353
1721 305 348 347
1722 300 350 350
1723 285 356 359
1724 274 390 336
1725 254 400 346
1726 232 424 344
1727 214 440 346
1728 198 450 352
1729 190 454 356
1730 191 460 349
1731 181 453 366
1732 186 429 385
1733 188 414 398
1734 199 388 413
1735 194 361 445
1736 204 356 440
1737 221 342 437
1738 216 319 465
1739 244 331 425
1740 242 327 431
1741 252 344 404
1742 255 360 385
1743 260 384 356
1744 262 384 354
1745 276 396 328
1746 272 405 323
1747 265 397 338
1748 248 408 344
1749 237 408 355
1750 210 403 387
1751 218 406 376
1752 211 398 391
1753 192 393 415
1754 203 403 394
1755 207 400 393
1756 217 385 398
1757 216 375 409
1758 236 381 383
1759 228 358 414
1760 230 374 396
1761 215 377 408
1762 216 382 402
1763 213 384 403
1764 219 402 379
1765 217 406 377
1766 223 402 375
1767 210 419 371
1768 201 416 383
1769 208 422 370
1770 211 410 379
1771 206 405 389
1772 219 392 389
1773 229 375 396
1774 225 369 406
1775 240 356 404
1776 238 344 418
1777 249 340 411
1778 242 341 417
1779 244 353 403
1780 234 364 402
1781 226 391 383
1782 221 405 374
1783 223 423 354
1784 233 433 334
1785 231 427 342
1786 233 428 339
1787 226 414 360
1788 199 410 391
1789 201 410 389
1790 209 394 397
1791 206 368 426
1792 218 361 421
1793 218 355 427
1794 231 354 415
1795 237 355 408
1796 248 353 399
1797 258 342 400
1798 265 348 387
1799 267 367 366
1800 259 372 369
1801 257 386 357
1802 234 389 377
1803 219 411 370
1804 225 428 347
1805 191 433 376
1806 173 461 366
1807 178 460 362
1808 177 450 373
1809 185 437 378
1810 180 426 394
1811 182 409 409
1812 193 390 417
1813 191 374 435
1814 203 348 449
1815 209 337 454
1816 211 341 448
1817 219 352 429
1818 237 355 408
1819 266 354 380
1820 274 344 382
1821 303 352 345
1822 305 349 346
1823 290 358 352
1824 278 369 353
1825 262 370 368
1826 254 383 363
1827 230 392 378
1828 218 426 356
1829 216 430 354
1830 205 435 360
1831 205 437 358
1832 217 426 357
1833 204 413 383
1834 197 413 390
1835 180 411 409
1836 180 394 426
1837 190 390 420
1838 190 375 435
1839 189 373 438
1840 197 385 418
1841 212 390 398
1842 220 375 405
1843 245 369 386
1844 244 361 395
1845 233 366 401
1846 212 392 396
1847 193 415 392
1848 186 422 392
1849 200 424 376
1850 195 425 380
1851 205 436 359
1852 197 434 369
1853 181 437 382
1854 176 427 397
1855 187 409 404
1856 179 391 430
1857 183 397 420
1858 191 392 417
1859 190 373 437
1860 196 376 428
1861 215 367 418
1862 252 358 390
1863 268 339 393
1864 259 341 400
1865 250 344 406
1866 236 358 406
1867 222 391 387
1868 222 402 376
1869 224 411 365
1870 243 418 339
1871 241 418 341
1872 243 418 339
1873 227 413 360
1874 217 415 368
1875 224 392 384
1876 214 374 412
1877 211 375 414
1878 192 371 437
1879 199 390 411
1880 209 383 408
1881 212 378 410
1882 230 373 397
1883 236 378 386
1884 249 390 361
1885 250 376 374
1886 235 379 386
1887 241 375 384
1888 242 376 382
1889 243 380 377
1890 239 384 377
1891 230 383 387
1892 229 380 391
1893 226 395 379
1894 230 395 375
1895 220 395 385
1896 216 404 380
1897 217 404 379
1898 215 399 386
1899 219 402 379
1900 224 401 375
1901 227 381 392
1902 238 378 384
1903 235 367 398
1904 232 361 407
1905 226 364 410
1906 232 375 393
1907 238 366 396
1908 227 361 412
1909 236 392 372
1910 232 386 382
1911 226 401 373
1912 220 413 367
1913 212 416 372
1914 219 413 368
1915 213 415 372
1916 206 426 368
1917 211 402 387
1918 203 403 394
1919 200 396 404
1920 219 387 394
1921 232 365 403
1922 234 355 411
1923 221 351 428
1924 244 353 403
1925 233 354 413
1926 247 364 389
1927 255 357 388
1928 258 358 384
1929 256 377 367
1930 268 389 343
1931 251 381 368
1932 236 396 368
1933 222 410 368
1934 215 414 371
1935 211 428 361
1936 199 431 370
1937 210 424 366
1938 209 401 390
1939 228 410 362
1940 228 376 396
1941 234 362 404
1942 236 352 412
1943 235 336 429
1944 245 334 421
1945 250 331 419
1946 235 349 416
1947 257 355 388
1948 270 367 363
1949 285 368 347
1950 284 363 353
1951 284 380 336
1952 282 382 336
1953 261 387 352
1954 252 390 358
1955 237 393 370
1956 242 396 362
1957 237 390 373
1958 241 400 359
1959 247 379 374
1960 244 371 385
1961 258 369 373
1962 259 352 389
1963 265 348 387
1964 267 339 394
1965 268 343 389
1966 281 332 387
1967 291 340 369
1968 293 338 369
1969 302 338 360
1970 307 346 347
1971 291 345 364
1972 263 370 367
1973 257 394 349
1974 240 411 349
1975 220 420 360
1976 217 442 341
1977 211 445 344
1978 213 443 344
1979 215 442 343
1980 213 415 372
1981 219 393 388
1982 218 370 412
1983 218 362 420
1984 216 340 444
1985 218 339 443
1986 219 339 442
1987 238 339 423
1988 257 347 396
1989 270 350 380
1990 268 360 372
1991 285 370 345
1992 277 375 348
1993 265 384 351
1994 257 396 347
1995 249 404 347
1996 244 404 352
1997 223 406 371
1998 209 417 374
1999 208 421 371
2000 190 417 393
2001 191 426 383
2002 205 413 382
2003 215 391 394
2004 225 381 394
2005 232 369 399
2006 233 351 416
2007 239 346 415
2008 252 344 404
2009 256 322 422
2010 255 331 414
2011 232 354 414
2012 220 387 393
2013 227 411 362
2014 230 422 348
2015 218 424 358
2016 237 438 325
2017 223 441 336
2018 199 446 355
2019 193 447 360
2020 179 420 401
2021 176 410 414
2022 184 402 414
2023 171 392 437
2024 166 391 443
2025 184 393 423
2026 199 370 431
2027 235 354 411
2028 257 345 398
2029 249 333 418
2030 253 349 398
2031 251 355 394
2032 235 358 407
2033 241 372 387
2034 251 389 360
2035 247 395 358
2036 246 408 346
2037 239 421 340
2038 239 412 349
2039 238 406 356
2040 234 404 362
2041 219 394 387
2042 207 392 401
2043 193 398 409
2044 172 399 429
2045 179 407 414
2046 180 409 411
2047 192 414 394
2048 219 404 377
2049 233 387 380
2050 235 375 390
2051 235 367 398
2052 247 366 387
2053 241 346 413
2054 234 350 416
2055 242 352 406
2056 248 354 398
2057 247 365 388
2058 248 378 374
2059 238 385 377
2060 240 396 364
2061 236 414 350
2062 229 414 357
2063 215 419 366
2064 191 431 378
2065 165 444 391
2066 177 457 366
2067 186 438 376
2068 185 418 397
2069 215 401 384
2070 229 371 400
2071 231 352 417
2072 235 338 427
2073 233 321 446
2074 231 310 459
2075 237 331 432
2076 251 345 404
2077 258 348 394
2078 264 371 365
2079 277 384 339
2080 285 385 330
2081 299 394 307
2082 274 391 335
2083 243 395 362
2084 224 412 364
2085 191 428 381
2086 190 438 372
2087 173 426 401
2088 166 442 392
2089 185 440 375
2090 193 424 383
2091 212 412 376
2092 221 376 403
2093 232 351 417
2094 249 330 421
2095 252 325 423
2096 261 306 433
2097 273 299 428
2098 288 303 409
2099 308 300 392
2100 303 316 381
2101 290 346 364
2102 266 380 354
2103 274 409 317
2104 265 420 315
2105 219 436 345
2106 204 478 318
2107 183 496 321
2108 170 501 329
2109 155 484 361
2110 130 465 405
2111 129 461 410
2112 133 451 416
2113 138 431 431
2114 150 384 466
2115 172 354 474
2116 206 327 467
2117 229 310 461
2118 240 306 454
2119 246 299 455
2120 250 303 447
2121 287 319 394
2122 302 329 369
2123 313 344 343
2124 314 360 326
2125 313 376 311
2126 314 381 305
2127 294 387 319
2128 279 403 318
2129 245 402 353
2130 207 426 367
2131 185 449 366
2132 157 455 388
2133 164 467 369
2134 173 455 372
2135 167 440 393
2136 182 430 388
2137 178 416 406
2138 171 396 433
2139 168 380 452
2140 179 377 444
2141 187 354 459
2142 208 358 434
2143 229 352 419
2144 237 341 422
2145 245 347 408
2146 259 359 382
2147 250 361 389
2148 271 373 356
2149 243 375 382
2150 236 399 365
2151 240 412 348
2152 216 419 365
2153 212 437 351
2154 225 429 346
2155 216 414 370
2156 207 411 382
2157 206 418 376
2158 200 395 405
2159 198 388 414
2160 195 383 422
2161 213 368 419
2162 224 358 418
2163 248 362 390
2164 237 341 422
2165 259 345 396
2166 251 346 403
2167 261 361 378
2168 269 356 375
2169 273 363 364
2170 260 369 371
2171 255 378 367
2172 247 404 349
2173 232 408 360
2174 220 422 358
2175 212 419 369
2176 195 432 373
2177 185 442 373
2178 179 446 375
2179 168 443 389
2180 172 428 400
2181 180 420 400
2182 191 398 411
2183 186 390 424
2184 198 382 420
2185 203 360 437
2186 214 351 435
2187 235 343 422
2188 242 337 421
2189 259 338 403
2190 273 343 384
2191 271 337 392
2192 275 347 378
2193 272 365 363
2194 256 377 367
2195 247 401 352
2196 249 416 335
2197 237 413 350
2198 240 420 340
2199 231 423 346
2200 224 422 354
2201 219 411 370
2202 215 404 381
2203 212 384 404
2204 216 372 412
2205 216 371 413
2206 220 364 416
2207 230 357 413
2208 241 348 411
2209 241 348 411
2210 257 355 388
2211 259 359 382
2212 247 369 384
2213 236 382 382
2214 217 400 383
2215 211 426 363
2216 197 441 362
2217 187 455 358
2218 185 458 357
2219 181 456 363
2220 182 450 368
2221 184 436 380
2222 178 416 406
2223 172 396 432
2224 175 387 438
2225 183 370 447
2226 197 359 444
2227 212 347 441
2228 220 338 442
2229 238 344 418
2230 265 346 389
2231 283 339 378
2232 292 330 378
2233 288 338 374
2234 279 353 368
2235 258 374 368
2236 237 404 359
2237 229 419 352
2238 238 425 337
2239 248 423 329
2240 248 422 330
2241 246 414 340
2242 236 401 363
2243 233 390 377
2244 254 363 383
2245 260 327 413
2246 244 315 441
2247 247 333 420
2248 256 331 413
2249 278 330 392
2250 289 321 390
2251 306 321 373
2252 313 331 356
2253 294 360 346
2254 264 391 345
2255 239 403 358
2256 224 430 346
2257 205 446 349
2258 205 474 321
2259 195 474 331
2260 170 474 356
2261 163 470 367
2262 180 446 374
2263 176 417 407
2264 170 394 436
2265 166 384 450
2266 171 360 469
2267 194 355 451
2268 223 332 445
2269 255 307 438
2270 286 299 415
2271 308 297 395
2272 316 298 386
2273 317 300 383
2274 288 323 389
2275 279 357 364
2276 252 389 359
2277 223 441 336
2278 193 478 329
2279 187 510 303
2280 188 515 297
2281 190 512 298
2282 190 487 323
2283 181 453 366
2284 168 430 402
2285 155 391 454
2286 150 367 483
2287 170 340 490
2288 199 315 486
2289 233 289 478
2290 276 280 444
2291 289 271 440
2292 328 281 391
2293 343 281 376
2294 336 290 374
2295 310 324 366
2296 298 375 327
2297 258 413 329
2298 224 462 314
2299 204 505 291
2300 187 515 298
2301 185 532 283
2302 185 525 290
2303 172 491 337
2304 153 453 394
2305 132 434 434
2306 129 406 465
2307 148 366 486
2308 155 337 508
2309 185 313 502
2310 224 290 486
2311 259 285 456
2312 286 288 426
2313 323 280 397
2314 351 271 378
2315 368 283 349
2316 361 295 344
2317 344 326 330
2318 306 366 328
2319 282 409 309
2320 265 430 305
2321 257 455 288
2322 228 472 300
2323 202 489 309
2324 166 503 331
2325 154 508 338
2326 146 480 374
2327 143 445 412
2328 151 427 422
2329 154 394 452
2330 153 374 473
2331 144 358 498
2332 176 353 471
2333 206 316 478
2334 240 314 446
2335 253 315 432
2336 268 320 412
2337 280 338 382
2338 296 346 358
2339 302 346 352
2340 311 345 344
2341 276 373 351
2342 255 410 335
2343 241 430 329
2344 221 439 340
2345 211 441 348
2346 215 443 342
2347 219 439 342
2348 203 436 361
2349 203 424 373
2350 197 387 416
2351 202 373 425
2352 202 359 439
2353 202 357 441
2354 209 355 436
2355 221 352 427
2356 243 343 414
2357 282 333 385
2358 296 331 373
2359 300 331 369
2360 281 341 378
2361 268 362 370
2362 244 377 379
2363 234 404 362
2364 224 423 353
2365 204 443 353
2366 199 465 336
2367 192 470 338
2368 197 467 336
2369 204 441 355
2370 200 419 381
2371 194 396 410
2372 177 383 440
2373 170 380 450
2374 173 365 462
2375 188 357 455
2376 227 345 428
2377 245 332 423
2378 267 336 397
2379 270 337 393
2380 283 347 370
2381 276 337 387
2382 259 359 382
2383 247 384 369
2384 231 408 361
2385 228 437 335
2386 219 436 345
2387 200 444 356
2388 202 453 345
2389 193 461 346
2390 198 448 354
2391 199 418 383
2392 183 393 424
2393 183 380 437
2394 184 381 435
2395 198 372 430
2396 212 349 439
2397 238 327 435
2398 270 314 416
2399 280 312 408
2400 281 327 392
2401 266 339 395
2402 253 353 394
2403 262 375 363
2404 257 389 354
2405 250 416 334
2406 238 436 326
2407 226 450 324
2408 214 447 339
2409 208 447 345
2410 202 439 359
2411 185 423 392
2412 157 426 417
2413 144 427 429
2414 135 420 445
2415 147 415 438
2416 164 406 430
2417 189 389 422
2418 212 372 416
2419 226 365 409
2420 238 348 414
2421 249 335 416
2422 241 331 428
2423 238 344 418
2424 252 356 392
2425 250 359 391
2426 248 378 374
2427 262 387 351
2428 258 390 352
2429 250 407 343
2430 236 419 345
2431 210 420 370
2432 184 434 382
2433 163 457 380
2434 161 459 380
2435 158 452 390
2436 159 452 389
2437 178 434 388
2438 207 403 390
2439 223 373 404
2440 229 343 428
2441 241 314 445
2442 242 300 458
2443 237 306 457
2444 252 311 437
2445 258 314 428
2446 264 339 397
2447 274 363 363
2448 269 383 348
2449 259 417 324
2450 237 441 322
2451 230 457 313
2452 222 459 319
2453 200 464 336
2454 182 461 357
2455 179 455 366
2456 174 438 388
2457 167 409 424
2458 164 392 444
2459 165 379 456
2460 178 376 446
2461 195 358 447
2462 215 344 441
2463 228 330 442
2464 253 334 413
2465 261 338 401
2466 272 347 381
2467 267 349 384
2468 256 357 387
2469 240 386 374
2470 224 416 360
2471 209 446 345
2472 205 457 338
2473 197 457 346
2474 202 456 342
2475 206 449 345
2476 191 437 372
2477 183 423 394
2478 178 401 421
2479 183 376 441
2480 196 360 444
2481 218 347 435
2482 227 326 447
2483 241 324 435
2484 264 322 414
2485 280 313 407
2486 299 319 382
2487 304 325 371
2488 314 336 350
2489 312 339 349
2490 305 362 333
2491 281 371 348
2492 261 397 342
2493 249 426 325
2494 233 432 335
2495 212 442 346
2496 197 452 351
2497 185 464 351
2498 191 453 356
2499 177 438 385
2500 168 426 406
2501 165 406 429
2502 177 403 420
2503 188 381 431
2504 178 360 462
2505 204 358 438
2506 220 343 437
2507 237 342 421
2508 254 337 409
2509 252 340 408
2510 244 345 411
2511 247 375 378
2512 226 393 381
2513 217 416 367
2514 198 440 362
2515 197 460 343
2516 193 466 341
2517 197 467 336
2518 183 458 359
2519 163 442 395
2520 170 444 386
2521 150 414 436
2522 153 410 437
2523 158 387 455
2524 177 376 447
2525 201 356 443
2526 229 341 430
2527 238 329 433
2528 251 318 431
2529 261 335 404
2530 274 329 397
2531 282 339 379
2532 294 342 364
2533 285 350 365
2534 273 374 353
2535 270 398 332
2536 248 412 340
2537 237 417 346
2538 226 434 340
2539 222 435 343
2540 206 436 358
2541 192 444 364
2542 184 434 382
2543 184 418 398
2544 192 404 404
2545 198 391 411
2546 207 368 425
2547 215 358 427
2548 212 349 439
2549 219 344 437
2550 224 347 429
2551 238 358 404
2552 250 358 392
2553 267 359 374
2554 269 365 366
2555 277 373 350
2556 276 374 350
2557 273 380 347
2558 263 380 357
2559 259 379 362
2560 249 383 368
2561 227 392 381
2562 206 408 386
2563 195 421 384
2564 191 431 378
2565 190 429 381
2566 205 430 365
2567 214 416 370
2568 219 403 378
2569 230 389 381
2570 230 362 408
2571 217 349 434
2572 219 352 429
2573 234 352 414
2574 245 336 419
2575 244 339 417
2576 255 353 392
2577 274 356 370
2578 280 364 356
2579 274 371 355
2580 259 374 367
2581 245 389 366
2582 222 419 359
2583 200 439 361
2584 188 447 365
2585 166 456 378
2586 174 470 356
2587 195 455 350
2588 208 431 361
2589 197 403 400
2590 204 384 412
2591 219 357 424
2592 212 334 454
2593 211 332 457
2594 225 319 456
2595 237 320 443
2596 253 332 415
2597 276 344 380
2598 285 340 375
2599 291 358 351
2600 278 375 347
2601 271 390 339
2602 249 410 341
2603 223 431 346
2604 194 445 361
2605 180 462 358
2606 176 480 344
2607 162 466 372
2608 179 463 358
2609 194 431 375
2610 197 396 407
2611 210 372 418
2612 220 345 435
2613 220 318 462
2614 231 300 469
2615 251 303 446
2616 276 286 438
2617 288 293 419
2618 302 316 382
2619 311 326 363
2620 332 344 324
2621 332 350 318
2622 310 368 322
2623 296 387 317
2624 262 418 320
2625 230 445 325
2626 196 454 350
2627 171 478 351
2628 169 485 346
2629 158 481 361
2630 162 474 364
2631 155 451 394
2632 156 427 417
2633 168 399 433
2634 176 378 446
2635 181 346 473
2636 186 334 480
2637 209 333 458
2638 233 317 450
2639 248 316 436
2640 273 325 402
2641 284 328 388
2642 308 338 354
2643 314 346 340
2644 309 352 339
2645 298 358 344
2646 276 385 339
2647 256 408 336
2648 245 419 336
2649 226 427 347
2650 221 436 343
2651 213 433 354
2652 208 435 357
2653 206 434 360
2654 201 409 390
2655 192 391 417
2656 191 389 420
2657 193 382 425
2658 200 371 429
2659 206 367 427
2660 205 359 436
2661 230 361 409
2662 244 361 395
2663 266 365 369
2664 269 345 386
2665 286 349 365
2666 269 343 388
2667 260 364 376
2668 243 381 376
2669 213 396 391
2670 199 426 375
2671 202 436 362
2672 215 453 332
2673 215 436 349
2674 209 442 349
2675 201 427 372
2676 204 418 378
2677 201 400 399
2678 205 373 422
2679 195 359 446
2680 203 352 445
2681 195 361 444
2682 207 363 430
2683 236 366 398
2684 256 346 398
2685 288 344 368
2686 292 339 369
2687 299 349 352
2688 261 349 390
2689 246 378 376
2690 236 391 373
2691 240 398 362
2692 219 414 367
2693 214 437 349
2694 204 447 349
2695 198 447 355
2696 196 453 351
2697 210 426 364
2698 216 399 385
2699 208 386 406
2700 208 378 414
2701 202 355 443
2702 208 351 441
2703 217 345 438
2704 244 330 426
2705 263 330 407
2706 274 338 388
2707 274 340 386
2708 285 348 367
2709 281 360 359
2710 281 368 351
2711 280 374 346
2712 267 390 343
2713 247 403 350
2714 218 415 367
2715 203 442 355
2716 191 449 360
2717 193 449 358
2718 197 439 364
2719 198 429 373
2720 193 412 395
2721 198 404 398
2722 210 387 403
2723 218 348 434
2724 239 333 428
2725 253 312 435
2726 268 308 424
2727 282 303 415
2728 300 306 394
2729 305 296 399
2730 322 308 370
2731 319 330 351
2732 308 348 344
2733 292 380 328
2734 269 400 331
2735 241 428 331
2736 241 453 306
2737 227 463 310
2738 210 465 325
2739 205 460 335
2740 176 447 377
2741 163 444 393
2742 164 437 399
2743 169 408 423
2744 174 378 448
2745 179 363 458
2746 196 356 448
2747 219 344 437
2748 234 334 432
2749 253 322 425
2750 277 310 413
2751 289 315 396
2752 271 333 396
2753 273 366 361
2754 238 371 391
2755 221 418 361
2756 235 445 320
2757 230 443 327
2758 223 460 317
2759 199 462 339
2760 183 468 349
2761 179 451 370
2762 162 450 388
2763 150 420 430
2764 169 405 426
2765 179 388 433
2766 191 361 448
2767 211 347 442
2768 243 321 436
2769 251 306 443
2770 280 299 421
2771 288 300 412
2772 277 307 416
2773 267 335 398
2774 250 372 378
2775 254 403 343
2776 253 425 322
2777 233 441 326
2778 229 468 303
2779 217 471 312
2780 188 476 336
2781 166 477 357
2782 152 462 386
2783 144 445 411
2784 146 431 423
2785 153 413 434
2786 178 379 443
2787 191 351 458
2788 218 333 449
2789 240 305 455
2790 260 298 442
2791 263 295 442
2792 265 306 429
2793 286 322 392
2794 283 335 382
2795 288 366 346
2796 284 379 337
2797 281 411 308
2798 269 421 310
2799 245 436 319
2800 212 449 339
2801 206 466 328
2802 193 459 348
2803 188 441 371
2804 170 433 397
2805 178 419 403
2806 174 401 425
2807 184 390 426
2808 193 367 440
2809 199 341 460
2810 219 342 439
2811 222 340 438
2812 239 345 416
2813 251 342 407
2814 249 348 403
2815 257 361 382
2816 259 376 365
2817 240 400 360
2818 226 418 356
2819 214 434 352
2820 219 441 340
2821 205 439 356
2822 194 447 359
2823 179 445 376
2824 177 445 378
2825 181 423 396
2826 181 401 418
2827 190 385 425
2828 202 369 429
2829 199 359 442
2830 216 354 430
2831 228 339 433
2832 248 327 425
2833 262 329 409
2834 267 337 396
2835 274 348 378
2836 261 357 382
2837 253 380 367
2838 251 393 356
2839 246 410 344
2840 239 427 334
2841 238 432 330
2842 229 425 346
2843 211 423 366
2844 196 432 372
2845 195 424 381
2846 181 412 407
2847 177 409 414
2848 173 396 431
2849 176 395 429
2850 182 399 419
2851 192 395 413
2852 216 376 408
2853 238 360 402
2854 257 350 393
2855 279 334 387
2856 278 325 397
2857 265 327 408
2858 260 336 404
2859 266 345 389
2860 262 358 380
2861 247 378 375
2862 251 403 346
2863 245 415 340
2864 233 430 337
2865 227 440 333
2866 222 437 341
2867 215 433 352
2868 195 427 378
2869 186 427 387
2870 174 411 415
2871 175 411 414
2872 176 395 429
2873 187 384 429
2874 205 376 419
2875 218 362 420
2876 244 355 401
2877 262 329 409
2878 271 327 402
2879 284 318 398
2880 286 321 393
2881 278 330 392
2882 275 346 379
2883 264 363 373
2884 271 381 348
2885 269 400 331
2886 267 404 329
2887 257 415 328
2888 247 422 331
2889 237 423 340
2890 223 417 360
2891 210 414 376
2892 190 409 401
2893 193 410 397
2894 196 403 401
2895 190 389 421
2896 207 388 405
2897 224 370 406
2898 229 359 412
2899 236 357 407
2900 239 355 406
2901 242 351 407
2902 241 355 404
2903 248 370 382
2904 255 364 381
2905 252 375 373
2906 245 389 366
2907 254 398 348
2908 240 391 369
2909 229 409 362
2910 216 416 368
2911 208 414 378
2912 200 428 372
2913 187 425 388
2914 190 424 386
2915 199 412 389
2916 200 410 390
2917 199 391 410
2918 213 385 402
2919 219 373 408
2920 225 353 422
2921 233 350 417
2922 256 343 401
2923 262 332 406
2924 277 328 395
2925 274 332 394
2926 274 341 385
2927 280 353 367
2928 272 367 361
2929 271 378 351
2930 274 386 340
2931 254 394 352
2932 242 418 340
2933 235 426 339
2934 224 424 352
2935 213 423 364
2936 211 420 369
2937 215 411 374
2938 208 399 393
2939 213 398 389
2940 216 369 415
2941 217 358 425
2942 224 359 417
2943 230 353 417
2944 246 350 404
2945 258 343 399
2946 240 343 417
2947 242 362 396
2948 244 389 367
2949 242 398 360
2950 234 399 367
2951 235 413 352
2952 236 415 349
2953 223 421 356
2954 209 434 357
2955 191 429 380
2956 185 420 395
2957 198 417 385
2958 189 403 408
2959 187 398 415
2960 178 398 424
2961 190 401 409
2962 226 376 398
2963 253 345 402
2964 263 327 410
2965 270 320 410
2966 282 327 391
2967 278 320 402
2968 274 324 402
2969 275 325 400
2970 283 349 368
2971 286 372 342
2972 271 387 342
2973 261 409 330
2974 250 412 338
2975 239 430 331
2976 233 437 330
2977 216 442 342
2978 191 435 374
2979 178 437 385
2980 178 435 387
2981 185 413 402
2982 194 403 403
2983 206 376 418
2984 222 357 421
2985 240 336 424
2986 244 325 431
2987 235 319 446
2988 248 330 422
2989 256 339 405
2990 274 341 385
2991 291 350 359
2992 294 352 354
2993 277 370 353
2994 275 398 327
2995 272 406 322
2996 260 398 342
2997 233 401 366
2998 212 426 362
2999 202 438 360
3000 192 446 362
3001 186 438 376
3002 186 416 398
3003 203 408 389
3004 208 399 393
3005 193 391 416
3006 192 381 427
3007 187 370 443
3008 188 367 445
3009 215 374 411
3010 221 369 410
3011 226 371 403
3012 233 375 392
3013 251 376 373
3014 260 368 372
3015 254 370 376
3016 243 379 378
3017 237 383 380
3018 228 394 378
3019 220 401 379
3020 217 405 378
3021 228 407 365
3022 232 404 364
3023 222 398 380
3024 228 399 373
3025 221 389 390
3026 213 385 402
3027 209 386 405
3028 212 386 402
3029 219 381 400
3030 231 377 392
3031 247 371 382
3032 259 354 387
3033 254 352 394
3034 247 361 392
3035 244 367 389
3036 248 370 382
3037 245 371 384
3038 246 378 376
3039 267 383 350
3040 273 379 348
3041 272 375 353
3042 275 367 358
3043 269 358 373
3044 260 361 379
3045 250 369 381
3046 241 372 387
3047 231 376 393
3048 228 390 382
3049 227 397 376
3050 243 406 351
3051 246 399 355
3052 238 393 369
3053 229 393 378
3054 226 399 375
3055 201 398 401
3056 202 409 389
3057 199 401 400
3058 189 395 416
3059 215 412 373
3060 232 392 376
3061 246 375 379
3062 251 355 394
3063 257 351 392
3064 253 334 413
3065 252 346 402
3066 246 353 401
3067 237 342 421
3068 238 371 391
3069 249 387 364
3070 254 396 350
3071 253 395 352
3072 238 413 349
3073 239 416 345
3074 255 408 337
3075 231 403 366
3076 229 398 373
3077 229 384 387
3078 227 375 398
3079 228 378 394
3080 239 359 402
3081 262 345 393
3082 256 330 414
3083 256 341 403
3084 254 346 400
3085 255 362 383
3086 245 370 385
3087 259 377 364
3088 268 382 350
3089 267 387 346
3090 272 403 325
3091 272 387 341
3092 252 382 366
3093 233 386 381
3094 228 397 375
3095 229 395 376
3096 221 389 390
3097 207 392 401
3098 217 390 393
3099 227 396 377
3100 237 391 372
3101 222 377 401
3102 221 381 398
3103 220 384 396
3104 206 391 403
3105 210 402 388
3106 197 400 403
3107 207 407 386
3108 221 402 377
3109 244 402 354
3110 252 375 373
3111 247 364 389
3112 237 362 401
3113 231 361 408
3114 231 369 400
3115 223 362 415
3116 215 375 410
3117 237 383 380
3118 246 388 366
3119 246 390 364
3120 266 392 342
3121 260 373 367
3122 274 371 355
3123 268 364 368
3124 252 357 391
3125 238 365 397
3126 231 374 395
3127 230 379 391
3128 248 378 374
3129 249 379 372
3130 242 380 378
3131 232 394 374
3132 231 411 358
3133 213 404 383
3134 202 413 385
3135 205 419 376
3136 190 417 393
3137 205 431 364
3138 201 415 384
3139 201 405 394
3140 218 388 394
3141 221 378 401
3142 221 366 413
3143 223 360 417
3144 216 360 424
3145 225 353 422
3146 237 360 403
3147 253 358 389
3148 266 359 375
3149 261 356 383
3150 260 373 367
3151 243 380 377
3152 238 397 365
3153 213 409 378
3154 193 427 380
3155 206 449 345
3156 208 435 357
3157 209 436 355
3158 209 418 373
3159 204 411 385
3160 212 399 389
3161 222 379 399
3162 215 351 434
3163 215 336 449
3164 212 350 438
3165 228 352 420
3166 234 354 412
3167 261 355 384
3168 278 340 382
3169 287 343 370
3170 298 362 340
3171 279 366 355
3172 272 371 357
3173 254 376 370
3174 242 392 366
3175 246 403 351
3176 237 414 349
3177 229 420 351
3178 233 409 358
3179 224 401 375
3180 223 405 372
3181 217 401 382
3182 220 391 389
3183 205 377 418
3184 207 381 412
3185 227 373 400
3186 224 364 412
3187 228 375 397
3188 225 367 408
3189 235 374 391
3190 249 374 377
3191 240 374 386
3192 228 379 393
3193 214 399 387
3194 197 422 381
3195 203 428 369
3196 194 430 376
3197 194 432 374
3198 194 432 374
3199 193 432 375
3200 182 428 390
3201 175 419 406
3202 195 403 402
3203 192 377 431
3204 197 378 425
3205 188 371 441
3206 189 380 431
3207 203 379 418
3208 226 369 405
3209 239 355 406
3210 253 358 389
3211 254 370 376
3212 263 368 369
3213 261 366 373
3214 263 359 378
3215 256 358 386
3216 250 375 375
3217 251 395 354
3218 235 391 374
3219 236 395 369
3220 233 396 371
3221 242 401 357
3222 241 399 360
3223 244 401 355
3224 231 381 388
3225 225 374 401
3226 222 384 394
3227 229 383 388
3228 231 375 394
3229 234 368 398
3230 250 367 383
3231 266 349 385
3232 271 353 376
3233 251 355 394
3234 249 365 386
3235 244 368 388
3236 239 381 380
3237 245 393 362
3238 250 388 362
3239 235 401 364
3240 240 412 348
3241 248 405 347
3242 255 387 358
3243 252 377 371
3244 256 367 377
3245 263 351 386
3246 247 349 404
3247 251 352 397
3248 269 337 394
3249 292 326 382
3250 295 321 384
3251 301 328 371
3252 298 332 370
3253 282 351 367
3254 267 369 364
3255 269 381 350
3256 255 394 351
3257 246 419 335
3258 235 433 332
3259 224 437 339
3260 220 444 336
3261 221 429 350
3262 221 410 369
3263 221 398 381
3264 212 385 403
3265 198 369 433
3266 211 369 420
3267 225 352 423
3268 245 331 424
3269 263 326 411
3270 264 327 409
3271 265 338 397
3272 263 350 387
3273 265 368 367
3274 265 366 369
3275 267 383 350
3276 249 402 349
3277 235 425 340
3278 216 438 346
3279 213 446 341
3280 208 437 355
3281 218 424 358
3282 212 416 372
3283 203 405 392
3284 189 395 416
3285 196 386 418
3286 212 366 422
3287 222 342 436
3288 234 341 425
3289 234 342 424
3290 250 350 400
3291 265 345 390
3292 273 340 387
3293 264 341 395
3294 280 370 350
3295 268 378 354
3296 271 391 338
3297 258 387 355
3298 240 392 368
3299 235 415 350
3300 230 425 345
3301 213 429 358
3302 201 417 382
3303 185 421 394
3304 195 424 381
3305 199 418 383
3306 193 409 398
3307 194 392 414
3308 205 381 414
3309 227 366 407
3310 213 356 431
3311 225 366 409
3312 226 351 423
3313 233 356 411
3314 253 358 389
3315 257 355 388
3316 263 362 375
3317 263 371 366
3318 254 381 365
3319 272 380 348
3320 245 377 378
3321 225 399 376
3322 223 417 360
3323 214 422 364
3324 208 424 368
3325 197 421 382
3326 213 422 365
3327 208 407 385
3328 198 415 387
3329 195 403 402
3330 199 388 413
3331 202 379 419
3332 218 374 408
3333 229 361 410
3334 237 349 414
3335 232 356 412
3336 254 353 393
3337 264 343 393
3338 239 348 413
3339 242 382 376
3340 222 384 394
3341 230 417 353
3342 228 421 351
3343 223 416 361
3344 236 424 340
3345 247 421 332
3346 249 405 346
3347 251 369 380
3348 233 365 402
3349 223 350 427
3350 236 356 408
3351 234 348 418
3352 234 342 424
3353 246 345 409
3354 281 349 370
3355 273 350 377
3356 289 362 349
3357 280 361 359
3358 263 364 373
3359 252 389 359
3360 222 406 372
3361 201 433 366
3362 188 450 362
3363 188 462 350
3364 198 450 352
3365 210 441 349
3366 207 426 367
3367 221 404 375
3368 228 373 399
3369 230 339 431
3370 227 320 453
3371 244 311 445
3372 247 306 447
3373 254 312 434
3374 264 320 416
3375 277 332 391
3376 301 350 349
3377 292 360 348
3378 278 388 334
3379 248 411 341
3380 225 446 329
3381 208 463 329
3382 197 472 331
3383 182 471 347
3384 171 468 361
3385 163 469 368
3386 155 449 396
3387 157 434 409
3388 170 397 433
3389 177 367 456
3390 189 351 460
3391 205 340 455
3392 218 327 455
3393 240 313 447
3394 266 311 423
3395 291 300 409
3396 314 312 374
3397 326 319 355
3398 319 323 358
3399 313 341 346
3400 286 360 354
3401 256 401 343
3402 240 433 327
3403 204 460 336
3404 188 484 328
3405 173 493 334
3406 161 504 335
3407 153 498 349
3408 156 487 357
3409 162 443 395
3410 163 405 432
3411 186 377 437
3412 192 330 478
3413 200 315 485
3414 228 296 476
3415 237 274 489
3416 263 276 461
3417 288 294 418
3418 305 307 388
3419 323 318 359
3420 307 347 346
3421 297 378 325
3422 286 407 307
3423 263 440 297
3424 234 461 305
3425 202 472 326
3426 175 491 334
3427 151 507 342
3428 143 502 355
3429 143 479 378
3430 147 450 403
3431 156 413 431
3432 166 383 451
3433 183 362 455
3434 192 326 482
3435 202 301 497
3436 225 296 479
3437 260 296 444
3438 287 290 423
3439 295 300 405
3440 301 322 377
3441 311 337 352
3442 315 363 322
3443 302 384 314
3444 277 402 321
3445 237 427 336
3446 209 473 318
3447 194 491 315
3448 174 484 342
3449 157 489 354
3450 160 480 360
3451 163 456 381
3452 167 435 398
3453 165 406 429
3454 174 362 464
3455 193 335 472
3456 207 323 470
3457 225 304 471
3458 241 295 464
3459 261 303 436
3460 280 304 416
3461 301 314 385
3462 313 337 350
3463 314 352 334
3464 319 363 318
3465 309 377 314
3466 270 396 334
3467 246 427 327
3468 209 450 341
3469 178 477 345
3470 150 485 365
3471 143 498 359
3472 151 494 355
3473 154 472 374
3474 160 450 390
3475 163 413 424
3476 171 387 442
3477 191 352 457
3478 203 324 473
3479 209 299 492
3480 223 297 480
3481 243 305 452
3482 276 307 417
3483 295 311 394
3484 314 318 368
3485 319 334 347
3486 317 357 326
3487 300 384 316
3488 282 403 315
3489 265 413 322
3490 230 428 342
3491 197 459 344
3492 174 485 341
3493 157 492 351
3494 145 486 369
3495 147 471 382
3496 153 450 397
3497 148 434 418
3498 144 424 432
3499 154 397 449
3500 175 361 464
3501 193 333 474
3502 224 321 455
3503 247 305 448
3504 261 303 436
3505 281 305 414
3506 305 295 400
3507 329 298 373
3508 336 310 354
3509 316 331 353
3510 288 363 349
3511 259 407 334
3512 235 438 327
3513 218 460 322
3514 210 487 303
3515 199 492 309
3516 181 491 328
3517 175 488 337
3518 154 462 384
3519 159 439 402
3520 156 403 441
3521 146 384 470
3522 163 367 470
3523 170 345 485
3524 197 339 464
3525 248 315 437
3526 276 290 434
3527 303 285 412
3528 308 294 398
3529 312 308 380
3530 308 321 371
3531 293 347 360
3532 276 368 356
3533 260 409 331
3534 239 450 311
3535 210 476 314
3536 185 496 319
3537 189 507 304
3538 179 490 331
3539 180 474 346
3540 162 452 386
3541 138 429 433
3542 142 412 446
3543 147 382 471
3544 178 357 465
3545 197 315 488
3546 217 313 470
3547 239 309 452
3548 265 309 426
3549 282 306 412
3550 308 306 386
3551 315 310 375
3552 318 328 354
3553 304 367 329
3554 290 383 327
3555 268 401 331
3556 256 423 321
3557 232 438 330
3558 216 462 322
3559 209 474 317
3560 176 463 361
3561 166 457 377
3562 166 451 383
3563 172 433 395
3564 168 405 427
3565 178 394 428
3566 187 360 453
3567 204 339 457
3568 211 333 456
3569 218 332 450
3570 237 331 432
3571 248 330 422
3572 251 347 402
3573 262 355 383
3574 266 378 356
3575 262 395 343
3576 274 405 321
3577 281 394 325
3578 265 388 347
3579 231 405 364
3580 220 422 358
3581 208 425 367
3582 200 414 386
3583 185 405 410
3584 200 410 390
3585 194 406 400
3586 185 418 397
3587 205 410 385
3588 222 373 405
3589 229 353 418
3590 242 357 401
3591 237 353 410
3592 242 353 405
3593 243 352 405
3594 249 339 412
3595 268 341 391
3596 276 359 365
3597 285 371 344
3598 272 358 370
3599 273 375 352
3600 249 374 377
3601 255 399 346
3602 248 406 346
3603 233 411 356
3604 226 408 366
3605 230 403 367
3606 208 412 380
3607 211 417 372
3608 203 415 382
3609 193 398 409
3610 206 401 393
3611 216 383 401
3612 219 376 405
3613 205 378 417
3614 211 383 406
3615 213 372 415
3616 222 372 406
3617 225 380 395
3618 226 374 400
3619 226 391 383
3620 227 398 375
3621 224 395 381
3622 245 393 362
3623 250 383 367
3624 248 378 374
3625 255 372 373
3626 240 371 389
3627 224 369 407
3628 215 378 407
3629 230 390 380
3630 232 377 391
3631 227 385 388
3632 233 395 372
3633 224 395 381
3634 209 405 386
3635 195 422 383
3636 189 427 384
3637 186 421 393
3638 182 437 381
3639 183 433 384
3640 184 422 394
3641 189 421 390
3642 183 406 411
3643 198 395 407
3644 210 375 415
3645 215 369 416
3646 230 348 422
3647 240 337 423
3648 240 338 422
3649 245 339 416
3650 254 349 397
3651 262 351 387
3652 268 363 369
3653 263 363 374
3654 245 389 366
3655 227 418 355
3656 219 435 346
3657 207 442 351
3658 219 444 337
3659 217 430 353
3660 220 420 360
3661 212 417 371
3662 200 399 401
3663 203 382 415
3664 204 362 434
3665 204 354 442
3666 220 352 428
3667 224 350 426
3668 237 356 407
3669 255 346 399
3670 266 346 388
3671 294 352 354
3672 301 344 355
3673 297 345 358
3674 286 351 363
3675 268 364 368
3676 242 376 382
3677 224 412 364
3678 230 430 340
3679 212 418 370
3680 213 444 343
3681 212 442 346
3682 208 437 355
3683 199 428 373
3684 182 425 393
3685 177 406 417
3686 187 393 420
3687 183 395 422
3688 197 373 430
3689 212 361 427
3690 220 351 429
3691 235 352 413
3692 273 340 387
3693 287 321 392
3694 278 320 402
3695 279 327 394
3696 270 348 382
3697 276 369 355
3698 253 373 374
3699 243 395 362
3700 239 417 344
3701 232 440 328
3702 224 448 328
3703 207 449 344
3704 200 445 355
3705 193 431 376
3706 187 434 379
3707 185 418 397
3708 171 398 431
3709 158 389 453
3710 163 394 443
3711 185 388 427
3712 200 370 430
3713 212 369 419
3714 234 354 412
3715 255 348 397
3716 253 347 400
3717 257 358 385
3718 257 349 394
3719 260 355 385
3720 244 370 386
3721 238 387 375
3722 214 408 378
3723 220 438 342
3724 209 433 358
3725 213 433 354
3726 209 438 353
3727 194 436 370
3728 187 436 377
3729 174 426 400
3730 176 418 406
3731 181 386 433
3732 188 386 426
3733 192 379 429
3734 202 370 428
3735 207 362 431
3736 218 357 425
3737 227 356 417
3738 252 355 393
3739 229 362 409
3740 236 385 379
3741 239 385 376
3742 233 391 376
3743 235 405 360
3744 233 408 359
3745 233 411 356
3746 226 412 362
3747 220 412 368
3748 213 395 392
3749 211 402 387
3750 192 398 410
3751 202 403 395
3752 198 390 412
3753 196 391 413
3754 195 392 413
3755 217 393 390
3756 222 388 390
3757 234 376 390
3758 246 368 386
3759 243 351 406
3760 256 367 377
3761 262 353 385
3762 268 346 386
3763 259 339 402
3764 259 353 388
3765 253 365 382
3766 250 379 371
3767 231 399 370
3768 227 402 371
3769 225 420 355
3770 231 429 340
3771 228 430 342
3772 229 419 352
3773 223 406 371
3774 206 398 396
3775 219 395 386
3776 197 379 424
3777 177 383 440
3778 170 394 436
3779 188 400 412
3780 196 393 411
3781 206 398 396
3782 221 396 383
3783 233 384 383
3784 231 388 381
3785 228 386 386
3786 222 378 400
3787 216 378 406
3788 214 391 395
3789 196 388 416
3790 205 408 387
3791 205 411 384
3792 218 407 375
3793 227 396 377
3794 231 395 374
3795 222 391 387
3796 228 387 385
3797 225 384 391
3798 223 367 410
3799 226 366 408
3800 245 367 388
3801 255 359 386
3802 271 350 379
3803 272 338 390
3804 268 341 391
3805 282 348 370
3806 274 351 375
3807 261 360 379
3808 257 372 371
3809 256 384 360
3810 263 394 343
3811 258 399 343
3812 268 401 331
3813 247 384 369
3814 234 402 364
3815 220 406 374
3816 208 408 384
3817 204 408 388
3818 198 402 400
3819 211 403 386
3820 216 388 396
3821 219 400 381
3822 240 379 381
3823 249 354 397
3824 262 343 395
3825 279 330 391
3826 282 319 399
3827 283 315 402
3828 255 329 416
3829 268 345 387
3830 285 353 362
3831 288 361 351
3832 282 369 349
3833 276 388 336
3834 262 405 333
3835 246 423 331
3836 238 425 337
3837 233 417 350
3838 227 414 359
3839 212 412 376
3840 189 419 392
3841 178 423 399
3842 166 417 417
3843 180 411 409
3844 201 395 404
3845 211 382 407
3846 221 375 404
3847 235 367 398
3848 240 346 414
3849 252 337 411
3850 250 331 419
3851 254 339 407
3852 249 351 400
3853 241 369 390
3854 233 384 383
3855 229 400 371
3856 241 425 334
3857 228 422 350
3858 220 441 339
3859 200 441 359
3860 198 449 353
3861 201 433 366
3862 200 415 385
3863 203 400 397
3864 218 372 410
3865 219 360 421
3866 236 340 424
3867 234 323 443
3868 258 317 425
3869 279 309 412
3870 278 306 416
3871 285 322 393
3872 265 343 392
3873 266 375 359
3874 260 394 346
3875 261 417 322
3876 249 422 329
3877 226 442 332
3878 204 468 328
3879 199 474 327
3880 181 458 361
3881 167 444 389
3882 160 439 401
3883 167 423 410
3884 168 411 421
3885 166 390 444
3886 184 366 450
3887 203 342 455
3888 235 339 426
3889 256 321 423
3890 287 305 408
3891 294 290 416
3892 300 295 405
3893 317 310 373
3894 313 317 370
3895 286 345 369
3896 273 375 352
3897 260 406 334
3898 242 435 323
3899 239 468 293
3900 220 466 314
3901 218 470 312
3902 203 465 332
3903 192 452 356
3904 184 433 383
3905 178 410 412
3906 164 387 449
3907 173 368 459
3908 173 361 466
3909 188 357 455
3910 210 347 443
3911 228 338 434
3912 262 339 399
3913 279 328 393
3914 298 334 368
3915 279 334 387
3916 273 360 367
3917 262 370 368
3918 257 391 352
3919 248 405 347
3920 232 413 355
3921 218 440 342
3922 216 448 336
3923 204 450 346
3924 201 436 363
3925 186 429 385
3926 183 423 394
3927 194 412 394
3928 190 393 417
3929 201 370 429
3930 209 351 440
3931 235 341 424
3932 252 329 419
3933 260 319 421
3934 261 317 422
3935 263 327 410
3936 262 344 394
3937 253 368 379
3938 244 396 360
3939 248 415 337
3940 255 423 322
3941 246 426 328
3942 224 437 339
3943 209 449 342
3944 196 447 357
3945 194 436 370
3946 186 410 404
3947 175 399 426
3948 179 402 419
3949 197 395 408
3950 206 366 428
3951 204 345 451
3952 217 349 434
3953 234 347 419
3954 242 356 402
3955 233 359 408
3956 223 365 412
3957 227 382 391
3958 236 407 357
3959 228 419 353
3960 223 423 354
3961 211 430 359
3962 206 433 361
3963 206 435 359
3964 189 429 382
3965 175 429 396
3966 183 418 399
3967 200 398 402
3968 211 377 412
3969 222 359 419
3970 229 345 426
3971 241 336 423
3972 248 330 422
3973 255 323 422
3974 264 327 409
3975 270 338 392
3976 262 353 385
3977 256 379 365
3978 247 399 354
3979 234 417 349
3980 229 436 335
3981 211 448 341
3982 184 462 354
3983 182 478 340
3984 177 465 358
3985 176 444 380
3986 187 425 388
3987 187 396 417
3988 199 377 424
3989 201 353 446
3990 207 337 456
3991 211 315 474
3992 237 324 439
3993 255 319 426
3994 276 320 404
3995 301 328 371
3996 309 322 369
3997 308 338 354
3998 298 355 347
3999 285 387 328
