p=0.0625 p_inf=0.1 time series=0,1,9,17
Format is t, #suscepted, #infected, #recovered
0 996 1 3
1 992 4 4
2 985 8 7
3 981 15 4
4 976 19 5
5 962 24 14
6 947 38 15
7 925 53 22
8 889 74 37
9 845 107 48
10 764 147 89
11 678 221 101
12 561 303 136
13 445 415 140
14 334 517 149
15 229 613 158
16 141 697 162
17 88 752 160
18 51 765 184
19 29 728 243
20 30 668 302
21 41 555 404
22 46 442 512
23 61 341 598
24 88 242 670
25 125 160 715
26 200 110 690
27 281 72 647
28 389 51 560
29 484 56 460
30 575 74 351
31 647 84 269
32 703 111 186
33 690 137 173
34 649 200 151
35 573 279 148
36 456 376 168
37 333 488 179
38 236 593 171
39 169 680 151
40 114 720 166
41 84 749 167
42 56 716 228
43 40 665 295
44 37 584 379
45 50 475 475
46 58 357 585
47 83 262 655
48 111 197 692
49 174 140 686
50 248 110 642
51 331 87 582
52 430 85 485
53 521 95 384
54 586 122 292
55 597 152 251
56 576 206 218
57 521 284 195
58 449 369 182
59 353 464 183
60 260 562 178
61 177 645 178
62 120 701 179
63 82 728 190
64 61 712 227
65 43 655 302
66 37 588 375
67 43 499 458
68 55 395 550
69 82 300 618
70 117 217 666
71 166 155 679
72 234 122 644
73 309 111 580
74 388 103 509
75 469 113 418
76 526 136 338
77 564 174 262
78 577 219 204
79 541 268 191
80 479 337 184
81 402 410 188
82 307 495 198
83 228 580 192
84 157 636 207
85 110 669 221
86 60 671 269
87 53 672 275
88 53 610 337
89 55 537 408
90 75 450 475
91 98 345 557
92 130 266 604
93 166 201 633
94 204 163 633
95 259 124 617
96 312 131 557
97 373 151 476
98 442 177 381
99 480 213 307
100 492 254 254
101 467 307 226
102 428 370 202
103 350 448 202
104 271 519 210
105 182 578 240
106 117 641 242
107 85 670 245
108 74 661 265
109 59 619 322
110 66 571 363
111 80 486 434
112 102 401 497
113 123 320 557
114 149 236 615
115 180 181 639
116 222 159 619
117 282 159 559
118 352 147 501
119 421 162 417
120 479 178 343
121 538 201 261
122 541 226 233
123 485 278 237
124 408 356 236
125 344 433 223
126 262 509 229
127 194 576 230
128 145 628 227
129 109 654 237
130 82 665 253
131 85 640 275
132 95 559 346
133 92 472 436
134 95 399 506
135 103 329 568
136 121 269 610
137 143 225 632
138 189 192 619
139 264 171 565
140 336 177 487
141 393 192 415
142 436 208 356
143 456 235 309
144 433 275 292
145 399 342 259
146 352 409 239
147 265 477 258
148 198 558 244
149 143 610 247
150 118 649 233
151 102 647 251
152 92 623 285
153 94 566 340
154 96 497 407
155 100 427 473
156 104 342 554
157 116 286 598
158 148 235 617
159 190 205 605
160 250 187 563
161 313 184 503
162 364 190 446
163 429 209 362
164 456 229 315
165 461 258 281
166 430 304 266
167 378 365 257
168 328 435 237
169 262 488 250
170 193 548 259
171 149 598 253
172 126 622 252
173 109 616 275
174 95 587 318
175 91 540 369
176 86 474 440
177 93 426 481
178 113 359 528
179 138 289 573
180 184 240 576
181 234 200 566
182 295 179 526
183 360 165 475
184 398 166 436
185 442 176 382
186 478 199 323
187 469 233 298
188 437 291 272
189 393 363 244
190 338 428 234
191 277 497 226
192 230 557 213
193 175 594 231
194 127 626 247
195 95 640 265
196 74 614 312
197 73 563 364
198 68 499 433
199 75 435 490
200 101 368 531
201 118 305 577
202 150 256 594
203 201 210 589
204 254 185 561
205 307 183 510
206 347 194 459
207 379 218 403
208 399 253 348
209 404 296 300
210 392 340 268
211 377 398 225
212 329 438 233
213 263 488 249
214 198 543 259
215 147 584 269
216 122 600 278
217 108 582 310
218 100 552 348
219 100 502 398
220 101 462 437
221 114 411 475
222 138 343 519
223 161 278 561
224 187 239 574
225 223 231 546
226 260 225 515
227 279 238 483
228 307 259 434
229 348 282 370
230 372 309 319
231 378 350 272
232 358 383 259
233 344 411 245
234 294 431 275
235 239 468 293
236 202 502 296
237 161 516 323
238 128 530 342
239 107 522 371
240 97 510 393
241 103 492 405
242 110 466 424
243 129 422 449
244 148 369 483
245 159 336 505
246 189 311 500
247 221 289 490
248 241 269 490
249 245 267 488
250 274 289 437
251 291 304 405
252 289 340 371
253 294 375 331
254 277 395 328
255 272 434 294
256 240 459 301
257 213 493 294
258 190 498 312
259 158 506 336
260 146 502 352
261 145 479 376
262 136 460 404
263 136 430 434
264 146 405 449
265 158 361 481
266 176 344 480
267 202 318 480
268 221 296 483
269 233 300 467
270 259 307 434
271 250 311 439
272 271 345 384
273 262 368 370
274 251 394 355
275 254 431 315
276 230 450 320
277 203 470 327
278 193 490 317
279 179 496 325
280 150 476 374
281 141 482 377
282 131 465 404
283 116 438 446
284 132 434 434
285 155 398 447
286 164 355 481
287 193 340 467
288 202 331 467
289 217 316 467
290 244 318 438
291 245 318 437
292 277 321 402
293 285 325 390
294 275 360 365
295 252 385 363
296 241 417 342
297 230 443 327
298 215 452 333
299 213 467 320
300 188 466 346
301 149 487 364
302 155 491 354
303 154 460 386
304 161 429 410
305 177 396 427
306 182 371 447
307 206 351 443
308 187 328 485
309 211 326 463
310 222 298 480
311 235 318 447
312 252 336 412
313 248 352 400
314 259 381 360
315 247 390 363
316 237 425 338
317 230 437 333
318 203 472 325
319 185 479 336
320 175 479 346
321 167 473 360
322 159 452 389
323 145 451 404
324 157 430 413
325 149 406 445
326 169 379 452
327 178 352 470
328 180 343 477
329 197 347 456
330 198 351 451
331 217 351 432
332 247 353 400
333 260 347 393
334 264 361 375
335 248 384 368
336 237 409 354
337 206 416 378
338 181 443 376
339 167 468 365
340 154 480 366
341 154 499 347
342 154 485 361
343 152 462 386
344 159 439 402
345 169 425 406
346 172 388 440
347 172 360 468
348 171 348 481
349 195 330 475
350 208 320 472
351 227 330 443
352 234 334 432
353 253 341 406
354 263 359 378
355 257 377 366
356 256 395 349
357 237 414 349
358 216 443 341
359 209 454 337
360 193 457 350
361 156 466 378
362 151 485 364
363 146 472 382
364 141 459 400
365 142 445 413
366 151 415 434
367 167 395 438
368 183 376 441
369 192 351 457
370 219 323 458
371 239 309 452
372 240 302 458
373 248 315 437
374 245 337 418
375 242 360 398
376 243 382 375
377 261 406 333
378 256 416 328
379 244 435 321
380 230 454 316
381 188 455 357
382 161 475 364
383 142 479 379
384 139 476 385
385 136 455 409
386 142 448 410
387 154 423 423
388 184 392 424
389 206 361 433
390 220 319 461
391 238 301 461
392 256 286 458
393 269 289 442
394 258 283 459
395 268 319 413
396 262 340 398
397 279 377 344
398 272 402 326
399 276 427 297
400 250 438 312
401 235 461 304
402 198 482 320
403 164 483 353
404 133 496 371
405 129 490 381
406 138 469 393
407 138 435 427
408 142 424 434
409 155 397 448
410 179 363 458
411 183 338 479
412 205 321 474
413 212 305 483
414 225 319 456
415 224 340 436
416 233 352 415
417 237 370 393
418 254 400 346
419 260 408 332
420 265 419 316
421 227 430 343
422 196 454 350
423 172 464 364
424 150 476 374
425 130 480 390
426 125 470 405
427 134 467 399
428 143 447 410
429 152 427 421
430 170 394 436
431 183 366 451
432 198 341 461
433 209 322 469
434 210 321 469
435 219 323 458
436 211 334 455
437 238 362 400
438 240 368 392
439 255 394 351
440 256 404 340
441 241 422 337
442 223 438 339
443 201 454 345
444 179 465 356
445 166 459 375
446 153 466 381
447 147 453 400
448 152 449 399
449 159 426 415
450 160 403 437
451 176 386 438
452 198 359 443
453 202 343 455
454 218 332 450
455 214 329 457
456 224 337 439
457 234 350 416
458 242 363 395
459 254 372 374
460 260 387 353
461 256 397 347
462 236 412 352
463 233 435 332
464 214 430 356
465 195 436 369
466 183 442 375
467 171 445 384
468 160 442 398
469 158 443 399
470 166 430 404
471 175 399 426
472 186 395 419
473 199 378 423
474 208 359 433
475 199 347 454
476 189 359 452
477 199 368 433
478 215 371 414
479 222 386 392
480 221 383 396
481 220 401 379
482 216 421 363
483 197 437 366
484 194 444 362
485 188 438 374
486 165 441 394
487 153 449 398
488 144 464 392
489 142 455 403
490 156 437 407
491 179 407 414
492 203 377 420
493 212 359 429
494 237 347 416
495 227 314 459
496 224 309 467
497 226 321 453
498 243 337 420
499 255 350 395
500 247 368 385
501 237 394 369
502 239 416 345
503 229 447 324
504 209 462 329
505 190 470 340
506 175 473 352
507 155 475 370
508 149 477 374
509 150 457 393
510 130 434 436
511 147 423 430
512 164 391 445
513 187 366 447
514 193 340 467
515 201 332 467
516 222 322 456
517 227 321 452
518 231 339 430
519 243 346 411
520 256 366 378
521 258 378 364
522 243 402 355
523 231 425 344
524 215 447 338
525 186 464 350
526 173 475 352
527 157 481 362
528 147 477 376
529 144 475 381
530 144 454 402
531 157 431 412
532 160 396 444
533 179 376 445
534 197 346 457
535 213 322 465
536 230 310 460
537 242 295 463
538 255 304 441
539 280 314 406
540 281 324 395
541 278 343 379
542 293 376 331
543 284 385 331
544 273 406 321
545 256 432 312
546 238 440 322
547 206 448 346
548 190 470 340
549 169 467 364
550 160 455 385
551 160 455 385
552 154 434 412
553 161 414 425
554 172 399 429
555 181 380 439
556 194 349 457
557 219 339 442
558 217 326 457
559 238 328 434
560 241 328 431
561 249 345 406
562 246 352 402
563 249 374 377
564 254 402 344
565 247 407 346
566 226 427 347
567 208 446 346
568 187 464 349
569 169 468 363
570 153 479 368
571 133 473 394
572 133 465 402
573 131 460 409
574 140 442 418
575 142 414 444
576 163 394 443
577 172 369 459
578 183 349 468
579 199 344 457
580 207 336 457
581 231 333 436
582 244 327 429
583 241 342 417
584 239 365 396
585 238 392 370
586 237 413 350
587 228 419 353
588 207 436 357
589 187 460 353
590 162 486 352
591 139 496 365
592 140 496 364
593 134 468 398
594 148 453 399
595 151 433 416
596 152 413 435
597 156 388 456
598 176 358 466
599 201 328 471
600 226 303 471
601 250 306 444
602 261 297 442
603 269 306 425
604 269 318 413
605 268 343 389
606 281 374 345
607 264 391 345
608 237 433 330
609 215 457 328
610 189 488 323
611 172 505 323
612 170 510 320
613 177 487 336
614 165 449 386
615 160 444 396
616 160 407 433
617 150 383 467
618 166 362 472
619 178 329 493
620 198 312 490
621 216 315 469
622 231 335 434
623 248 325 427
624 253 345 402
625 261 364 375
626 272 377 351
627 273 399 328
628 245 415 340
629 202 440 358
630 193 463 344
631 181 482 337
632 180 474 346
633 178 456 366
634 151 445 404
635 162 450 388
636 154 423 423
637 160 406 434
638 160 377 463
639 184 358 458
640 189 342 469
641 195 355 450
642 207 360 433
643 226 343 431
644 241 351 408
645 258 353 389
646 265 365 370
647 254 377 369
648 235 404 361
649 233 410 357
650 232 407 361
651 211 425 364
652 211 438 351
653 211 436 353
654 202 424 374
655 179 421 400
656 180 417 403
657 174 410 416
658 168 419 413
659 167 407 426
660 175 395 430
661 181 389 430
662 183 395 422
663 204 396 400
664 224 379 397
665 222 366 412
666 233 359 408
667 227 360 413
668 223 378 399
669 206 388 406
670 196 399 405
671 205 408 387
672 214 416 370
673 219 420 361
674 211 422 367
675 211 429 360
676 206 411 383
677 193 406 401
678 178 408 414
679 163 414 423
680 159 421 420
681 163 421 416
682 168 415 417
683 197 403 400
684 206 392 402
685 222 388 390
686 234 370 396
687 227 352 421
688 217 352 431
689 227 362 411
690 226 358 416
691 223 371 406
692 219 385 396
693 227 393 380
694 233 403 364
695 236 415 349
696 222 412 366
697 211 416 373
698 192 431 377
699 158 437 405
700 158 457 385
701 153 449 398
702 162 444 394
703 177 423 400
704 191 411 398
705 194 393 413
706 204 375 421
707 195 359 446
708 199 348 453
709 203 352 445
710 212 353 435
711 216 365 419
712 236 373 391
713 236 371 393
714 240 389 371
715 246 401 353
716 244 406 350
717 232 404 364
718 204 415 381
719 182 431 387
720 161 445 394
721 146 468 386
722 149 465 386
723 169 450 381
724 183 425 392
725 197 413 390
726 195 388 417
727 204 374 422
728 198 351 451
729 214 334 452
730 228 321 451
731 241 322 437
732 235 334 431
733 248 352 400
734 244 364 392
735 248 382 370
736 265 401 334
737 252 401 347
738 223 427 350
739 196 455 349
740 175 470 355
741 160 473 367
742 161 476 363
743 154 457 389
744 166 445 389
745 171 433 396
746 179 402 419
747 186 366 448
748 198 344 458
749 198 329 473
750 216 326 458
751 225 327 448
752 218 330 452
753 234 349 417
754 252 364 384
755 246 382 372
756 251 410 339
757 241 420 339
758 232 433 335
759 222 441 337
760 195 448 357
761 176 456 368
762 162 460 378
763 154 456 390
764 150 436 414
765 160 430 410
766 161 407 432
767 166 398 436
768 173 386 441
769 183 371 446
770 195 357 448
771 212 349 439
772 208 352 440
773 221 362 417
774 214 372 414
775 226 388 386
776 231 388 381
777 236 398 366
778 234 407 359
779 225 417 358
780 209 423 368
781 186 429 385
782 182 442 376
783 187 430 383
784 192 425 383
785 189 410 401
786 168 404 428
787 176 415 409
788 194 401 405
789 188 377 435
790 199 370 431
791 190 371 439
792 196 385 419
793 205 394 401
794 199 391 410
795 203 386 411
796 213 396 391
797 226 410 364
798 234 404 362
799 226 395 379
800 216 389 395
801 198 390 412
802 204 411 385
803 196 410 394
804 188 408 404
805 198 402 400
806 204 398 398
807 210 401 389
808 217 401 382
809 210 393 397
810 210 379 411
811 216 380 404
812 221 376 403
813 214 377 409
814 201 388 411
815 204 398 398
816 204 395 401
817 230 403 367
818 227 391 382
819 229 393 378
820 232 395 373
821 228 391 381
822 210 384 406
823 204 392 404
824 200 401 399
825 197 397 406
826 207 412 381
827 205 400 395
828 192 400 408
829 190 417 393
830 193 426 381
831 184 415 401
832 198 415 387
833 190 405 405
834 203 398 399
835 205 397 398
836 194 395 411
837 175 389 436
838 182 399 419
839 195 403 402
840 195 390 415
841 211 400 389
842 210 391 399
843 198 393 409
844 204 407 389
845 221 407 372
846 221 380 399
847 233 376 391
848 220 377 403
849 203 380 417
850 184 406 410
851 191 423 386
852 198 402 400
853 223 395 382
854 226 397 377
855 210 398 392
856 196 413 391
857 185 424 391
858 185 409 406
859 197 392 411
860 204 401 395
861 198 401 401
862 201 405 394
863 193 401 406
864 202 394 404
865 211 374 415
866 224 380 396
867 202 384 414
868 199 397 404
869 182 400 418
870 188 413 399
871 197 411 392
872 200 409 391
873 203 426 371
874 201 417 382
875 197 415 388
876 196 406 398
877 206 404 390
878 207 381 412
879 211 382 407
880 210 380 410
881 216 364 420
882 217 367 416
883 227 368 405
884 224 367 409
885 229 372 399
886 215 390 395
887 206 403 391
888 204 414 382
889 193 432 375
890 192 440 368
891 206 440 354
892 195 427 378
893 181 433 386
894 188 429 383
895 187 409 404
896 175 399 426
897 181 393 426
898 177 379 444
899 197 383 420
900 202 376 422
901 208 365 427
902 211 363 426
903 224 380 396
904 224 377 399
905 228 383 389
906 223 393 384
907 205 394 401
908 205 419 376
909 196 430 374
910 181 441 378
911 177 439 384
912 182 446 372
913 179 435 386
914 185 428 387
915 167 421 412
916 169 414 417
917 175 401 424
918 204 384 412
919 201 357 442
920 211 353 436
921 213 354 433
922 216 359 425
923 218 363 419
924 219 368 413
925 232 380 388
926 243 384 373
927 234 400 366
928 225 413 362
929 208 421 371
930 207 433 360
931 200 430 370
932 201 432 367
933 192 419 389
934 162 424 414
935 164 438 398
936 161 423 416
937 160 418 422
938 172 407 421
939 187 398 415
940 199 381 420
941 197 382 421
942 194 379 427
943 216 368 416
944 230 361 409
945 239 352 409
946 232 354 414
947 230 370 400
948 220 389 391
949 212 398 390
950 220 409 371
951 209 412 379
952 207 430 363
953 200 441 359
954 192 446 362
955 175 438 387
956 164 436 400
957 165 438 397
958 166 426 408
959 162 422 416
960 163 408 429
961 172 396 432
962 188 382 430
963 198 374 428
964 210 366 424
965 216 352 432
966 220 358 422
967 228 358 414
968 228 364 408
969 235 376 389
970 232 383 385
971 224 394 382
972 230 410 360
973 212 418 370
974 217 430 353
975 199 425 376
976 186 437 377
977 174 438 388
978 168 443 389
979 176 438 386
980 182 414 404
981 200 400 400
982 202 370 428
983 205 373 422
984 207 358 435
985 198 355 447
986 201 359 440
987 210 361 429
988 215 376 409
989 234 385 381
990 220 396 384
991 222 407 371
992 221 420 359
993 232 424 344
994 216 409 375
995 200 423 377
996 183 424 393
997 169 432 399
998 172 435 393
999 178 421 401
1000 184 402 414
1001 202 392 406
1002 200 389 411
1003 208 377 415
1004 206 368 426
1005 201 362 437
1006 213 364 423
1007 226 366 408
1008 219 372 409
1009 209 389 402
1010 216 402 382
1011 219 407 374
1012 223 413 364
1013 228 415 357
1014 215 408 377
1015 206 419 375
1016 201 422 377
1017 192 410 398
1018 196 406 398
1019 196 397 407
1020 189 391 420
1021 191 396 413
1022 188 401 411
1023 184 393 423
1024 204 394 402
1025 201 386 413
1026 209 393 398
1027 201 394 405
1028 204 408 388
1029 183 400 417
1030 186 416 398
1031 191 421 388
1032 201 415 384
1033 205 413 382
1034 196 402 402
1035 196 410 394
1036 209 396 395
1037 197 391 412
1038 210 387 403
1039 212 369 419
1040 201 373 426
1041 208 386 406
1042 201 390 409
1043 201 389 410
1044 207 403 390
1045 226 402 372
1046 215 387 398
1047 211 416 373
1048 186 416 398
1049 181 428 391
1050 182 429 389
1051 174 429 397
1052 181 423 396
1053 199 417 384
1054 169 414 417
1055 170 415 415
1056 179 414 407
1057 190 393 417
1058 194 381 425
1059 198 377 425
1060 191 379 430
1061 194 392 414
1062 203 392 405
1063 198 382 420
1064 211 388 401
1065 221 396 383
1066 232 398 370
1067 238 391 371
1068 226 383 391
1069 194 382 424
1070 210 414 376
1071 195 408 397
1072 187 417 396
1073 168 417 415
1074 176 434 390
1075 178 433 389
1076 178 439 383
1077 177 440 383
1078 184 409 407
1079 186 408 406
1080 190 397 413
1081 187 393 420
1082 177 379 444
1083 173 390 437
1084 171 388 441
1085 205 389 406
1086 212 386 402
1087 230 380 390
1088 234 373 393
1089 233 373 394
1090 212 388 400
1091 201 398 401
1092 198 411 391
1093 189 413 398
1094 183 425 392
1095 194 437 369
1096 201 433 366
1097 193 426 381
1098 192 419 389
1099 194 410 396
1100 212 395 393
1101 209 375 416
1102 198 366 436
1103 201 365 434
1104 204 366 430
1105 224 370 406
1106 247 357 396
1107 253 343 404
1108 252 352 396
1109 253 373 374
1110 254 381 365
1111 241 381 378
1112 220 393 387
1113 214 410 376
1114 205 429 366
1115 201 452 347
1116 170 447 383
1117 167 457 376
1118 177 452 371
1119 173 442 385
1120 186 434 380
1121 175 404 421
1122 165 396 439
1123 183 383 434
1124 181 370 449
1125 182 362 456
1126 194 366 440
1127 201 364 435
1128 213 365 422
1129 224 383 393
1130 242 380 378
1131 245 375 380
1132 253 385 362
1133 240 385 375
1134 229 394 377
1135 210 407 383
1136 189 425 386
1137 185 428 387
1138 183 435 382
1139 179 442 379
1140 186 436 378
1141 199 429 372
1142 204 407 389
1143 199 389 412
1144 198 376 426
1145 204 374 422
1146 193 361 446
1147 198 365 437
1148 211 366 423
1149 224 360 416
1150 232 369 399
1151 250 379 371
1152 247 374 379
1153 245 379 376
1154 242 394 364
1155 223 393 384
1156 213 411 376
1157 193 427 380
1158 169 438 393
1159 164 452 384
1160 166 462 372
1161 166 455 379
1162 181 440 379
1163 178 426 396
1164 170 411 419
1165 158 403 439
1166 159 404 437
1167 170 389 441
1168 173 368 459
1169 185 372 443
1170 205 375 420
1171 228 369 403
1172 235 361 404
1173 227 362 411
1174 241 369 390
1175 236 370 394
1176 227 396 377
1177 218 401 381
1178 201 407 392
1179 207 430 363
1180 198 432 370
1181 213 440 347
1182 208 418 374
1183 196 422 382
1184 197 408 395
1185 193 402 405
1186 172 400 428
1187 165 398 437
1188 176 403 421
1189 192 384 424
1190 193 390 417
1191 214 385 401
1192 233 378 389
1193 240 365 395
1194 260 360 380
1195 245 342 413
1196 256 352 392
1197 236 360 404
1198 234 374 392
1199 225 381 394
1200 230 397 373
1201 227 405 368
1202 230 413 357
1203 219 428 353
1204 207 429 364
1205 199 433 368
1206 198 427 375
1207 179 421 400
1208 176 424 400
1209 171 419 410
1210 168 416 416
1211 170 404 426
1212 178 401 421
1213 202 389 409
1214 210 371 419
1215 219 369 412
1216 218 357 425
1217 216 363 421
1218 211 368 421
1219 205 385 410
1220 207 394 399
1221 215 404 381
1222 211 414 375
1223 221 420 359
1224 220 422 358
1225 224 417 359
1226 220 408 372
1227 221 395 384
1228 209 385 406
1229 201 387 412
1230 189 385 426
1231 194 391 415
1232 191 384 425
1233 203 392 405
1234 217 389 394
1235 244 388 368
1236 233 371 396
1237 223 380 397
1238 221 392 387
1239 213 388 399
1240 201 403 396
1241 190 407 403
1242 186 421 393
1243 200 426 374
1244 210 429 361
1245 200 410 390
1246 205 408 387
1247 200 407 393
1248 196 397 407
1249 187 397 416
1250 181 392 427
1251 175 393 432
1252 194 396 410
1253 202 396 402
1254 205 390 405
1255 224 388 388
1256 229 379 392
1257 236 374 390
1258 228 372 400
1259 217 379 404
1260 200 387 413
1261 201 404 395
1262 202 409 389
1263 206 410 384
1264 203 415 382
1265 196 423 381
1266 190 432 378
1267 186 431 383
1268 173 427 400
1269 179 423 398
1270 183 412 405
1271 172 407 421
1272 191 413 396
1273 187 386 427
1274 197 381 422
1275 205 372 423
1276 226 368 406
1277 220 351 429
1278 216 368 416
1279 211 377 412
1280 228 376 396
1281 227 386 387
1282 234 392 374
1283 222 394 384
1284 222 410 368
1285 215 427 358
1286 205 417 378
1287 207 418 375
1288 195 417 388
1289 205 419 376
1290 200 403 397
1291 192 406 402
1292 177 398 425
1293 192 396 412
1294 191 391 418
1295 196 391 413
1296 196 387 417
1297 216 385 399
1298 215 381 404
1299 236 379 385
1300 241 366 393
1301 237 363 400
1302 245 372 383
1303 235 364 401
1304 228 378 394
1305 208 387 405
1306 191 411 398
1307 192 430 378
1308 196 442 362
1309 190 441 369
1310 198 438 364
1311 194 438 368
1312 195 428 377
1313 198 418 384
1314 199 391 410
1315 184 371 445
1316 188 374 438
1317 211 371 418
1318 229 351 420
1319 245 333 422
1320 250 327 423
1321 252 332 416
1322 252 357 391
1323 251 377 372
1324 249 375 376
1325 244 380 376
1326 232 405 363
1327 218 435 347
1328 193 455 352
1329 169 475 356
1330 168 474 358
1331 171 455 374
1332 164 454 382
1333 159 456 385
1334 146 436 418
1335 157 419 424
1336 162 388 450
1337 187 363 450
1338 228 339 433
1339 239 317 444
1340 252 307 441
1341 262 292 446
1342 263 302 435
1343 270 318 412
1344 278 342 380
1345 258 359 383
1346 232 403 365
1347 220 451 329
1348 196 473 331
1349 184 512 304
1350 170 514 316
1351 158 512 330
1352 151 500 349
1353 150 490 360
1354 138 447 415
1355 146 411 443
1356 155 381 464
1357 171 333 496
1358 189 315 496
1359 208 299 493
1360 223 292 485
1361 269 287 444
1362 299 284 417
1363 307 290 403
1364 323 312 365
1365 308 344 348
1366 300 377 323
1367 257 401 342
1368 232 451 317
1369 213 481 306
1370 189 503 308
1371 170 521 309
1372 138 518 344
1373 130 518 352
1374 136 493 371
1375 142 463 395
1376 146 407 447
1377 135 373 492
1378 151 362 487
1379 170 328 502
1380 204 312 484
1381 236 278 486
1382 263 271 466
1383 312 274 414
1384 341 281 378
1385 342 286 372
1386 332 296 372
1387 306 340 354
1388 306 382 312
1389 269 416 315
1390 230 460 310
1391 189 496 315
1392 173 530 297
1393 162 541 297
1394 143 542 315
1395 134 517 349
1396 124 484 392
1397 129 460 411
1398 134 411 455
1399 136 370 494
1400 151 334 515
1401 163 308 529
1402 200 295 505
1403 246 283 471
1404 273 270 457
1405 313 267 420
1406 343 276 381
1407 346 287 367
1408 345 320 335
1409 323 347 330
1410 303 382 315
1411 282 414 304
1412 256 448 296
1413 227 477 296
1414 206 497 297
1415 181 507 312
1416 166 499 335
1417 154 487 359
1418 145 464 391
1419 133 441 426
1420 138 419 443
1421 144 385 471
1422 154 359 487
1423 172 339 489
1424 188 329 483
1425 213 325 462
1426 229 323 448
1427 241 330 429
1428 246 340 414
1429 250 369 381
1430 235 391 374
1431 233 426 341
1432 220 438 342
1433 208 455 337
1434 186 469 345
1435 174 484 342
1436 153 486 361
1437 144 478 378
1438 140 465 395
1439 151 434 415
1440 158 411 431
1441 175 387 438
1442 197 356 447
1443 225 319 456
1444 250 289 461
1445 261 272 467
1446 293 274 433
1447 309 273 418
1448 308 280 412
1449 329 305 366
1450 326 315 359
1451 308 355 337
1452 287 403 310
1453 256 441 303
1454 225 470 305
1455 209 502 289
1456 179 511 310
1457 152 516 332
1458 144 533 323
1459 128 501 371
1460 123 469 408
1461 138 436 426
1462 150 392 458
1463 158 348 494
1464 173 331 496
1465 182 311 507
1466 217 285 498
1467 258 282 460
1468 294 273 433
1469 323 270 407
1470 329 285 386
1471 308 323 369
1472 303 361 336
1473 295 386 319
1474 267 420 313
1475 242 451 307
1476 232 485 283
1477 204 498 298
1478 173 511 316
1479 171 504 325
1480 171 468 361
1481 167 443 390
1482 162 413 425
1483 141 387 472
1484 134 374 492
1485 151 368 481
1486 178 338 484
1487 215 318 467
1488 243 317 440
1489 276 314 410
1490 285 311 404
1491 296 328 376
1492 278 330 392
1493 278 354 368
1494 281 384 335
1495 260 401 339
1496 227 423 350
1497 200 459 341
1498 174 489 337
1499 176 498 326
1500 167 494 339
1501 152 479 369
1502 148 464 388
1503 146 451 403
1504 150 431 419
1505 149 391 460
1506 174 362 464
1507 191 328 481
1508 217 315 468
1509 233 304 463
1510 250 303 447
1511 257 299 444
1512 279 312 409
1513 289 330 381
1514 281 349 370
1515 260 391 349
1516 235 425 340
1517 216 461 323
1518 174 481 345
1519 158 527 315
1520 143 530 327
1521 142 527 331
1522 135 509 356
1523 142 474 384
1524 156 433 411
1525 159 383 458
1526 154 360 486
1527 174 319 507
1528 188 296 516
1529 202 285 513
1530 233 289 478
1531 260 293 447
1532 278 307 415
1533 280 339 381
1534 300 360 340
1535 274 381 345
1536 259 430 311
1537 226 456 318
1538 197 485 318
1539 177 510 313
1540 159 516 325
1541 142 502 356
1542 135 498 367
1543 137 484 379
1544 150 433 417
1545 162 394 444
1546 174 353 473
1547 190 316 494
1548 211 294 495
1549 223 287 490
1550 233 279 488
1551 265 283 452
1552 272 302 426
1553 278 334 388
1554 297 369 334
1555 277 387 336
1556 244 429 327
1557 240 469 291
1558 223 481 296
1559 186 494 320
1560 140 512 348
1561 117 526 357
1562 104 514 382
1563 100 509 391
1564 113 471 416
1565 121 418 461
1566 143 398 459
1567 159 363 478
1568 185 329 486
1569 220 289 491
1570 223 266 511
1571 252 268 480
1572 277 277 446
1573 272 305 423
1574 265 330 405
1575 276 372 352
1576 285 395 320
1577 260 426 314
1578 231 474 295
1579 195 501 304
1580 154 528 318
1581 135 541 324
1582 117 535 348
1583 102 511 387
1584 108 503 389
1585 117 466 417
1586 140 409 451
1587 157 359 484
1588 175 315 510
1589 206 284 510
1590 230 259 511
1591 239 259 502
1592 260 258 482
1593 292 274 434
1594 316 299 385
1595 313 325 362
1596 309 372 319
1597 308 407 285
1598 283 433 284
1599 260 458 282
1600 200 482 318
1601 158 526 316
1602 126 543 331
1603 112 549 339
1604 108 516 376
1605 111 485 404
1606 125 456 419
1607 139 417 444
1608 152 379 469
1609 159 322 519
1610 178 298 524
1611 229 273 498
1612 251 255 494
1613 260 264 476
1614 276 284 440
1615 279 307 414
1616 313 342 345
1617 313 365 322
1618 310 389 301
1619 269 417 314
1620 240 476 284
1621 208 496 296
1622 193 508 299
1623 157 500 343
1624 144 501 355
1625 146 491 363
1626 139 465 396
1627 126 444 430
1628 143 398 459
1629 155 361 484
1630 172 337 491
1631 201 328 471
1632 216 298 486
1633 234 293 473
1634 243 301 456
1635 270 313 417
1636 277 332 391
1637 272 362 366
1638 264 391 345
1639 274 408 318
1640 253 428 319
1641 230 454 316
1642 198 469 333
1643 157 489 354
1644 134 511 355
1645 127 504 369
1646 140 482 378
1647 143 452 405
1648 143 429 428
1649 156 403 441
1650 176 375 449
1651 192 335 473
1652 214 297 489
1653 228 282 490
1654 243 290 467
1655 247 305 448
1656 257 324 419
1657 267 340 393
1658 284 358 358
1659 310 381 309
1660 292 393 315
1661 274 426 300
1662 235 436 329
1663 201 460 339
1664 187 475 338
1665 168 473 359
1666 147 474 379
1667 145 472 383
1668 145 462 393
1669 158 429 413
1670 161 406 433
1671 181 379 440
1672 194 344 462
1673 202 333 465
1674 210 324 466
1675 215 318 467
1676 223 323 454
1677 240 348 412
1678 250 354 396
1679 259 371 370
1680 240 397 363
1681 239 427 334
1682 225 437 338
1683 198 457 345
1684 178 479 343
1685 169 474 357
1686 153 477 370
1687 149 476 375
1688 146 454 400
1689 141 427 432
1690 139 422 439
1691 155 404 441
1692 185 366 449
1693 190 341 469
1694 215 333 452
1695 238 309 453
1696 266 308 426
1697 277 307 416
1698 280 301 419
1699 297 316 387
1700 298 337 365
1701 269 361 370
1702 263 398 339
1703 229 428 343
1704 210 463 327
1705 198 483 319
1706 171 501 328
1707 142 513 345
1708 128 521 351
1709 139 511 350
1710 130 463 407
1711 144 442 414
1712 151 393 456
1713 163 366 471
1714 196 336 468
1715 205 291 504
1716 219 274 507
1717 256 270 474
1718 271 281 448
1719 280 287 433
1720 266 327 407
1721 273 368 359
1722 281 391 328
1723 266 428 306
1724 245 460 295
1725 211 485 304
1726 187 508 305
1727 160 526 314
1728 148 513 339
1729 149 484 367
1730 140 460 400
1731 146 432 422
1732 151 394 455
1733 155 364 481
1734 165 337 498
1735 196 309 495
1736 230 291 479
1737 245 286 469
1738 265 295 440
1739 287 303 410
1740 297 319 384
1741 297 339 364
1742 285 366 349
1743 255 406 339
1744 229 454 317
1745 189 485 326
1746 165 516 319
1747 151 532 317
1748 147 530 323
1749 139 514 347
1750 130 495 375
1751 123 464 413
1752 124 423 453
1753 123 391 486
1754 145 361 494
1755 166 323 511
1756 194 304 502
1757 223 292 485
1758 258 282 460
1759 287 278 435
1760 309 290 401
1761 307 300 393
1762 294 332 374
1763 265 383 352
1764 226 431 343
1765 195 482 323
1766 176 523 301
1767 147 546 307
1768 133 563 304
1769 128 567 305
1770 110 540 350
1771 108 507 385
1772 100 461 439
1773 104 418 478
1774 111 373 516
1775 135 343 522
1776 161 302 537
1777 202 272 526
1778 246 258 496
1779 294 247 459
1780 330 245 425
1781 358 252 390
1782 349 269 382
1783 356 308 336
1784 332 342 326
1785 300 396 304
1786 245 442 313
1787 211 508 281
1788 184 544 272
1789 157 564 279
1790 140 574 286
1791 134 552 314
1792 111 524 365
1793 104 493 403
1794 104 454 442
1795 109 388 503
1796 118 347 535
1797 135 318 547
1798 185 291 524
1799 220 263 517
1800 266 256 478
1801 313 241 446
1802 359 233 408
1803 368 253 379
1804 371 285 344
1805 351 311 338
1806 312 358 330
1807 256 425 319
1808 236 488 276
1809 190 523 287
1810 167 577 256
1811 143 580 277
1812 128 572 300
1813 128 561 311
1814 102 514 384
1815 98 473 429
1816 108 414 478
1817 110 369 521
1818 136 313 551
1819 165 284 551
1820 200 263 537
1821 246 239 515
1822 296 240 464
1823 342 231 427
1824 358 244 398
1825 376 273 351
1826 359 311 330
1827 325 357 318
1828 297 412 291
1829 248 464 288
1830 224 512 264
1831 189 545 266
1832 150 567 283
1833 125 577 298
1834 112 564 324
1835 106 531 363
1836 100 482 418
1837 111 436 453
1838 111 377 512
1839 134 344 522
1840 164 299 537
1841 202 259 539
1842 237 234 529
1843 271 232 497
1844 300 247 453
1845 326 264 410
1846 348 297 355
1847 347 308 345
1848 344 354 302
1849 305 397 298
1850 265 461 274
1851 227 503 270
1852 187 526 287
1853 148 549 303
1854 129 555 316
1855 100 563 337
1856 85 546 369
1857 86 518 396
1858 90 453 457
1859 125 407 468
1860 155 349 496
1861 175 296 529
1862 186 270 544
1863 223 251 526
1864 246 231 523
1865 291 236 473
1866 321 256 423
1867 328 272 400
1868 326 323 351
1869 314 378 308
1870 284 416 300
1871 246 465 289
1872 222 523 255
1873 181 542 277
1874 152 563 285
1875 118 576 306
1876 98 559 343
1877 97 524 379
1878 101 487 412
1879 97 434 469
1880 121 380 499
1881 139 337 524
1882 151 298 551
1883 194 273 533
1884 227 247 526
1885 258 249 493
1886 297 255 448
1887 338 269 393
1888 343 282 375
1889 344 320 336
1890 343 358 299
1891 313 384 303
1892 275 440 285
1893 231 476 293
1894 191 514 295
1895 170 540 290
1896 133 548 319
1897 127 547 326
1898 130 515 355
1899 113 486 401
1900 122 447 431
1901 139 402 459
1902 150 347 503
1903 158 310 532
1904 166 294 540
1905 194 287 519
1906 225 291 484
1907 260 289 451
1908 298 293 409
1909 321 300 379
1910 343 332 325
1911 325 347 328
1912 284 381 335
1913 236 429 335
1914 195 473 332
1915 175 516 309
1916 157 532 311
1917 130 543 327
1918 130 538 332
1919 129 523 348
1920 134 490 376
1921 139 437 424
1922 128 388 484
1923 135 356 509
1924 137 333 530
1925 153 320 527
1926 168 309 523
1927 203 309 488
1928 262 307 431
1929 300 301 399
1930 326 312 362
1931 326 318 356
1932 310 341 349
1933 296 370 334
1934 265 395 340
1935 229 426 345
1936 202 464 334
1937 182 497 321
1938 173 506 321
1939 160 509 331
1940 152 499 349
1941 150 478 372
1942 144 455 401
1943 141 430 429
1944 141 395 464
1945 152 362 486
1946 157 342 501
1947 183 334 483
1948 215 318 467
1949 235 307 458
1950 243 310 447
1951 270 327 403
1952 286 335 379
1953 272 352 376
1954 257 386 357
1955 245 409 346
1956 211 437 352
1957 188 482 330
1958 175 502 323
1959 166 498 336
1960 165 499 336
1961 159 483 358
1962 158 455 387
1963 142 433 425
1964 140 421 439
1965 150 378 472
1966 172 348 480
1967 174 330 496
1968 194 327 479
1969 226 323 451
1970 243 319 438
1971 265 324 411
1972 308 314 378
1973 317 314 369
1974 303 335 362
1975 296 367 337
1976 271 377 352
1977 234 406 360
1978 207 447 346
1979 195 469 336
1980 184 491 325
1981 157 502 341
1982 149 508 343
1983 149 484 367
1984 139 474 387
1985 130 455 415
1986 142 423 435
1987 141 389 470
1988 137 368 495
1989 156 361 483
1990 188 336 476
1991 195 328 477
1992 218 331 451
1993 244 327 429
1994 260 333 407
1995 260 351 389
1996 257 372 371
1997 267 382 351
1998 248 397 355
1999 226 424 350
2000 203 443 354
2001 186 470 344
2002 175 481 344
2003 163 474 363
2004 161 465 374
2005 148 457 395
2006 146 455 399
2007 164 430 406
2008 165 393 442
2009 167 365 468
2010 183 352 465
2011 202 343 455
2012 213 333 454
2013 225 330 445
2014 264 320 416
2015 278 306 416
2016 301 329 370
2017 310 334 356
2018 293 338 369
2019 282 364 354
2020 256 385 359
2021 230 414 356
2022 204 450 346
2023 182 490 328
2024 178 489 333
2025 184 488 328
2026 182 478 340
2027 186 454 360
2028 184 429 387
2029 174 402 424
2030 159 376 465
2031 176 351 473
2032 182 335 483
2033 191 330 479
2034 210 331 459
2035 223 336 441
2036 236 348 416
2037 260 362 378
2038 270 364 366
2039 267 379 354
2040 244 398 358
2041 213 426 361
2042 187 456 357
2043 185 477 338
2044 184 467 349
2045 183 454 363
2046 178 453 369
2047 166 443 391
2048 163 436 401
2049 161 411 428
2050 165 383 452
2051 172 358 470
2052 189 361 450
2053 195 357 448
2054 215 352 433
2055 229 342 429
2056 252 335 413
2057 274 337 389
2058 288 343 369
2059 282 354 364
2060 253 357 390
2061 243 390 367
2062 243 405 352
2063 227 415 358
2064 201 438 361
2065 186 462 352
2066 180 471 349
2067 179 466 355
2068 175 464 361
2069 170 435 395
2070 156 425 419
2071 149 429 422
2072 160 413 427
2073 170 378 452
2074 185 359 456
2075 188 349 463
2076 216 348 436
2077 230 349 421
2078 220 345 435
2079 235 351 414
2080 250 352 398
2081 252 372 376
2082 229 389 382
2083 216 422 362
2084 210 436 354
2085 209 441 350
2086 202 446 352
2087 199 447 354
2088 183 449 368
2089 168 445 387
2090 158 443 399
2091 154 420 426
2092 147 410 443
2093 157 412 431
2094 170 397 433
2095 175 383 442
2096 194 376 430
2097 217 361 422
2098 233 340 427
2099 236 347 417
2100 219 354 427
2101 210 369 421
2102 208 393 399
2103 200 409 391
2104 204 424 372
2105 203 435 362
2106 198 457 345
2107 195 455 350
2108 194 451 355
2109 186 437 377
2110 178 421 401
2111 174 413 413
2112 161 402 437
2113 151 404 445
2114 161 392 447
2115 165 384 451
2116 195 384 421
2117 215 368 417
2118 226 364 410
2119 245 361 394
2120 238 353 409
2121 249 358 393
2122 246 359 395
2123 243 370 387
2124 230 373 397
2125 219 402 379
2126 201 417 382
2127 186 438 376
2128 183 461 356
2129 184 459 357
2130 182 457 361
2131 188 448 364
2132 185 439 376
2133 179 413 408
2134 182 404 414
2135 186 380 434
2136 196 353 451
2137 200 345 455
2138 215 343 442
2139 214 337 449
2140 235 347 418
2141 243 352 405
2142 256 353 391
2143 260 364 376
2144 244 387 369
2145 236 411 353
2146 222 421 357
2147 201 441 358
2148 185 452 363
2149 168 463 369
2150 156 479 365
2151 144 480 376
2152 133 469 398
2153 130 456 414
2154 123 449 428
2155 144 436 420
2156 149 404 447
2157 155 388 457
2158 174 366 460
2159 199 346 455
2160 226 332 442
2161 235 318 447
2162 224 316 460
2163 230 340 430
2164 224 366 410
2165 235 388 377
2166 243 399 358
2167 246 411 343
2168 250 422 328
2169 236 432 332
2170 225 448 327
2171 196 435 369
2172 179 438 383
2173 174 433 393
2174 159 427 414
2175 157 430 413
2176 153 421 426
2177 160 415 425
2178 201 392 407
2179 217 364 419
2180 232 345 423
2181 235 335 430
2182 240 338 422
2183 235 330 435
2184 246 344 410
2185 267 339 394
2186 285 341 374
2187 294 351 355
2188 283 361 356
2189 253 382 365
2190 227 409 364
2191 199 443 358
2192 183 457 360
2193 164 478 358
2194 149 495 356
2195 146 500 354
2196 153 493 354
2197 164 465 371
2198 165 427 408
2199 179 392 429
2200 163 364 473
2201 162 359 479
2202 166 343 491
2203 173 334 493
2204 194 334 472
2205 224 341 435
2206 253 349 398
2207 257 355 388
2208 247 379 374
2209 246 394 360
2210 240 411 349
2211 235 426 339
2212 210 431 359
2213 199 449 352
2214 196 452 352
2215 172 449 379
2216 183 449 368
2217 188 423 389
2218 171 401 428
2219 175 403 422
2220 184 394 422
2221 185 367 448
2222 189 363 448
2223 212 362 426
2224 231 339 430
2225 240 346 414
2226 250 359 391
2227 230 347 423
2228 230 376 394
2229 220 403 377
2230 215 417 368
2231 226 423 351
2232 195 435 370
2233 168 459 373
2234 153 473 374
2235 156 500 344
2236 152 468 380
2237 163 445 392
2238 176 420 404
2239 174 401 425
2240 177 391 432
2241 180 364 456
2242 174 347 479
2243 199 326 475
2244 223 333 444
2245 234 332 434
2246 233 346 421
2247 235 366 399
2248 250 374 376
2249 234 386 380
2250 245 419 336
2251 218 429 353
2252 196 449 355
2253 172 472 356
2254 153 482 365
2255 162 481 357
2256 169 464 367
2257 173 445 382
2258 168 408 424
2259 175 403 422
2260 166 376 458
2261 168 362 470
2262 172 350 478
2263 173 347 480
2264 187 363 450
2265 225 368 407
2266 228 367 405
2267 246 369 385
2268 240 378 382
2269 239 398 363
2270 219 411 370
2271 188 434 378
2272 173 449 378
2273 159 459 382
2274 165 474 361
2275 148 466 386
2276 156 474 370
2277 158 446 396
2278 168 431 401
2279 169 398 433
2280 158 382 460
2281 153 383 464
2282 163 373 464
2283 173 371 456
2284 196 353 451
2285 206 358 436
2286 244 363 393
2287 251 358 391
2288 246 367 387
2289 242 371 387
2290 217 385 398
2291 215 412 373
2292 195 432 373
2293 177 447 376
2294 158 460 382
2295 156 484 360
2296 167 477 356
2297 163 462 375
2298 175 452 373
2299 168 413 419
2300 165 400 435
2301 167 388 445
2302 171 373 456
2303 192 345 463
2304 218 331 451
2305 233 320 447
2306 254 315 431
2307 246 333 421
2308 252 354 394
2309 260 360 380
2310 270 367 363
2311 262 385 353
2312 235 407 358
2313 222 445 333
2314 186 463 351
2315 182 481 337
2316 190 464 346
2317 183 450 367
2318 161 450 389
2319 155 454 391
2320 144 438 418
2321 154 411 435
2322 172 383 445
2323 206 347 447
2324 221 330 449
2325 212 329 459
2326 209 338 453
2327 219 337 444
2328 240 343 417
2329 244 349 407
2330 263 373 364
2331 258 390 352
2332 230 412 358
2333 233 441 326
2334 232 429 339
2335 220 431 349
2336 203 437 360
2337 175 448 377
2338 147 452 401
2339 128 463 409
2340 132 460 408
2341 153 427 420
2342 169 418 413
2343 179 400 421
2344 195 384 421
2345 208 357 435
2346 223 340 437
2347 224 314 462
2348 242 316 442
2349 234 331 435
2350 240 348 412
2351 243 360 397
2352 243 373 384
2353 251 400 349
2354 258 409 333
2355 250 428 322
2356 233 434 333
2357 228 436 336
2358 189 424 387
2359 174 451 375
2360 157 453 390
2361 165 443 392
2362 147 426 427
2363 165 425 410
2364 185 401 414
2365 201 379 420
2366 203 375 422
2367 202 346 452
2368 217 345 438
2369 217 340 443
2370 223 357 420
2371 241 352 407
2372 239 358 403
2373 236 382 382
2374 260 389 351
2375 260 394 346
2376 267 395 338
2377 247 393 360
2378 225 396 379
2379 198 423 379
2380 171 444 385
2381 161 447 392
2382 147 450 403
2383 157 459 384
2384 151 448 401
2385 160 456 384
2386 164 444 392
2387 148 413 439
2388 166 408 426
2389 176 387 437
2390 181 374 445
2391 194 360 446
2392 192 358 450
2393 200 352 448
2394 244 356 400
2395 257 343 400
2396 265 335 400
2397 263 348 389
2398 258 363 379
2399 233 382 385
2400 226 409 365
2401 209 422 369
2402 192 435 373
2403 195 465 340
2404 181 470 349
2405 169 471 360
2406 160 468 372
2407 152 458 390
2408 151 439 410
2409 155 427 418
2410 138 410 452
2411 146 397 457
2412 159 384 457
2413 176 370 454
2414 208 356 436
2415 240 334 426
2416 253 321 426
2417 269 320 411
2418 269 321 410
2419 249 334 417
2420 233 367 400
2421 214 397 389
2422 208 430 362
2423 191 458 351
2424 178 488 334
2425 167 502 331
2426 158 512 330
2427 152 508 340
2428 152 481 367
2429 147 451 402
2430 138 423 439
2431 136 404 460
2432 144 376 480
2433 145 354 501
2434 180 343 477
2435 220 312 468
2436 247 299 454
2437 290 302 408
2438 302 287 411
2439 298 294 408
2440 294 326 380
2441 285 352 363
2442 260 372 368
2443 219 428 353
2444 193 482 325
2445 185 505 310
2446 172 528 300
2447 152 534 314
2448 148 522 330
2449 146 500 354
2450 129 482 389
2451 121 443 436
2452 133 397 470
2453 129 362 509
2454 146 343 511
2455 185 320 495
2456 214 293 493
2457 242 286 472
2458 287 276 437
2459 324 270 406
2460 341 279 380
2461 324 297 379
2462 317 333 350
2463 295 363 342
2464 268 412 320
2465 245 446 309
2466 216 479 305
2467 195 514 291
2468 161 526 313
2469 138 542 320
2470 121 529 350
2471 99 516 385
2472 101 489 410
2473 105 453 442
2474 99 416 485
2475 119 387 494
2476 135 355 510
2477 174 323 503
2478 199 297 504
2479 228 285 487
2480 253 283 464
2481 268 294 438
2482 276 316 408
2483 269 337 394
2484 263 376 361
2485 251 414 335
2486 231 452 317
2487 206 484 310
2488 189 511 300
2489 174 517 309
2490 171 510 319
2491 140 492 368
2492 129 484 387
2493 123 457 420
2494 122 425 453
2495 143 394 463
2496 153 346 501
2497 172 330 498
2498 204 318 478
2499 235 304 461
2500 259 281 460
2501 280 284 436
2502 281 295 424
2503 291 325 384
2504 275 363 362
2505 255 395 350
2506 233 427 340
2507 245 463 292
2508 217 474 309
2509 190 499 311
2510 173 515 312
2511 154 502 344
2512 149 483 368
2513 128 456 416
2514 119 445 436
2515 125 418 457
2516 137 401 462
2517 154 364 482
2518 194 331 475
2519 211 304 485
2520 235 306 459
2521 242 309 449
2522 257 313 430
2523 252 325 423
2524 257 347 396
2525 251 379 370
2526 248 418 334
2527 233 448 319
2528 209 461 330
2529 204 482 314
2530 185 483 332
2531 174 490 336
2532 150 479 371
2533 136 471 393
2534 134 446 420
2535 144 418 438
2536 159 395 446
2537 184 359 457
2538 184 333 483
2539 198 326 476
2540 220 323 457
2541 241 309 450
2542 236 313 451
2543 243 346 411
2544 247 362 391
2545 247 394 359
2546 237 420 343
2547 214 437 349
2548 204 463 333
2549 183 487 330
2550 166 504 330
2551 160 488 352
2552 154 478 368
2553 142 452 406
2554 152 438 410
2555 153 411 436
2556 155 384 461
2557 169 358 473
2558 196 327 477
2559 200 316 484
2560 217 322 461
2561 231 331 438
2562 246 331 423
2563 261 343 396
2564 261 355 384
2565 254 381 365
2566 223 419 358
2567 184 461 355
2568 152 494 354
2569 150 517 333
2570 143 519 338
2571 136 514 350
2572 129 509 362
2573 127 490 383
2574 130 454 416
2575 150 409 441
2576 160 356 484
2577 171 323 506
2578 191 310 499
2579 205 295 500
2580 235 286 479
2581 271 275 454
2582 288 275 437
2583 306 303 391
2584 299 338 363
2585 283 378 339
2586 274 407 319
2587 249 431 320
2588 231 465 304
2589 201 494 305
2590 175 524 301
2591 151 522 327
2592 140 511 349
2593 136 482 382
2594 133 457 410
2595 136 436 428
2596 137 399 464
2597 141 369 490
2598 175 335 490
2599 212 303 485
2600 255 277 468
2601 276 263 461
2602 292 267 441
2603 308 272 420
2604 301 293 406
2605 297 330 373
2606 284 368 348
2607 262 413 325
2608 223 461 316
2609 189 514 297
2610 164 544 292
2611 141 564 295
2612 138 566 296
2613 126 532 342
2614 114 506 380
2615 104 473 423
2616 94 435 471
2617 113 392 495
2618 132 343 525
2619 167 304 529
2620 201 267 532
2621 236 267 497
2622 263 258 479
2623 305 264 431
2624 335 260 405
2625 351 273 376
2626 350 306 344
2627 335 346 319
2628 287 398 315
2629 264 446 290
2630 236 478 286
2631 211 500 289
2632 187 529 284
2633 165 540 295
2634 144 529 327
2635 115 510 375
2636 123 487 390
2637 128 431 441
2638 151 394 455
2639 152 349 499
2640 172 319 509
2641 193 288 519
2642 209 278 513
2643 250 281 469
2644 297 263 440
2645 299 272 429
2646 318 307 375
2647 311 333 356
2648 305 370 325
2649 266 407 327
2650 227 456 317
2651 203 492 305
2652 183 534 283
2653 158 545 297
2654 128 535 337
2655 117 539 344
2656 121 513 366
2657 121 472 407
2658 135 423 442
2659 144 373 483
2660 147 322 531
2661 177 308 515
2662 194 288 518
2663 226 267 507
2664 252 261 487
2665 288 276 436
2666 315 289 396
2667 319 312 369
2668 299 359 342
2669 280 393 327
2670 258 432 310
2671 247 475 278
2672 196 492 312
2673 181 528 291
2674 157 530 313
2675 133 531 336
2676 129 508 363
2677 123 478 399
2678 127 445 428
2679 135 398 467
2680 143 373 484
2681 162 329 509
2682 190 308 502
2683 222 279 499
2684 247 270 483
2685 276 275 449
2686 287 279 434
2687 294 315 391
2688 312 333 355
2689 291 359 350
2690 270 401 329
2691 254 451 295
2692 233 476 291
2693 218 492 290
2694 183 503 314
2695 176 502 322
2696 163 491 346
2697 140 478 382
2698 136 459 405
2699 139 413 448
2700 158 385 457
2701 167 350 483
2702 205 330 465
2703 208 293 499
2704 225 301 474
2705 252 297 451
2706 277 289 434
2707 287 310 403
2708 280 328 392
2709 280 370 350
2710 264 390 346
2711 224 443 333
2712 212 475 313
2713 208 491 301
2714 183 503 314
2715 171 507 322
2716 151 501 348
2717 142 479 379
2718 133 468 399
2719 139 424 437
2720 148 386 466
2721 165 361 474
2722 190 332 478
2723 208 303 489
2724 238 291 471
2725 242 283 475
2726 266 290 444
2727 292 310 398
2728 289 322 389
2729 275 350 375
2730 260 393 347
2731 247 437 316
2732 227 462 311
2733 206 490 304
2734 179 504 317
2735 158 511 331
2736 133 520 347
2737 112 517 371
2738 104 495 401
2739 104 459 437
2740 109 434 457
2741 140 401 459
2742 158 356 486
2743 179 331 490
2744 200 301 499
2745 234 283 483
2746 267 271 462
2747 273 274 453
2748 287 293 420
2749 311 312 377
2750 307 333 360
2751 302 362 336
2752 296 397 307
2753 277 421 302
2754 242 452 306
2755 205 484 311
2756 176 502 322
2757 145 512 343
2758 132 522 346
2759 125 506 369
2760 128 478 394
2761 139 451 410
2762 143 409 448
2763 167 373 460
2764 183 331 486
2765 197 305 498
2766 235 281 484
2767 272 259 469
2768 294 250 456
2769 312 255 433
2770 330 279 391
2771 336 297 367
2772 330 333 337
2773 303 365 332
2774 286 416 298
2775 248 455 297
2776 229 502 269
2777 190 516 294
2778 172 531 297
2779 146 531 323
2780 141 521 338
2781 124 494 382
2782 118 460 422
2783 118 427 455
2784 140 380 480
2785 161 344 495
2786 181 308 511
2787 212 288 500
2788 244 267 489
2789 291 262 447
2790 310 249 441
2791 345 263 392
2792 345 275 380
2793 339 311 350
2794 314 353 333
2795 312 398 290
2796 279 421 300
2797 246 459 295
2798 194 505 301
2799 164 543 293
2800 124 561 315
2801 109 565 326
2802 109 538 353
2803 119 493 388
2804 127 460 413
2805 126 414 460
2806 144 369 487
2807 159 313 528
2808 190 280 530
2809 236 245 519
2810 274 226 500
2811 295 233 472
2812 315 245 440
2813 331 271 398
2814 359 300 341
2815 344 328 328
2816 323 376 301
2817 278 432 290
2818 236 496 268
2819 174 531 295
2820 131 581 288
2821 112 598 290
2822 100 588 312
2823 94 572 334
2824 102 530 368
2825 101 466 433
2826 115 403 482
2827 119 354 527
2828 152 300 548
2829 188 250 562
2830 212 224 564
2831 255 216 529
2832 298 215 487
2833 337 236 427
2834 347 260 393
2835 378 299 323
2836 366 322 312
2837 330 384 286
2838 288 446 266
2839 235 496 269
2840 186 550 264
2841 156 578 266
2842 130 584 286
2843 117 571 312
2844 95 561 344
2845 101 521 378
2846 111 453 436
2847 123 393 484
2848 141 327 532
2849 165 281 554
2850 206 251 543
2851 230 223 547
2852 275 209 516
2853 324 204 472
2854 349 223 428
2855 392 258 350
2856 389 281 330
2857 372 330 298
2858 357 377 266
2859 319 420 261
2860 288 472 240
2861 223 508 269
2862 183 554 263
2863 143 559 298
2864 110 576 314
2865 94 560 346
2866 90 529 381
2867 96 490 414
2868 101 432 467
2869 119 391 490
2870 149 327 524
2871 156 292 552
2872 187 268 545
2873 218 253 529
2874 243 253 504
2875 281 267 452
2876 300 287 413
2877 320 309 371
2878 321 353 326
2879 304 387 309
2880 292 428 280
2881 251 455 294
2882 199 496 305
2883 160 534 306
2884 138 553 309
2885 112 553 335
2886 98 535 367
2887 103 515 382
2888 121 469 410
2889 140 424 436
2890 155 364 481
2891 171 311 518
2892 191 276 533
2893 218 256 526
2894 233 247 520
2895 261 252 487
2896 287 270 443
2897 313 289 398
2898 332 323 345
2899 315 357 328
2900 288 409 303
2901 262 456 282
2902 236 491 273
2903 208 512 280
2904 175 522 303
2905 140 536 324
2906 119 537 344
2907 113 524 363
2908 113 478 409
2909 116 431 453
2910 140 393 467
2911 167 348 485
2912 174 311 515
2913 209 290 501
2914 226 254 520
2915 268 250 482
2916 294 254 452
2917 307 275 418
2918 310 300 390
2919 296 342 362
2920 287 393 320
2921 272 423 305
2922 240 474 286
2923 213 510 277
2924 177 533 290
2925 159 548 293
2926 129 541 330
2927 109 529 362
2928 112 498 390
2929 105 465 430
2930 132 421 447
2931 147 358 495
2932 176 320 504
2933 200 276 524
2934 231 259 510
2935 266 240 494
2936 288 236 476
2937 304 247 449
2938 314 275 411
2939 314 328 358
2940 316 366 318
2941 297 408 295
2942 274 444 282
2943 251 486 263
2944 225 513 262
2945 185 528 287
2946 146 540 314
2947 132 526 342
2948 132 502 366
2949 122 460 418
2950 126 434 440
2951 134 388 478
2952 154 353 493
2953 180 318 502
2954 224 280 496
2955 244 250 506
2956 245 254 501
2957 270 295 435
2958 275 296 429
2959 284 337 379
2960 283 363 354
2961 294 399 307
2962 284 426 290
2963 247 466 287
2964 209 499 292
2965 183 496 321
2966 159 521 320
2967 132 504 364
2968 117 505 378
2969 112 484 404
2970 99 462 439
2971 111 435 454
2972 159 390 451
2973 172 345 483
2974 213 307 480
2975 246 283 471
2976 272 249 479
2977 303 244 453
2978 321 235 444
2979 338 244 418
2980 337 272 391
2981 327 318 355
2982 301 366 333
2983 280 416 304
2984 241 471 288
2985 218 515 267
2986 192 547 261
2987 171 564 265
2988 144 557 299
2989 127 538 335
2990 118 507 375
2991 111 466 423
2992 117 418 465
2993 119 368 513
2994 139 334 527
2995 172 297 531
2996 218 271 511
2997 265 244 491
2998 310 228 462
2999 340 224 436
3000 364 242 394
3001 353 268 379
3002 358 313 329
3003 339 345 316
3004 321 390 289
3005 294 435 271
3006 261 478 261
3007 218 515 267
3008 177 540 283
3009 152 555 293
3010 126 535 339
3011 110 529 361
3012 97 500 403
3013 94 468 438
3014 95 428 477
3015 117 390 493
3016 148 343 509
3017 193 297 510
3018 225 272 503
3019 248 246 506
3020 262 252 486
3021 286 270 444
3022 303 286 411
3023 323 307 370
3024 321 334 345
3025 283 382 335
3026 252 445 303
3027 225 502 273
3028 180 523 297
3029 148 550 302
3030 132 566 302
3031 110 561 329
3032 101 556 343
3033 93 517 390
3034 100 462 438
3035 122 398 480
3036 137 355 508
3037 157 313 530
3038 182 277 541
3039 194 257 549
3040 224 250 526
3041 274 259 467
3042 311 264 425
3043 323 291 386
3044 335 322 343
3045 340 352 308
3046 313 383 304
3047 272 430 298
3048 234 478 288
3049 200 507 293
3050 154 536 310
3051 127 555 318
3052 120 551 329
3053 106 528 366
3054 98 511 391
3055 107 472 421
3056 116 415 469
3057 133 377 490
3058 151 331 518
3059 179 294 527
3060 207 270 523
3061 236 265 499
3062 261 253 486
3063 302 267 431
3064 315 283 402
3065 323 308 369
3066 315 346 339
3067 292 391 317
3068 277 438 285
3069 267 458 275
3070 234 480 286
3071 205 499 296
3072 177 512 311
3073 155 515 330
3074 145 499 356
3075 141 464 395
3076 132 421 447
3077 138 410 452
3078 159 382 459
3079 173 342 485
3080 194 315 491
3081 208 291 501
3082 241 293 466
3083 281 295 424
3084 285 298 417
3085 284 305 411
3086 302 334 364
3087 298 356 346
3088 288 387 325
3089 261 421 318
3090 230 446 324
3091 181 475 344
3092 174 521 305
3093 159 521 320
3094 130 507 363
3095 124 514 362
3096 129 489 382
3097 142 450 408
3098 147 412 441
3099 147 378 475
3100 167 332 501
3101 190 312 498
3102 199 303 498
3103 220 287 493
3104 254 291 455
3105 275 296 429
3106 290 313 397
3107 312 332 356
3108 308 356 336
3109 290 380 330
3110 280 407 313
3111 229 433 338
3112 192 480 328
3113 164 512 324
3114 147 523 330
3115 135 521 344
3116 128 509 363
3117 115 492 393
3118 116 478 406
3119 130 451 419
3120 141 390 469
3121 153 347 500
3122 174 324 502
3123 205 305 490
3124 224 286 490
3125 243 284 473
3126 279 279 442
3127 321 270 409
3128 332 289 379
3129 333 321 346
3130 315 343 342
3131 284 380 336
3132 247 430 323
3133 229 469 302
3134 211 492 297
3135 172 519 309
3136 146 539 315
3137 142 533 325
3138 126 515 359
3139 118 494 388
3140 122 452 426
3141 130 409 461
3142 132 378 490
3143 149 349 502
3144 170 312 518
3145 191 297 512
3146 219 294 487
3147 257 287 456
3148 285 291 424
3149 290 306 404
3150 280 332 388
3151 279 371 350
3152 268 409 323
3153 251 435 314
3154 224 455 321
3155 197 489 314
3156 170 512 318
3157 150 524 326
3158 126 518 356
3159 106 503 391
3160 103 485 412
3161 118 462 420
3162 136 427 437
3163 148 375 477
3164 169 340 491
3165 196 307 497
3166 227 286 487
3167 256 270 474
3168 260 259 481
3169 252 278 470
3170 263 321 416
3171 260 362 378
3172 265 400 335
3173 260 428 312
3174 264 454 282
3175 261 466 273
3176 243 480 277
3177 204 479 317
3178 158 475 367
3179 137 480 383
3180 119 463 418
3181 113 453 434
3182 111 433 456
3183 121 423 456
3184 157 399 444
3185 194 364 442
3186 226 331 443
3187 258 294 448
3188 266 279 455
3189 274 281 445
3190 279 293 428
3191 286 298 416
3192 293 315 392
3193 275 343 382
3194 286 394 320
3195 271 420 309
3196 259 450 291
3197 230 460 310
3198 218 477 305
3199 184 484 332
3200 154 501 345
3201 143 503 354
3202 143 463 394
3203 139 437 424
3204 158 411 431
3205 151 382 467
3206 167 372 461
3207 175 349 476
3208 192 324 484
3209 239 305 456
3210 254 298 448
3211 264 309 427
3212 260 325 415
3213 273 358 369
3214 275 355 370
3215 269 376 355
3216 251 407 342
3217 223 444 333
3218 208 479 313
3219 192 483 325
3220 165 483 352
3221 171 477 352
3222 158 474 368
3223 171 466 363
3224 165 422 413
3225 166 391 443
3226 185 355 460
3227 193 332 475
3228 207 324 469
3229 223 316 461
3230 246 303 451
3231 287 288 425
3232 306 291 403
3233 330 303 367
3234 319 315 366
3235 299 349 352
3236 277 377 346
3237 275 407 318
3238 247 422 331
3239 204 465 331
3240 177 505 318
3241 151 520 329
3242 128 534 338
3243 140 523 337
3244 148 483 369
3245 161 445 394
3246 143 417 440
3247 124 392 484
3248 136 371 493
3249 141 344 515
3250 170 325 505
3251 206 307 487
3252 252 311 437
3253 257 303 440
3254 273 326 401
3255 302 335 363
3256 298 327 375
3257 295 358 347
3258 270 380 350
3259 233 423 344
3260 216 456 328
3261 183 481 336
3262 177 491 332
3263 166 488 346
3264 164 507 329
3265 158 478 364
3266 163 462 375
3267 168 414 418
3268 164 376 460
3269 177 355 468
3270 193 332 475
3271 184 319 497
3272 217 309 474
3273 236 305 459
3274 250 302 448
3275 269 336 395
3276 260 355 385
3277 248 385 367
3278 243 420 337
3279 248 438 314
3280 238 443 319
3281 231 457 312
3282 197 467 336
3283 174 467 359
3284 174 471 355
3285 166 441 393
3286 162 414 424
3287 177 400 423
3288 164 380 456
3289 163 379 458
3290 176 370 454
3291 188 357 455
3292 212 341 447
3293 241 347 412
3294 256 345 399
3295 247 344 409
3296 250 373 377
3297 255 371 374
3298 256 375 369
3299 248 387 365
3300 224 411 365
3301 202 429 369
3302 182 453 365
3303 163 474 363
3304 162 464 374
3305 170 467 363
3306 170 455 375
3307 165 443 392
3308 177 424 399
3309 181 394 425
3310 174 366 460
3311 200 352 448
3312 195 336 469
3313 207 338 455
3314 211 338 451
3315 229 346 425
3316 243 347 410
3317 258 363 379
3318 272 376 352
3319 259 376 365
3320 247 405 348
3321 235 415 350
3322 233 427 340
3323 218 421 361
3324 184 435 381
3325 167 453 380
3326 166 457 377
3327 152 458 390
3328 163 443 394
3329 159 422 419
3330 174 414 412
3331 180 405 415
3332 178 385 437
3333 201 369 430
3334 212 342 446
3335 229 330 441
3336 235 328 437
3337 223 343 434
3338 220 363 417
3339 232 375 393
3340 246 383 371
3341 239 385 376
3342 233 419 348
3343 218 437 345
3344 206 454 340
3345 204 451 345
3346 189 433 378
3347 178 436 386
3348 178 439 383
3349 158 437 405
3350 151 423 426
3351 160 412 428
3352 178 386 436
3353 196 371 433
3354 209 371 420
3355 204 355 441
3356 207 357 436
3357 225 356 419
3358 224 352 424
3359 242 364 394
3360 246 372 382
3361 229 383 388
3362 239 400 361
3363 224 406 370
3364 205 419 376
3365 197 439 364
3366 195 451 354
3367 183 441 376
3368 180 445 375
3369 180 437 383
3370 173 420 407
3371 190 421 389
3372 184 391 425
3373 183 377 440
3374 201 366 433
3375 201 358 441
3376 205 354 441
3377 215 358 427
3378 212 365 423
3379 226 367 407
3380 240 383 377
3381 241 383 376
3382 218 393 389
3383 210 424 366
3384 198 436 366
3385 182 444 374
3386 186 453 361
3387 186 447 367
3388 193 431 376
3389 200 424 376
3390 188 407 405
3391 197 388 415
3392 195 367 438
3393 194 361 445
3394 196 353 451
3395 211 357 432
3396 216 358 426
3397 226 360 414
3398 245 367 388
3399 249 367 384
3400 245 384 371
3401 244 394 362
3402 231 403 366
3403 202 412 386
3404 185 440 375
3405 167 455 378
3406 191 466 343
3407 178 442 380
3408 185 438 377
3409 187 421 392
3410 194 410 396
3411 180 394 426
3412 186 380 434
3413 188 359 453
3414 193 346 461
3415 196 365 439
3416 195 366 439
3417 206 384 410
3418 212 384 404
3419 228 394 378
3420 244 392 364
3421 240 397 363
3422 210 414 376
3423 213 425 362
3424 201 421 378
3425 194 415 391
3426 187 422 391
3427 189 419 392
3428 186 419 395
3429 186 417 397
3430 180 400 420
3431 186 395 419
3432 195 393 412
3433 193 390 417
3434 198 385 417
3435 210 383 407
3436 219 371 410
3437 226 364 410
3438 226 374 400
3439 219 379 402
3440 211 388 401
3441 212 399 389
3442 195 403 402
3443 184 422 394
3444 173 445 382
3445 166 463 371
3446 173 460 367
3447 175 448 377
3448 166 437 397
3449 173 435 392
3450 162 424 414
3451 156 416 428
3452 153 399 448
3453 164 384 452
3454 184 376 440
3455 201 368 431
3456 212 362 426
3457 226 353 421
3458 234 350 416
3459 245 350 405
3460 245 356 399
3461 243 371 386
3462 227 381 392
3463 203 405 392
3464 205 435 360
3465 193 442 365
3466 199 457 344
3467 198 451 351
3468 189 446 365
3469 185 440 375
3470 178 434 388
3471 174 417 409
3472 176 391 433
3473 166 382 452
3474 180 377 443
3475 188 369 443
3476 196 366 438
3477 206 364 430
3478 204 360 436
3479 231 379 390
3480 232 378 390
3481 231 386 383
3482 239 392 369
3483 235 392 373
3484 230 399 371
3485 220 406 374
3486 203 420 377
3487 191 418 391
3488 197 431 372
3489 198 417 385
3490 191 410 399
3491 179 417 404
3492 179 422 399
3493 179 415 406
3494 196 401 403
3495 188 386 426
3496 202 381 417
3497 214 381 405
3498 204 376 420
3499 201 379 420
3500 203 377 420
3501 214 382 404
3502 213 385 402
3503 209 401 390
3504 195 410 395
3505 203 424 373
3506 207 421 372
3507 208 414 378
3508 197 415 388
3509 188 421 391
3510 186 427 387
3511 190 413 397
3512 180 400 420
3513 181 396 423
3514 188 398 414
3515 196 398 406
3516 201 389 410
3517 203 378 419
3518 228 370 402
3519 234 359 407
3520 231 366 403
3521 209 373 418
3522 199 393 408
3523 211 403 386
3524 214 400 386
3525 204 408 388
3526 202 426 372
3527 206 439 355
3528 203 428 369
3529 199 424 377
3530 183 408 409
3531 175 414 411
3532 175 425 400
3533 175 417 408
3534 156 399 445
3535 166 405 429
3536 179 406 415
3537 194 397 409
3538 194 398 408
3539 179 392 429
3540 179 396 425
3541 188 404 408
3542 186 413 401
3543 171 409 420
3544 168 423 409
3545 165 435 400
3546 179 437 384
3547 184 429 387
3548 192 420 388
3549 197 404 399
3550 210 390 400
3551 205 381 414
3552 192 372 436
3553 194 373 433
3554 197 369 434
3555 204 374 422
3556 212 376 412
3557 214 384 402
3558 212 396 392
3559 217 407 376
3560 228 411 361
3561 221 399 380
3562 215 410 375
3563 215 411 374
3564 185 409 406
3565 171 431 398
3566 161 433 406
3567 171 432 397
3568 189 418 393
3569 195 412 393
3570 214 395 391
3571 218 375 407
3572 215 373 412
3573 222 354 424
3574 220 345 435
3575 215 348 437
3576 196 367 437
3577 195 392 413
3578 195 410 395
3579 184 430 386
3580 202 443 355
3581 205 444 351
3582 212 450 338
3583 186 440 374
3584 188 447 365
3585 179 420 401
3586 167 411 422
3587 168 403 429
3588 183 389 428
3589 183 373 444
3590 202 367 431
3591 228 358 414
3592 265 325 410
3593 289 315 396
3594 298 300 402
3595 301 299 400
3596 311 310 379
3597 299 316 385
3598 283 334 383
3599 299 359 342
3600 274 376 350
3601 257 411 332
3602 231 443 326
3603 207 470 323
3604 180 483 337
3605 166 504 330
3606 139 500 361
3607 125 502 373
3608 103 499 398
3609 107 486 407
3610 124 450 426
3611 152 406 442
3612 162 365 473
3613 189 334 477
3614 210 311 479
3615 212 288 500
3616 230 289 481
3617 259 284 457
3618 283 291 426
3619 284 311 405
3620 283 351 366
3621 284 383 333
3622 287 405 308
3623 258 425 317
3624 255 453 292
3625 215 461 324
3626 188 494 318
3627 159 501 340
3628 144 490 366
3629 143 473 384
3630 144 452 404
3631 156 431 413
3632 162 391 447
3633 164 377 459
3634 178 342 480
3635 211 321 468
3636 246 299 455
3637 256 281 463
3638 275 292 433
3639 289 294 417
3640 270 320 410
3641 289 353 358
3642 281 369 350
3643 277 398 325
3644 261 424 315
3645 235 458 307
3646 235 473 292
3647 224 471 305
3648 208 456 336
3649 181 439 380
3650 173 450 377
3651 166 429 405
3652 163 410 427
3653 168 379 453
3654 171 359 470
3655 200 358 442
3656 230 344 426
3657 240 331 429
3658 256 310 434
3659 264 315 421
3660 269 326 405
3661 269 352 379
3662 232 372 396
3663 209 410 381
3664 198 447 355
3665 203 471 326
3666 186 487 327
3667 173 499 328
3668 154 501 345
3669 148 494 358
3670 141 480 379
3671 131 449 420
3672 132 422 446
3673 143 397 460
3674 155 370 475
3675 170 346 484
3676 198 329 473
3677 223 308 469
3678 254 297 449
3679 274 297 429
3680 287 304 409
3681 287 316 397
3682 290 343 367
3683 279 364 357
3684 267 392 341
3685 244 425 331
3686 222 459 319
3687 200 481 319
3688 186 496 318
3689 159 498 343
3690 136 498 366
3691 128 500 372
3692 119 480 401
3693 119 456 425
3694 128 422 450
3695 149 391 460
3696 162 355 483
3697 185 340 475
3698 207 317 476
3699 244 293 463
3700 268 276 456
3701 282 276 442
3702 295 296 409
3703 295 314 391
3704 280 350 370
3705 280 380 340
3706 283 403 314
3707 260 424 316
3708 230 464 306
3709 207 494 299
3710 192 497 311
3711 172 494 334
3712 158 478 364
3713 154 462 384
3714 145 443 412
3715 132 431 437
3716 138 404 458
3717 166 368 466
3718 188 337 475
3719 217 318 465
3720 246 305 449
3721 246 292 462
3722 249 311 440
3723 263 320 417
3724 275 333 392
3725 280 357 363
3726 270 383 347
3727 249 412 339
3728 219 446 335
3729 194 489 317
3730 189 495 316
3731 173 491 336
3732 149 494 357
3733 130 494 376
3734 131 487 382
3735 131 457 412
3736 141 423 436
3737 160 370 470
3738 183 345 472
3739 195 326 479
3740 221 311 468
3741 239 285 476
3742 257 274 469
3743 279 286 435
3744 308 298 394
3745 311 322 367
3746 295 344 361
3747 293 379 328
3748 280 396 324
3749 249 435 316
3750 208 477 315
3751 176 506 318
3752 156 526 318
3753 142 522 336
3754 132 514 354
3755 134 489 377
3756 127 470 403
3757 125 438 437
3758 137 398 465
3759 156 357 487
3760 177 318 505
3761 198 301 501
3762 224 288 488
3763 247 287 466
3764 275 283 442
3765 283 287 430
3766 293 319 388
3767 305 350 345
3768 281 377 342
3769 253 418 329
3770 233 459 308
3771 220 480 300
3772 195 497 308
3773 159 518 323
3774 138 522 340
3775 129 512 359
3776 137 494 369
3777 141 445 414
3778 145 400 455
3779 143 375 482
3780 154 360 486
3781 189 328 483
3782 214 289 497
3783 221 274 505
3784 237 285 478
3785 274 318 408
3786 274 326 400
3787 265 351 384
3788 260 375 365
3789 263 412 325
3790 247 448 305
3791 223 479 298
3792 198 492 310
3793 172 484 344
3794 163 502 335
3795 154 486 360
3796 151 471 378
3797 147 437 416
3798 140 405 455
3799 147 381 472
3800 171 361 468
3801 172 345 483
3802 193 326 481
3803 209 321 470
3804 237 320 443
3805 266 326 408
3806 294 329 377
3807 292 325 383
3808 272 347 381
3809 264 383 353
3810 242 410 348
3811 228 437 335
3812 207 452 341
3813 196 467 337
3814 191 475 334
3815 173 484 343
3816 156 480 364
3817 149 461 390
3818 136 441 423
3819 143 427 430
3820 148 405 447
3821 155 385 460
3822 152 370 478
3823 178 364 458
3824 219 342 439
3825 243 320 437
3826 263 316 421
3827 276 310 414
3828 275 319 406
3829 256 340 404
3830 243 374 383
3831 228 393 379
3832 221 430 349
3833 217 459 324
3834 208 467 325
3835 193 482 325
3836 174 488 338
3837 169 486 345
3838 171 457 372
3839 152 436 412
3840 137 418 445
3841 138 404 458
3842 148 395 457
3843 152 370 478
3844 178 360 462
3845 200 336 464
3846 224 343 433
3847 243 340 417
3848 251 339 410
3849 253 345 402
3850 239 352 409
3851 228 391 381
3852 220 412 368
3853 189 444 367
3854 179 468 353
3855 187 481 332
3856 179 474 347
3857 185 476 339
3858 165 463 372
3859 168 444 388
3860 150 420 430
3861 152 406 442
3862 148 380 472
3863 169 371 460
3864 177 357 466
3865 179 347 474
3866 217 358 425
3867 230 339 431
3868 247 350 403
3869 263 347 390
3870 252 357 391
3871 233 377 390
3872 226 410 364
3873 201 427 372
3874 195 441 364
3875 184 466 350
3876 187 466 347
3877 179 466 355
3878 176 464 360
3879 166 447 387
3880 169 424 407
3881 178 404 418
3882 171 381 448
3883 179 363 458
3884 183 355 462
3885 197 351 452
3886 215 339 446
3887 236 338 426
3888 236 340 424
3889 239 360 401
3890 240 380 380
3891 233 397 370
3892 225 412 363
3893 217 424 359
3894 193 444 363
3895 171 469 360
3896 166 489 345
3897 160 474 366
3898 157 460 383
3899 159 446 395
3900 166 429 405
3901 168 410 422
3902 175 388 437
3903 177 356 467
3904 199 334 467
3905 203 327 470
3906 212 337 451
3907 221 342 437
3908 230 350 420
3909 241 360 399
3910 247 371 382
3911 244 397 359
3912 225 422 353
3913 206 448 346
3914 187 457 356
3915 176 471 353
3916 168 474 358
3917 168 472 360
3918 165 461 374
3919 172 438 390
3920 175 406 419
3921 202 377 421
3922 205 341 454
3923 210 324 466
3924 200 316 484
3925 206 328 466
3926 224 333 443
3927 233 338 429
3928 239 361 400
3929 258 384 358
3930 266 401 333
3931 266 410 324
3932 249 418 333
3933 230 423 347
3934 203 437 360
3935 199 459 342
3936 193 440 367
3937 173 423 404
3938 188 426 386
3939 183 402 415
3940 181 399 420
3941 175 396 429
3942 176 388 436
3943 196 365 439
3944 207 364 429
3945 206 370 424
3946 202 368 430
3947 201 396 403
3948 213 400 387
3949 214 391 395
3950 230 398 372
3951 230 405 365
3952 225 406 369
3953 223 405 372
3954 189 409 402
3955 180 415 405
3956 187 420 393
3957 190 422 388
3958 193 412 395
3959 199 402 399
3960 196 395 409
3961 194 399 407
3962 209 397 394
3963 207 376 417
3964 202 373 425
3965 206 376 418
3966 210 382 408
3967 204 388 408
3968 197 401 402
3969 201 404 395
3970 220 402 378
3971 242 404 354
3972 244 385 371
3973 239 380 381
3974 228 379 393
3975 211 384 405
3976 207 388 405
3977 218 389 393
3978 215 380 405
3979 224 381 395
3980 223 391 386
3981 223 397 380
3982 217 398 385
3983 217 399 384
3984 213 395 392
3985 205 398 397
3986 201 415 384
3987 186 418 396
3988 185 423 392
3989 191 418 391
3990 207 411 382
3991 219 394 387
3992 236 386 378
3993 227 366 407
3994 226 358 416
3995 227 356 417
3996 225 350 425
3997 234 357 409
3998 243 355 402
3999 232 363 405
