p=0.0078125 p_inf=0.1 time series=0,1,9,17
Format is t, #suscepted, #infected, #recovered
0 998 1 1
1 997 2 1
2 993 3 4
3 990 7 3
4 986 10 4
5 981 14 5
6 979 19 2
7 972 21 7
8 970 27 3
9 966 28 6
10 962 31 7
11 957 31 12
12 955 33 12
13 953 31 16
14 951 28 21
15 950 28 22
16 946 23 31
17 941 26 33
18 940 28 32
19 932 29 39
20 922 35 43
21 916 47 37
22 903 56 41
23 894 69 37
24 876 83 41
25 858 98 44
26 830 114 56
27 813 141 46
28 789 152 59
29 757 164 79
30 729 187 84
31 699 202 99
32 658 218 124
33 612 244 144
34 564 274 162
35 522 295 183
36 489 326 185
37 449 347 204
38 412 364 224
39 367 386 247
40 337 415 248
41 301 419 280
42 294 425 281
43 267 411 322
44 251 407 342
45 232 402 366
46 220 404 376
47 224 394 382
48 250 361 389
49 277 331 392
50 305 298 397
51 335 284 381
52 367 258 375
53 394 231 375
54 419 202 379
55 448 187 365
56 473 191 336
57 497 196 307
58 499 205 296
59 512 217 271
60 516 230 254
61 527 253 220
62 522 271 207
63 499 291 210
64 465 310 225
65 447 339 214
66 424 348 228
67 393 359 248
68 369 377 254
69 356 378 266
70 341 373 286
71 331 368 301
72 316 359 325
73 318 345 337
74 328 334 338
75 325 313 362
76 327 298 375
77 330 295 375
78 344 297 359
79 361 288 351
80 378 280 342
81 389 277 334
82 406 277 317
83 430 281 289
84 430 272 298
85 427 275 298
86 425 276 299
87 432 287 281
88 427 288 285
89 415 296 289
90 377 308 315
91 353 342 305
92 334 375 291
93 328 391 281
94 317 396 287
95 298 396 306
96 295 414 291
97 279 409 312
98 279 413 308
99 272 379 349
100 272 353 375
101 285 337 378
102 301 319 380
103 295 303 402
104 312 291 397
105 326 279 395
106 360 261 379
107 387 261 352
108 399 260 341
109 388 264 348
110 391 293 316
111 402 306 292
112 386 307 307
113 379 335 286
114 343 360 297
115 314 396 290
116 291 426 283
117 259 445 296
118 246 448 306
119 245 448 307
120 230 448 322
121 229 435 336
122 219 411 370
123 225 385 390
124 237 349 414
125 266 318 416
126 280 286 434
127 282 272 446
128 304 270 426
129 325 261 414
130 359 264 377
131 384 256 360
132 397 267 336
133 412 285 303
134 413 302 285
135 411 315 274
136 409 319 272
137 391 330 279
138 386 345 269
139 369 358 273
140 354 364 282
141 324 361 315
142 296 374 330
143 286 389 325
144 280 395 325
145 275 390 335
146 255 380 365
147 256 387 357
148 255 380 365
149 244 384 372
150 238 382 380
151 228 373 399
152 232 377 391
153 232 378 390
154 233 388 379
155 240 380 380
156 243 380 377
157 257 373 370
158 264 361 375
159 270 363 367
160 259 353 388
161 242 363 395
162 253 370 377
163 250 367 383
164 254 370 376
165 267 373 360
166 273 372 355
167 286 364 350
168 285 361 354
169 297 352 351
170 294 333 373
171 296 339 365
172 298 334 368
173 299 329 372
174 299 329 372
175 303 337 360
176 307 336 357
177 317 341 342
178 313 350 337
179 325 348 327
180 325 341 334
181 323 346 331
182 305 348 347
183 292 358 350
184 281 372 347
185 265 378 357
186 267 385 348
187 260 385 355
188 266 399 335
189 256 388 356
190 261 396 343
191 249 381 370
192 250 379 371
193 250 372 378
194 239 365 396
195 212 376 412
196 208 389 403
197 209 404 387
198 222 395 383
199 245 397 358
200 264 376 360
201 275 364 361
202 279 360 361
203 280 345 375
204 249 331 420
205 246 347 407
206 233 359 408
207 225 370 405
208 224 399 377
209 224 412 364
210 233 416 351
211 250 422 328
212 260 419 321
213 264 393 343
214 266 377 357
215 242 364 394
216 225 359 416
217 226 363 411
218 225 358 417
219 222 353 425
220 249 359 392
221 255 358 387
222 270 368 362
223 283 366 351
224 294 358 348
225 289 343 368
226 288 353 359
227 280 359 361
228 279 361 360
229 276 363 361
230 264 356 380
231 272 370 358
232 274 370 356
233 276 383 341
234 280 371 349
235 281 361 358
236 271 358 371
237 282 366 352
238 277 362 361
239 286 353 361
240 267 344 389
241 277 350 373
242 282 352 366
243 278 357 365
244 268 364 368
245 262 366 372
246 278 376 346
247 274 369 357
248 268 382 350
249 252 382 366
250 245 396 359
251 236 398 366
252 239 400 361
253 218 395 387
254 214 406 380
255 209 417 374
256 212 409 379
257 214 406 380
258 218 390 392
259 231 384 385
260 242 369 389
261 245 363 392
262 228 349 423
263 217 355 428
264 221 374 405
265 225 373 402
266 227 385 388
267 236 389 375
268 239 395 366
269 258 398 344
270 273 393 334
271 278 372 350
272 285 348 367
273 290 342 368
274 279 325 396
275 277 332 391
276 273 328 399
277 264 329 407
278 280 343 377
279 287 348 365
280 297 365 338
281 308 361 331
282 299 367 334
283 292 369 339
284 290 380 330
285 282 381 337
286 261 375 364
287 249 391 360
288 244 386 370
289 240 395 365
290 248 393 359
291 237 383 380
292 237 383 380
293 246 382 372
294 238 379 383
295 246 371 383
296 235 368 397
297 236 370 394
298 251 371 378
299 259 366 375
300 257 358 385
301 245 361 394
302 260 376 364
303 254 369 377
304 254 378 368
305 250 376 374
306 237 379 384
307 239 397 364
308 235 403 362
309 225 404 371
310 231 399 370
311 237 400 363
312 243 385 372
313 241 381 378
314 241 380 379
315 236 362 402
316 239 361 400
317 261 357 382
318 246 340 414
319 253 354 393
320 242 362 396
321 243 377 380
322 259 377 364
323 264 379 357
324 273 375 352
325 292 370 338
326 290 368 342
327 285 356 359
328 283 353 364
329 266 340 394
330 251 357 392
331 258 370 372
332 261 367 372
333 258 369 373
334 274 374 352
335 290 370 340
336 319 357 324
337 325 341 334
338 330 318 352
339 335 300 365
340 325 298 377
341 318 306 376
342 316 308 376
343 320 314 366
344 318 323 359
345 316 341 343
346 316 366 318
347 307 384 309
348 285 395 320
349 270 409 321
350 255 422 323
351 243 431 326
352 239 434 327
353 230 420 350
354 223 404 373
355 226 393 381
356 227 379 394
357 235 364 401
358 253 343 404
359 271 316 413
360 285 295 420
361 304 295 401
362 311 292 397
363 312 296 392
364 324 309 367
365 330 312 358
366 329 327 344
367 320 355 325
368 311 385 304
369 308 394 298
370 309 400 291
371 307 395 298
372 318 384 298
373 308 370 322
374 289 365 346
375 258 356 386
376 253 357 390
377 243 353 404
378 247 357 396
379 265 358 377
380 273 351 376
381 282 357 361
382 294 353 353
383 318 350 332
384 315 325 360
385 324 332 344
386 334 319 347
387 338 308 354
388 319 311 370
389 322 324 354
390 329 325 346
391 341 321 338
392 345 334 321
393 352 323 325
394 347 329 324
395 334 345 321
396 319 355 326
397 308 357 335
398 292 367 341
399 267 387 346
400 258 399 343
401 242 419 339
402 233 429 338
403 228 422 350
404 255 417 328
405 240 388 372
406 232 393 375
407 236 381 383
408 237 365 398
409 248 344 408
410 240 323 437
411 247 338 415
412 268 336 396
413 276 344 380
414 285 331 384
415 286 334 380
416 294 349 357
417 304 362 334
418 294 373 333
419 284 368 348
420 260 380 360
421 263 396 341
422 267 406 327
423 246 399 355
424 237 405 358
425 217 401 382
426 221 410 369
427 224 411 365
428 215 396 389
429 209 389 402
430 218 385 397
431 229 383 388
432 230 366 404
433 225 369 406
434 231 365 404
435 232 358 410
436 246 372 382
437 258 365 377
438 252 357 391
439 257 365 378
440 257 377 366
441 269 374 357
442 266 366 368
443 265 376 359
444 273 363 364
445 275 362 363
446 272 368 360
447 256 363 381
448 257 367 376
449 263 369 368
450 273 371 356
451 266 351 383
452 257 371 372
453 240 381 379
454 247 392 361
455 259 390 351
456 262 374 364
457 268 369 363
458 280 361 359
459 289 369 342
460 284 340 376
461 296 335 369
462 288 312 400
463 305 322 373
464 314 321 365
465 314 317 369
466 296 325 379
467 308 335 357
468 314 352 334
469 319 351 330
470 315 369 316
471 308 363 329
472 301 371 328
473 280 382 338
474 270 395 335
475 242 395 363
476 249 406 345
477 234 400 366
478 256 397 347
479 265 381 354
480 257 364 379
481 264 361 375
482 269 341 390
483 273 336 391
484 273 321 406
485 280 327 393
486 283 323 394
487 277 336 387
488 288 359 353
489 295 351 354
490 302 364 334
491 317 362 321
492 300 362 338
493 294 373 333
494 273 383 344
495 257 391 352
496 254 384 362
497 247 395 358
498 256 389 355
499 254 382 364
500 247 384 369
501 254 380 366
502 253 363 384
503 271 356 373
504 269 345 386
505 271 336 393
506 262 340 398
507 251 356 393
508 258 365 377
509 272 362 366
510 280 365 355
511 286 364 350
512 269 369 362
513 271 395 334
514 278 389 333
515 286 366 348
516 307 349 344
517 305 331 364
518 301 330 369
519 282 335 383
520 276 349 375
521 277 329 394
522 285 334 381
523 291 349 360
524 296 360 344
525 296 373 331
526 281 374 345
527 267 384 349
528 269 384 347
529 247 402 351
530 223 419 358
531 203 428 369
532 181 437 382
533 180 446 374
534 204 446 350
535 220 412 368
536 220 396 384
537 231 378 391
538 241 350 409
539 245 331 424
540 246 318 436
541 252 308 440
542 261 302 437
543 262 327 411
544 289 342 369
545 301 333 366
546 304 349 347
547 303 365 332
548 293 379 328
549 285 399 316
550 257 413 330
551 242 416 342
552 245 416 339
553 238 422 340
554 230 413 357
555 230 405 365
556 227 391 382
557 229 374 397
558 230 358 412
559 251 354 395
560 246 333 421
561 261 332 407
562 267 326 407
563 280 328 392
564 286 329 385
565 275 340 385
566 276 367 357
567 281 370 349
568 272 386 342
569 257 396 347
570 241 417 342
571 234 431 335
572 224 437 339
573 216 436 348
574 237 417 346
575 246 393 361
576 257 368 375
577 262 347 391
578 278 321 401
579 287 291 422
580 309 276 415
581 328 255 417
582 334 255 411
583 346 273 381
584 353 286 361
585 371 300 329
586 386 308 306
587 379 323 298
588 385 345 270
589 370 360 270
590 345 375 280
591 307 382 311
592 281 407 312
593 267 419 314
594 236 425 339
595 222 441 337
596 219 433 348
597 218 421 361
598 233 407 360
599 246 385 369
600 251 347 402
601 261 330 409
602 272 314 414
603 289 287 424
604 284 278 438
605 302 295 403
606 306 291 403
607 324 309 367
608 326 329 345
609 320 344 336
610 335 366 299
611 339 378 283
612 336 383 281
613 327 369 304
614 313 382 305
615 288 378 334
616 283 383 334
617 265 373 362
618 244 369 387
619 231 378 391
620 238 386 376
621 231 393 376
622 231 387 382
623 240 391 369
624 247 377 376
625 253 380 367
626 264 378 358
627 270 358 372
628 259 344 397
629 265 348 387
630 266 348 386
631 265 343 392
632 254 358 388
633 260 366 374
634 274 362 364
635 289 368 343
636 295 367 338
637 306 357 337
638 317 346 337
639 299 340 361
640 304 343 353
641 313 330 357
642 297 325 378
643 282 335 383
644 280 351 369
645 272 363 365
646 272 382 346
647 280 388 332
648 297 377 326
649 292 373 335
650 301 383 316
651 300 364 336
652 301 349 350
653 293 336 371
654 288 325 387
655 290 324 386
656 287 333 380
657 279 340 381
658 294 338 368
659 303 342 355
660 292 348 360
661 295 372 333
662 275 380 345
663 265 401 334
664 254 402 344
665 256 406 338
666 233 406 361
667 228 425 347
668 219 424 357
669 219 409 372
670 218 401 381
671 233 381 386
672 239 365 396
673 251 355 394
674 245 343 412
675 247 330 423
676 268 329 403
677 280 323 397
678 303 319 378
679 302 316 382
680 310 333 357
681 309 335 356
682 330 348 322
683 325 340 335
684 330 346 324
685 332 347 321
686 336 349 315
687 317 348 335
688 290 350 360
689 268 375 357
690 260 384 356
691 260 400 340
692 264 394 342
693 261 389 350
694 268 390 342
695 289 384 327
696 300 361 339
697 299 325 376
698 290 317 393
699 289 310 401
700 278 317 405
701 267 333 400
702 254 343 403
703 270 362 368
704 288 369 343
705 296 387 317
706 287 387 326
707 280 403 317
708 271 403 326
709 266 396 338
710 253 391 356
711 230 385 385
712 193 401 406
713 192 420 388
714 183 421 396
715 182 414 404
716 189 415 396
717 203 415 382
718 209 406 385
719 205 406 389
720 206 394 400
721 199 374 427
722 197 380 423
723 202 389 409
724 203 383 414
725 211 382 407
726 210 383 407
727 215 384 401
728 249 391 360
729 247 377 376
730 259 373 368
731 257 352 391
732 242 360 398
733 220 376 404
734 219 397 384
735 214 397 389
736 211 395 394
737 219 412 369
738 244 408 348
739 244 404 352
740 244 396 360
741 250 380 370
742 249 353 398
743 260 354 386
744 252 345 403
745 252 336 412
746 260 340 400
747 263 336 401
748 271 341 388
749 277 349 374
750 270 370 360
751 282 376 342
752 290 373 337
753 284 374 342
754 278 376 346
755 270 386 344
756 269 389 342
757 263 382 355
758 256 367 377
759 248 368 384
760 248 379 373
761 244 378 378
762 230 380 390
763 238 384 378
764 262 373 365
765 275 356 369
766 284 358 358
767 281 348 371
768 269 340 391
769 270 353 377
770 262 350 388
771 259 354 387
772 247 368 385
773 226 397 377
774 227 416 357
775 228 425 347
776 217 432 351
777 225 430 345
778 227 425 348
779 228 419 353
780 216 404 380
781 214 387 399
782 213 370 417
783 205 362 433
784 220 363 417
785 227 350 423
786 229 348 423
787 238 352 410
788 248 358 394
789 272 365 363
790 278 358 364
791 271 360 369
792 274 366 360
793 264 376 360
794 248 388 364
795 239 400 361
796 235 403 362
797 234 400 366
798 231 408 361
799 236 409 355
800 233 398 369
801 232 391 377
802 232 380 388
803 224 368 408
804 222 373 405
805 210 378 412
806 219 382 399
807 226 372 402
808 228 376 396
809 246 381 373
810 258 374 368
811 256 374 370
812 250 371 379
813 252 372 376
814 264 366 370
815 260 364 376
816 267 364 369
817 262 352 386
818 263 364 373
819 267 363 370
820 280 362 358
821 277 348 375
822 265 357 378
823 271 371 358
824 267 365 368
825 248 381 371
826 244 388 368
827 251 393 356
828 257 387 356
829 246 395 359
830 233 397 370
831 228 396 376
832 210 407 383
833 222 409 369
834 215 390 395
835 206 392 402
836 200 407 393
837 203 405 392
838 204 400 396
839 209 400 391
840 213 384 403
841 229 378 393
842 234 381 385
843 238 374 388
844 236 355 409
845 238 359 403
846 242 362 396
847 245 358 397
848 242 371 387
849 225 380 395
850 231 394 375
851 242 395 363
852 238 403 359
853 237 403 360
854 232 401 367
855 229 410 361
856 221 400 379
857 214 399 387
858 222 392 386
859 227 383 390
860 234 370 396
861 260 363 377
862 272 339 389
863 282 318 400
864 299 318 383
865 306 302 392
866 319 302 379
867 328 298 374
868 322 302 376
869 324 315 361
870 331 337 332
871 320 351 329
872 323 362 315
873 319 375 306
874 316 379 305
875 296 386 318
876 285 402 313
877 253 400 347
878 234 410 356
879 235 415 350
880 236 403 361
881 242 389 369
882 243 379 378
883 254 371 375
884 272 344 384
885 275 328 397
886 285 315 400
887 285 300 415
888 292 312 396
889 300 319 381
890 294 321 385
891 299 335 366
892 288 357 355
893 293 384 323
894 293 392 315
895 281 407 312
896 253 407 340
897 226 428 346
898 188 453 359
899 170 477 353
900 161 473 366
901 162 455 383
902 164 446 390
903 181 429 390
904 196 412 392
905 200 376 424
906 219 347 434
907 226 304 470
908 254 301 445
909 261 291 448
910 269 293 438
911 277 302 421
912 296 311 393
913 325 328 347
914 360 328 312
915 352 336 312
916 351 347 302
917 333 358 309
918 316 374 310
919 303 382 315
920 292 386 322
921 277 380 343
922 249 395 356
923 246 415 339
924 227 407 366
925 228 415 357
926 235 398 367
927 237 383 380
928 244 377 379
929 245 376 379
930 232 360 408
931 249 353 398
932 252 344 404
933 267 333 400
934 287 335 378
935 291 330 379
936 283 332 385
937 291 341 368
938 296 349 355
939 280 351 369
940 293 376 331
941 287 374 339
942 272 378 350
943 269 398 333
944 260 399 341
945 257 399 344
946 260 394 346
947 245 389 366
948 238 379 383
949 232 388 380
950 218 390 392
951 216 384 400
952 230 385 385
953 234 371 395
954 236 372 392
955 235 375 390
956 224 386 390
957 230 388 382
958 229 380 391
959 218 387 395
960 218 397 385
961 206 411 383
962 206 422 372
963 198 419 383
964 194 416 390
965 204 418 378
966 214 416 370
967 223 399 378
968 209 380 411
969 207 380 413
970 212 371 417
971 231 369 400
972 244 353 403
973 254 338 408
974 277 330 393
975 286 324 390
976 300 334 366
977 312 320 368
978 312 317 371
979 332 319 349
980 331 315 354
981 330 331 339
982 322 340 338
983 309 354 337
984 316 357 327
985 302 364 334
986 292 381 327
987 289 389 322
988 276 396 328
989 256 393 351
990 236 404 360
991 234 410 356
992 222 409 369
993 213 414 373
994 207 406 387
995 214 404 382
996 229 390 381
997 237 378 385
998 236 359 405
999 241 354 405
1000 241 350 409
1001 260 345 395
1002 273 334 393
1003 274 323 403
1004 284 336 380
1005 295 338 367
1006 294 346 360
1007 291 352 357
1008 285 359 356
1009 278 370 352
1010 288 388 324
1011 285 389 326
1012 281 379 340
1013 280 381 339
1014 286 374 340
1015 272 362 366
1016 261 369 370
1017 251 369 380
1018 247 361 392
1019 241 364 395
1020 243 380 377
1021 256 376 368
1022 275 370 355
1023 293 363 344
1024 301 338 361
1025 312 330 358
1026 307 327 366
1027 287 329 384
1028 289 333 378
1029 259 335 406
1030 255 371 374
1031 269 382 349
1032 286 393 321
1033 300 384 316
1034 303 373 324
1035 312 368 320
1036 313 355 332
1037 306 352 342
1038 304 323 373
1039 291 314 395
1040 283 316 401
1041 277 333 390
1042 273 350 377
1043 280 359 361
1044 274 365 361
1045 292 374 334
1046 286 385 329
1047 293 400 307
1048 286 391 323
1049 266 381 353
1050 261 384 355
1051 249 380 371
1052 231 386 383
1053 213 395 392
1054 197 402 401
1055 196 403 401
1056 219 413 368
1057 240 400 360
1058 245 376 379
1059 259 375 366
1060 263 355 382
1061 272 342 386
1062 276 326 398
1063 267 321 412
1064 267 320 413
1065 276 333 391
1066 272 348 380
1067 283 353 364
1068 292 362 346
1069 299 366 335
1070 301 375 324
1071 289 378 333
1072 260 391 349
1073 241 407 352
1074 238 411 351
1075 225 409 366
1076 227 413 360
1077 228 407 365
1078 230 397 373
1079 231 392 377
1080 228 378 394
1081 245 365 390
1082 261 344 395
1083 260 330 410
1084 271 327 402
1085 266 322 412
1086 274 337 389
1087 288 334 378
1088 304 334 362
1089 300 331 369
1090 297 356 347
1091 279 373 348
1092 261 394 345
1093 248 417 335
1094 233 415 352
1095 220 433 347
1096 220 446 334
1097 194 449 357
1098 194 450 356
1099 202 433 365
1100 203 404 393
1101 218 380 402
1102 221 367 412
1103 224 346 430
1104 235 330 435
1105 242 316 442
1106 256 308 436
1107 288 311 401
1108 310 308 382
1109 315 310 375
1110 324 318 358
1111 327 330 343
1112 308 343 349
1113 311 376 313
1114 289 381 330
1115 282 400 318
1116 264 410 326
1117 255 426 319
1118 253 427 320
1119 242 417 341
1120 241 415 344
1121 255 383 362
1122 262 364 374
1123 259 338 403
1124 249 331 420
1125 260 325 415
1126 278 313 409
1127 304 305 391
1128 339 281 380
1129 349 278 373
1130 361 287 352
1131 357 301 342
1132 361 312 327
1133 363 314 323
1134 349 324 327
1135 342 346 312
1136 333 377 290
1137 316 389 295
1138 300 397 303
1139 280 399 321
1140 279 408 313
1141 270 407 323
1142 256 406 338
1143 247 398 355
1144 240 376 384
1145 256 371 373
1146 274 347 379
1147 284 327 389
1148 291 308 401
1149 305 302 393
1150 320 289 391
1151 340 282 378
1152 353 284 363
1153 360 276 364
1154 373 293 334
1155 397 300 303
1156 408 295 297
1157 415 290 295
1158 423 296 281
1159 415 295 290
1160 410 301 289
1161 381 314 305
1162 358 326 316
1163 336 342 322
1164 301 369 330
1165 272 409 319
1166 239 432 329
1167 232 466 302
1168 212 467 321
1169 208 474 318
1170 191 466 343
1171 184 467 349
1172 183 447 370
1173 168 408 424
1174 171 400 429
1175 190 363 447
1176 188 343 469
1177 214 338 448
1178 224 320 456
1179 255 309 436
1180 295 298 407
1181 314 297 389
1182 338 286 376
1183 348 299 353
1184 343 309 348
1185 337 319 344
1186 330 343 327
1187 297 361 342
1188 279 405 316
1189 278 424 298
1190 267 436 297
1191 246 434 320
1192 245 445 310
1193 222 436 342
1194 208 435 357
1195 193 431 376
1196 197 402 401
1197 203 379 418
1198 221 361 418
1199 229 345 426
1200 248 326 426
1201 251 316 433
1202 267 314 419
1203 295 302 403
1204 320 303 377
1205 336 301 363
1206 345 303 352
1207 341 310 349
1208 337 333 330
1209 339 347 314
1210 348 347 305
1211 350 350 300
1212 342 347 311
1213 325 357 318
1214 295 372 333
1215 266 395 339
1216 258 401 341
1217 266 395 339
1218 259 387 354
1219 262 391 347
1220 253 391 356
1221 241 390 369
1222 240 387 373
1223 249 365 386
1224 253 350 397
1225 262 352 386
1226 266 351 383
1227 268 343 389
1228 273 341 386
1229 277 337 386
1230 300 336 364
1231 308 335 357
1232 300 342 358
1233 293 348 359
1234 286 356 358
1235 270 371 359
1236 259 389 352
1237 255 404 341
1238 242 409 349
1239 239 423 338
1240 248 419 333
1241 245 404 351
1242 243 399 358
1243 243 386 371
1244 236 368 396
1245 242 360 398
1246 235 349 416
1247 259 342 399
1248 285 322 393
1249 296 311 393
1250 299 305 396
1251 303 315 382
1252 290 329 381
1253 292 350 358
1254 292 359 349
1255 278 366 356
1256 261 400 339
1257 255 428 317
1258 244 440 316
1259 227 441 332
1260 223 444 333
1261 227 427 346
1262 240 414 346
1263 226 394 380
1264 195 374 431
1265 188 377 435
1266 207 372 421
1267 219 352 429
1268 238 337 425
1269 246 335 419
1270 253 340 407
1271 283 353 364
1272 291 343 366
1273 282 332 386
1274 287 346 367
1275 292 361 347
1276 289 371 340
1277 278 376 346
1278 263 382 355
1279 260 384 356
1280 266 397 337
1281 265 402 333
1282 253 389 358
1283 246 386 368
1284 241 383 376
1285 236 383 381
1286 226 382 392
1287 204 390 406
1288 206 399 395
1289 214 392 394
1290 218 397 385
1291 231 396 373
1292 233 386 381
1293 239 384 377
1294 260 379 361
1295 256 350 394
1296 264 345 391
1297 254 344 402
1298 250 349 401
1299 265 354 381
1300 263 349 388
1301 284 353 363
1302 299 337 364
1303 307 351 342
1304 301 348 351
1305 299 355 346
1306 291 352 357
1307 288 355 357
1308 290 363 347
1309 288 357 355
1310 270 375 355
1311 264 379 357
1312 259 388 353
1313 264 386 350
1314 258 384 358
1315 248 387 365
1316 253 389 358
1317 220 390 390
1318 222 405 373
1319 215 399 386
1320 230 397 373
1321 236 384 380
1322 241 380 379
1323 233 372 395
1324 244 378 378
1325 250 366 384
1326 263 345 392
1327 277 338 385
1328 282 326 392
1329 289 334 377
1330 291 331 378
1331 287 337 376
1332 287 335 378
1333 292 347 361
1334 284 363 353
1335 288 378 334
1336 268 386 346
1337 260 398 342
1338 266 409 325
1339 273 397 330
1340 270 392 338
1341 270 383 347
1342 262 367 371
1343 250 360 390
1344 245 364 391
1345 251 357 392
1346 268 340 392
1347 286 335 379
1348 296 322 382
1349 312 321 367
1350 314 321 365
1351 310 326 364
1352 302 326 372
1353 308 341 351
1354 291 352 357
1355 275 374 351
1356 252 403 345
1357 237 427 336
1358 223 442 335
1359 221 451 328
1360 230 453 317
1361 230 429 341
1362 224 418 358
1363 212 402 386
1364 207 385 408
1365 214 366 420
1366 224 344 432
1367 230 325 445
1368 257 317 426
1369 254 314 432
1370 272 328 400
1371 286 326 388
1372 298 329 373
1373 304 336 360
1374 289 352 359
1375 279 386 335
1376 258 404 338
1377 244 428 328
1378 234 428 338
1379 224 440 336
1380 218 447 335
1381 197 446 357
1382 182 451 367
1383 189 432 379
1384 177 407 416
1385 178 395 427
1386 186 394 420
1387 184 374 442
1388 187 369 444
1389 195 367 438
1390 224 354 422
1391 248 344 408
1392 259 345 396
1393 255 346 399
1394 260 351 389
1395 260 366 374
1396 253 371 376
1397 247 380 373
1398 245 399 356
1399 226 411 363
1400 213 429 358
1401 210 441 349
1402 197 439 364
1403 193 437 370
1404 186 436 378
1405 182 434 384
1406 180 419 401
1407 169 409 422
1408 180 402 418
1409 197 379 424
1410 202 364 434
1411 215 361 424
1412 227 349 424
1413 241 339 420
1414 244 340 416
1415 245 347 408
1416 244 353 403
1417 247 377 376
1418 237 389 374
1419 238 402 360
1420 250 413 337
1421 247 411 342
1422 241 413 346
1423 242 412 346
1424 237 405 358
1425 221 386 393
1426 203 390 407
1427 187 395 418
1428 184 400 416
1429 179 405 416
1430 180 408 412
1431 210 408 382
1432 232 385 383
1433 247 382 371
1434 270 363 367
1435 275 335 390
1436 271 325 404
1437 273 324 403
1438 274 319 407
1439 278 318 404
1440 263 337 400
1441 268 355 377
1442 278 369 353
1443 274 387 339
1444 261 401 338
1445 242 415 343
1446 234 439 327
1447 222 448 330
1448 212 441 347
1449 203 433 364
1450 200 428 372
1451 195 413 392
1452 196 404 400
1453 179 389 432
1454 171 382 447
1455 169 381 450
1456 196 390 414
1457 198 371 431
1458 206 374 420
1459 227 381 392
1460 240 369 391
1461 265 371 364
1462 284 353 363
1463 271 335 394
1464 262 339 399
1465 249 367 384
1466 236 377 387
1467 229 383 388
1468 225 402 373
1469 231 404 365
1470 244 416 340
1471 234 421 345
1472 221 427 352
1473 218 412 370
1474 208 405 387
1475 206 409 385
1476 209 392 399
1477 204 387 409
1478 187 380 433
1479 185 392 423
1480 195 388 417
1481 212 393 395
1482 227 383 390
1483 251 364 385
1484 256 357 387
1485 267 357 376
1486 251 353 396
1487 251 357 392
1488 236 361 403
1489 223 371 406
1490 231 394 375
1491 215 405 380
1492 209 428 363
1493 225 434 341
1494 235 422 343
1495 242 408 350
1496 243 397 360
1497 237 386 377
1498 228 369 403
1499 229 367 404
1500 234 343 423
1501 243 332 425
1502 257 335 408
1503 266 335 399
1504 282 337 381
1505 301 332 367
1506 307 330 363
1507 303 326 371
1508 303 354 343
1509 280 365 355
1510 264 385 351
1511 257 401 342
1512 235 406 359
1513 232 433 335
1514 228 438 334
1515 216 446 338
1516 194 430 376
1517 192 441 367
1518 190 423 387
1519 194 409 397
1520 194 400 406
1521 201 373 426
1522 203 361 436
1523 221 351 428
1524 220 349 431
1525 234 339 427
1526 252 343 405
1527 259 339 402
1528 275 341 384
1529 280 352 368
1530 277 359 364
1531 269 372 359
1532 275 382 343
1533 270 386 344
1534 261 387 352
1535 250 400 350
1536 237 409 354
1537 223 411 366
1538 208 418 374
1539 202 420 378
1540 205 416 379
1541 216 409 375
1542 215 397 388
1543 217 385 398
1544 234 374 392
1545 243 355 402
1546 254 339 407
1547 273 326 401
1548 291 311 398
1549 290 300 410
1550 309 313 378
1551 313 306 381
1552 327 313 360
1553 341 318 341
1554 356 320 324
1555 353 318 329
1556 355 336 309
1557 331 345 324
1558 320 356 324
1559 309 374 317
1560 290 378 332
1561 272 392 336
1562 257 408 335
1563 235 425 340
1564 209 429 362
1565 199 446 355
1566 189 445 366
1567 200 437 363
1568 193 422 385
1569 188 415 397
1570 193 404 403
1571 224 382 394
1572 233 347 420
1573 255 321 424
1574 277 300 423
1575 295 286 419
1576 317 283 400
1577 342 268 390
1578 362 254 384
1579 377 256 367
1580 391 276 333
1581 408 288 304
1582 418 292 290
1583 409 296 295
1584 415 308 277
1585 411 317 272
1586 395 335 270
1587 362 349 289
1588 330 362 308
1589 300 382 318
1590 275 408 317
1591 244 429 327
1592 216 448 336
1593 193 467 340
1594 185 472 343
1595 185 466 349
1596 198 453 349
1597 193 420 387
1598 193 399 408
1599 202 378 420
1600 210 350 440
1601 222 323 455
1602 232 306 462
1603 241 302 457
1604 263 306 431
1605 277 317 406
1606 286 324 390
1607 310 336 354
1608 321 340 339
1609 330 356 314
1610 319 364 317
1611 312 379 309
1612 301 382 317
1613 301 382 317
1614 295 375 330
1615 300 369 331
1616 296 360 344
1617 290 348 362
1618 292 346 362
1619 290 329 381
1620 308 328 364
1621 317 310 373
1622 327 308 365
1623 330 304 366
1624 331 310 359
1625 341 321 338
1626 356 313 331
1627 364 315 321
1628 376 308 316
1629 379 314 307
1630 375 313 312
1631 364 321 315
1632 357 326 317
1633 334 322 344
1634 318 353 329
1635 319 367 314
1636 287 373 340
1637 277 399 324
1638 275 410 315
1639 261 404 335
1640 254 413 333
1641 236 424 340
1642 228 411 361
1643 236 405 359
1644 222 391 387
1645 217 379 404
1646 215 373 412
1647 222 381 397
1648 218 365 417
1649 240 358 402
1650 243 349 408
1651 240 352 408
1652 260 369 371
1653 272 361 367
1654 256 355 389
1655 257 363 380
1656 269 378 353
1657 256 373 371
1658 253 395 352
1659 230 395 375
1660 220 401 379
1661 211 419 370
1662 210 434 356
1663 193 427 380
1664 207 429 364
1665 207 420 373
1666 213 398 389
1667 228 392 380
1668 237 371 392
1669 235 344 421
1670 253 331 416
1671 265 320 415
1672 272 306 422
1673 289 308 403
1674 296 313 391
1675 310 312 378
1676 325 319 356
1677 334 331 335
1678 341 335 324
1679 348 339 313
1680 334 346 320
1681 320 358 322
1682 315 367 318
1683 295 373 332
1684 275 386 339
1685 271 394 335
1686 264 394 342
1687 276 397 327
1688 275 378 347
1689 280 367 353
1690 281 353 366
1691 270 346 384
1692 275 344 381
1693 276 331 393
1694 269 330 401
1695 274 334 392
1696 291 348 361
1697 290 342 368
1698 299 357 344
1699 304 355 341
1700 311 352 337
1701 283 358 359
1702 266 387 347
1703 254 400 346
1704 240 398 362
1705 239 418 343
1706 242 404 354
1707 248 403 349
1708 229 400 371
1709 213 413 374
1710 218 400 382
1711 215 382 403
1712 206 387 407
1713 203 376 421
1714 187 393 420
1715 199 410 391
1716 207 401 392
1717 246 380 374
1718 269 354 377
1719 264 349 387
1720 284 349 367
1721 286 340 374
1722 285 321 394
1723 287 305 408
1724 298 312 390
1725 304 322 374
1726 288 342 370
1727 286 363 351
1728 259 365 376
1729 259 401 340
1730 257 420 323
1731 253 438 309
1732 243 435 322
1733 230 435 335
1734 226 428 346
1735 234 411 355
1736 232 401 367
1737 237 367 396
1738 233 343 424
1739 234 329 437
1740 243 331 426
1741 253 322 425
1742 274 319 407
1743 279 315 406
1744 309 320 371
1745 319 324 357
1746 336 338 326
1747 318 335 347
1748 311 351 338
1749 307 367 326
1750 296 374 330
1751 276 389 335
1752 266 404 330
1753 238 410 352
1754 230 424 346
1755 227 435 338
1756 215 422 363
1757 212 418 370
1758 222 414 364
1759 218 389 393
1760 207 378 415
1761 218 383 399
1762 217 358 425
1763 237 348 415
1764 242 341 417
1765 233 340 427
1766 240 353 407
1767 251 371 378
1768 248 371 381
1769 263 369 368
1770 268 379 353
1771 258 384 358
1772 243 401 356
1773 239 417 344
1774 224 408 368
1775 227 405 368
1776 226 402 372
1777 223 405 372
1778 219 398 383
1779 225 397 378
1780 225 374 401
1781 248 358 394
1782 247 344 409
1783 258 348 394
1784 266 340 394
1785 266 329 405
1786 253 336 411
1787 261 350 389
1788 272 365 363
1789 268 370 362
1790 275 388 337
1791 279 377 344
1792 287 381 332
1793 289 384 327
1794 301 375 324
1795 278 349 373
1796 284 357 359
1797 269 346 385
1798 279 343 378
1799 274 344 382
1800 275 345 380
1801 278 341 381
1802 281 347 372
1803 279 370 351
1804 293 364 343
1805 295 361 344
1806 281 362 357
1807 279 375 346
1808 283 376 341
1809 273 376 351
1810 253 380 367
1811 257 377 366
1812 251 379 370
1813 270 388 342
1814 261 368 371
1815 251 364 385
1816 231 373 396
1817 237 393 370
1818 240 383 377
1819 241 383 376
1820 234 380 386
1821 241 378 381
1822 244 391 365
1823 250 392 358
1824 248 377 375
1825 261 359 380
1826 272 356 372
1827 276 345 379
1828 280 344 376
1829 263 342 395
1830 280 346 374
1831 285 328 387
1832 303 338 359
1833 296 338 366
1834 311 348 341
1835 304 344 352
1836 299 352 349
1837 299 359 342
1838 308 355 337
1839 296 364 340
1840 291 366 343
1841 272 371 357
1842 265 380 355
1843 262 391 347
1844 270 386 344
1845 270 371 359
1846 253 375 372
1847 257 383 360
1848 255 377 368
1849 264 374 362
1850 268 356 376
1851 297 341 362
1852 310 317 373
1853 317 319 364
1854 317 308 375
1855 329 300 371
1856 332 294 374
1857 340 294 366
1858 334 304 362
1859 328 325 347
1860 323 355 322
1861 335 358 307
1862 335 357 308
1863 327 365 308
1864 313 379 308
1865 294 393 313
1866 268 402 330
1867 239 407 354
1868 221 406 373
1869 207 421 372
1870 195 436 369
1871 176 440 384
1872 181 445 374
1873 197 426 377
1874 221 401 378
1875 244 372 384
1876 252 350 398
1877 270 327 403
1878 285 294 421
1879 314 275 411
1880 336 241 423
1881 364 238 398
1882 392 235 373
1883 406 236 358
1884 419 244 337
1885 413 254 333
1886 414 293 293
1887 422 311 267
1888 402 337 261
1889 388 360 252
1890 381 377 242
1891 369 383 248
1892 345 387 268
1893 315 401 284
1894 296 392 312
1895 272 393 335
1896 257 391 352
1897 235 383 382
1898 219 388 393
1899 215 398 387
1900 223 398 379
1901 247 376 377
1902 248 361 391
1903 265 359 376
1904 292 344 364
1905 303 325 372
1906 308 309 383
1907 307 294 399
1908 330 295 375
1909 319 294 387
1910 328 320 352
1911 329 313 358
1912 341 327 332
1913 349 334 317
1914 349 342 309
1915 356 357 287
1916 352 349 299
1917 347 354 299
1918 354 333 313
1919 343 333 324
1920 339 330 331
1921 329 327 344
1922 314 329 357
1923 318 329 353
1924 304 333 363
1925 314 342 344
1926 301 353 346
1927 299 366 335
1928 295 371 334
1929 287 378 335
1930 300 384 316
1931 292 371 337
1932 293 375 332
1933 291 365 344
1934 286 356 358
1935 281 348 371
1936 271 348 381
1937 272 351 377
1938 269 344 387
1939 270 360 370
1940 272 355 373
1941 281 363 356
1942 285 363 352
1943 291 367 342
1944 293 361 346
1945 296 356 348
1946 278 360 362
1947 273 362 365
1948 264 372 364
1949 262 373 365
1950 270 375 355
1951 272 363 365
1952 274 367 359
1953 272 370 358
1954 280 368 352
1955 277 358 365
1956 269 351 380
1957 271 358 371
1958 281 354 365
1959 274 356 370
1960 270 359 371
1961 272 360 368
1962 280 360 360
1963 288 362 350
1964 293 361 346
1965 298 349 353
1966 304 348 348
1967 313 340 347
1968 312 328 360
1969 309 328 363
1970 297 331 372
1971 286 341 373
1972 291 353 356
1973 280 360 360
1974 274 372 354
1975 269 386 345
1976 266 403 331
1977 258 406 336
1978 244 411 345
1979 236 415 349
1980 234 411 355
1981 226 406 368
1982 210 402 388
1983 213 404 383
1984 214 384 402
1985 218 380 402
1986 238 371 391
1987 252 347 401
1988 267 337 396
1989 276 327 397
1990 268 322 410
1991 283 328 389
1992 280 333 387
1993 293 340 367
1994 298 336 366
1995 297 355 348
1996 280 366 354
1997 275 393 332
1998 272 403 325
1999 256 400 344
2000 259 411 330
2001 249 401 350
2002 226 415 359
2003 218 419 363
2004 204 416 380
2005 204 403 393
2006 211 393 396
2007 213 389 398
2008 218 376 406
2009 211 381 408
2010 214 374 412
2011 224 367 409
2012 240 360 400
2013 245 357 398
2014 251 362 387
2015 252 360 388
2016 247 372 381
2017 250 372 378
2018 258 376 366
2019 252 375 373
2020 261 388 351
2021 264 382 354
2022 270 374 356
2023 250 370 380
2024 245 378 377
2025 242 383 375
2026 254 382 364
2027 254 371 375
2028 261 358 381
2029 261 357 382
2030 262 365 373
2031 260 368 372
2032 257 362 381
2033 266 360 374
2034 288 352 360
2035 303 341 356
2036 294 339 367
2037 294 349 357
2038 287 341 372
2039 295 345 360
2040 292 343 365
2041 300 348 352
2042 295 348 357
2043 295 364 341
2044 285 366 349
2045 287 366 347
2046 271 372 357
2047 274 384 342
2048 277 383 340
2049 263 375 362
2050 250 389 361
2051 239 386 375
2052 234 395 371
2053 216 400 384
2054 217 412 371
2055 215 399 386
2056 232 402 366
2057 222 393 385
2058 219 389 392
2059 217 395 388
2060 226 388 386
2061 237 374 389
2062 259 351 390
2063 260 342 398
2064 249 338 413
2065 252 358 390
2066 245 359 396
2067 247 360 393
2068 260 365 375
2069 253 366 381
2070 255 396 349
2071 272 403 325
2072 256 390 354
2073 260 386 354
2074 261 381 358
2075 244 379 377
2076 240 391 369
2077 228 394 378
2078 220 376 404
2079 229 377 394
2080 238 381 381
2081 246 376 378
2082 245 373 382
2083 252 376 372
2084 251 357 392
2085 278 355 367
2086 288 346 366
2087 281 335 384
2088 291 338 371
2089 300 333 367
2090 295 327 378
2091 318 329 353
2092 316 325 359
2093 317 329 354
2094 310 337 353
2095 298 355 347
2096 297 364 339
2097 300 370 330
2098 316 373 311
2099 304 355 341
2100 294 371 335
2101 280 377 343
2102 252 383 365
2103 238 393 369
2104 224 398 378
2105 223 406 371
2106 239 404 357
2107 236 406 358
2108 255 393 352
2109 258 368 374
2110 265 359 376
2111 265 342 393
2112 266 337 397
2113 269 328 403
2114 261 327 412
2115 274 333 393
2116 287 333 380
2117 300 345 355
2118 336 341 323
2119 350 322 328
2120 366 313 321
2121 363 306 331
2122 348 310 342
2123 333 319 348
2124 314 334 352
2125 300 341 359
2126 294 359 347
2127 297 384 319
2128 300 390 310
2129 287 394 319
2130 281 403 316
2131 271 400 329
2132 266 395 339
2133 258 393 349
2134 238 383 379
2135 231 378 391
2136 241 379 380
2137 246 365 389
2138 249 351 400
2139 255 351 394
2140 257 350 393
2141 276 350 374
2142 287 341 372
2143 291 335 374
2144 284 330 386
2145 281 351 368
2146 275 368 357
2147 285 374 341
2148 277 365 358
2149 285 373 342
2150 290 374 336
2151 297 375 328
2152 290 373 337
2153 289 359 352
2154 300 343 357
2155 308 326 366
2156 311 327 362
2157 301 316 383
2158 302 325 373
2159 304 323 373
2160 305 323 372
2161 318 336 346
2162 322 339 339
2163 312 352 336
2164 319 361 320
2165 306 365 329
2166 297 369 334
2167 289 380 331
2168 280 388 332
2169 266 384 350
2170 260 395 345
2171 257 388 355
2172 255 382 363
2173 255 380 365
2174 244 376 380
2175 246 376 378
2176 249 366 385
2177 241 367 392
2178 238 364 398
2179 252 374 374
2180 251 366 383
2181 260 369 371
2182 270 364 366
2183 271 354 375
2184 278 363 359
2185 298 355 347
2186 300 338 362
2187 305 326 369
2188 299 329 372
2189 294 332 374
2190 293 342 365
2191 277 353 370
2192 273 360 367
2193 275 372 353
2194 280 387 333
2195 277 394 329
2196 282 394 324
2197 278 386 336
2198 279 380 341
2199 289 368 343
2200 287 351 362
2201 283 341 376
2202 277 330 393
2203 276 329 395
2204 281 330 389
2205 300 333 367
2206 308 320 372
2207 327 324 349
2208 330 322 348
2209 329 329 342
2210 327 341 332
2211 312 344 344
2212 293 358 349
2213 297 374 329
2214 280 383 337
2215 259 396 345
2216 239 419 342
2217 232 432 336
2218 239 427 334
2219 239 417 344
2220 244 403 353
2221 230 382 388
2222 245 387 368
2223 250 359 391
2224 258 331 411
2225 265 310 425
2226 268 308 424
2227 285 315 400
2228 305 312 383
2229 308 313 379
2230 314 305 381
2231 332 327 341
2232 343 337 320
2233 348 347 305
2234 340 344 316
2235 333 345 322
2236 319 355 326
2237 313 368 319
2238 297 382 321
2239 266 376 358
2240 251 397 352
2241 235 402 363
2242 235 421 344
2243 222 420 358
2244 213 423 364
2245 201 419 380
2246 207 417 376
2247 208 417 375
2248 215 395 390
2249 209 383 408
2250 213 370 417
2251 225 367 408
2252 232 352 416
2253 249 349 402
2254 244 334 422
2255 265 339 396
2256 277 340 383
2257 292 340 368
2258 300 338 362
2259 313 333 354
2260 314 335 351
2261 315 337 348
2262 313 351 336
2263 301 348 351
2264 289 359 352
2265 280 371 349
2266 280 382 338
2267 273 387 340
2268 274 392 334
2269 252 389 359
2270 251 397 352
2271 240 401 359
2272 229 401 370
2273 227 400 373
2274 223 391 386
2275 207 390 403
2276 210 401 389
2277 225 401 374
2278 232 378 390
2279 247 367 386
2280 261 352 387
2281 283 339 378
2282 286 326 388
2283 279 324 397
2284 262 320 418
2285 269 337 394
2286 259 353 388
2287 250 374 376
2288 229 398 373
2289 214 432 354
2290 206 460 334
2291 210 470 320
2292 195 470 335
2293 180 468 352
2294 175 467 358
2295 157 451 392
2296 164 445 391
2297 158 404 438
2298 159 382 459
2299 170 371 459
2300 190 360 450
2301 203 342 455
2302 214 330 456
2303 240 335 425
2304 273 315 412
2305 293 323 384
2306 301 325 374
2307 299 328 373
2308 299 341 360
2309 298 359 343
2310 295 372 333
2311 299 370 331
2312 270 386 344
2313 254 407 339
2314 244 421 335
2315 233 428 339
2316 228 426 346
2317 225 413 362
2318 218 403 379
2319 208 412 380
2320 201 406 393
2321 202 392 406
2322 198 377 425
2323 216 374 410
2324 239 358 403
2325 244 348 408
2326 248 353 399
2327 259 340 401
2328 279 335 386
2329 285 329 386
2330 289 338 373
2331 293 337 370
2332 286 349 365
2333 283 366 351
2334 289 364 347
2335 288 371 341
2336 288 377 335
2337 277 383 340
2338 274 385 341
2339 262 389 349
2340 246 389 365
2341 254 388 358
2342 259 382 359
2343 246 370 384
2344 257 377 366
2345 269 360 371
2346 274 346 380
2347 285 337 378
2348 287 326 387
2349 279 325 396
2350 282 339 379
2351 278 348 374
2352 281 345 374
2353 288 359 353
2354 292 366 342
2355 299 371 330
2356 315 375 310
2357 318 360 322
2358 315 343 342
2359 324 337 339
2360 311 331 358
2361 303 330 367
2362 294 331 375
2363 274 335 391
2364 274 351 375
2365 284 366 350
2366 290 373 337
2367 313 373 314
2368 324 356 320
2369 316 346 338
2370 313 353 334
2371 303 352 345
2372 288 346 366
2373 273 346 381
2374 265 354 381
2375 260 362 378
2376 259 384 357
2377 257 395 348
2378 265 390 345
2379 275 383 342
2380 279 379 342
2381 272 375 353
2382 251 374 375
2383 211 387 402
2384 210 405 385
2385 220 395 385
2386 230 390 380
2387 240 387 373
2388 244 381 375
2389 260 381 359
2390 263 366 371
2391 266 350 384
2392 270 329 401
2393 275 335 390
2394 259 335 406
2395 254 354 392
2396 254 365 381
2397 272 365 363
2398 294 362 344
2399 317 356 327
2400 304 354 342
2401 299 361 340
2402 288 366 346
2403 281 358 361
2404 278 354 368
2405 255 357 388
2406 239 383 378
2407 239 405 356
2408 237 407 356
2409 228 402 370
2410 243 406 351
2411 244 399 357
2412 245 402 353
2413 225 398 377
2414 222 392 386
2415 213 373 414
2416 217 380 403
2417 221 381 398
2418 231 373 396
2419 234 370 396
2420 243 364 393
2421 259 359 382
2422 279 349 372
2423 281 348 371
2424 274 339 387
2425 283 345 372
2426 275 344 381
2427 285 355 360
2428 282 351 367
2429 281 359 360
2430 278 370 352
2431 291 374 335
2432 290 370 340
2433 294 365 341
2434 290 362 348
2435 290 355 355
2436 282 359 359
2437 276 359 365
2438 274 354 372
2439 272 352 376
2440 286 358 356
2441 284 349 367
2442 275 354 371
2443 255 370 375
2444 258 386 356
2445 259 383 358
2446 259 387 354
2447 255 389 356
2448 243 387 370
2449 232 408 360
2450 235 414 351
2451 235 395 370
2452 230 379 391
2453 224 387 389
2454 221 389 390
2455 213 390 397
2456 193 400 407
2457 197 399 404
2458 209 389 402
2459 236 396 368
2460 235 385 380
2461 245 378 377
2462 245 366 389
2463 249 365 386
2464 263 351 386
2465 271 338 391
2466 256 340 404
2467 247 348 405
2468 244 368 388
2469 234 378 388
2470 223 400 377
2471 223 412 365
2472 224 426 350
2473 217 438 345
2474 215 443 342
2475 199 437 364
2476 200 433 367
2477 196 422 382
2478 203 404 393
2479 194 385 421
2480 189 380 431
2481 195 373 432
2482 214 362 424
2483 228 349 423
2484 244 339 417
2485 275 334 391
2486 297 321 382
2487 305 318 377
2488 316 315 369
2489 317 311 372
2490 317 321 362
2491 308 334 358
2492 294 353 353
2493 287 372 341
2494 272 392 336
2495 255 410 335
2496 257 430 313
2497 244 432 324
2498 223 435 342
2499 226 443 331
2500 217 421 362
2501 211 411 378
2502 209 397 394
2503 215 381 404
2504 219 355 426
2505 220 349 431
2506 239 345 416
2507 257 318 425
2508 285 322 393
2509 303 304 393
2510 323 300 377
2511 354 296 350
2512 351 291 358
2513 351 300 349
2514 360 304 336
2515 329 322 349
2516 320 349 331
2517 307 376 317
2518 288 393 319
2519 273 416 311
2520 257 436 307
2521 251 443 306
2522 224 445 331
2523 219 454 327
2524 204 432 364
2525 193 420 387
2526 184 414 402
2527 185 400 415
2528 206 379 415
2529 220 351 429
2530 240 335 425
2531 268 306 426
2532 297 300 403
2533 307 283 410
2534 331 279 390
2535 342 269 389
2536 345 279 376
2537 345 304 351
2538 350 320 330
2539 336 344 320
2540 322 364 314
2541 308 395 297
2542 288 413 299
2543 256 443 301
2544 229 465 306
2545 227 467 306
2546 217 453 330
2547 220 439 341
2548 217 416 367
2549 221 388 391
2550 204 366 430
2551 208 353 439
2552 238 327 435
2553 248 295 457
2554 260 299 441
2555 291 301 408
2556 308 293 399
2557 329 304 367
2558 347 305 348
2559 358 300 342
2560 363 315 322
2561 363 342 295
2562 345 338 317
2563 327 354 319
2564 304 380 316
2565 287 392 321
2566 292 408 300
2567 283 408 309
2568 253 402 345
2569 249 405 346
2570 254 413 333
2571 237 392 371
2572 241 383 376
2573 237 367 396
2574 235 355 410
2575 239 357 404
2576 223 359 418
2577 203 372 425
2578 213 384 403
2579 217 395 388
2580 236 400 364
2581 246 397 357
2582 258 399 343
2583 264 385 351
2584 276 377 347
2585 270 352 378
2586 255 346 399
2587 249 350 401
2588 228 351 421
2589 212 375 413
2590 211 389 400
2591 219 404 377
2592 244 404 352
2593 261 404 335
2594 275 393 332
2595 275 375 350
2596 271 374 355
2597 267 354 379
2598 251 344 405
2599 245 345 410
2600 240 351 409
2601 241 356 403
2602 248 366 386
2603 250 377 373
2604 265 376 359
2605 278 381 341
2606 273 378 349
2607 268 382 350
2608 262 381 357
2609 262 382 356
2610 259 372 369
2611 260 364 376
2612 249 364 387
2613 259 370 371
2614 268 363 369
2615 272 350 378
2616 267 347 386
2617 261 351 388
2618 248 367 385
2619 238 388 374
2620 237 398 365
2621 245 393 362
2622 243 392 365
2623 245 407 348
2624 250 408 342
2625 254 399 347
2626 250 379 371
2627 257 362 381
2628 260 345 395
2629 249 347 404
2630 237 359 404
2631 230 356 414
2632 237 362 401
2633 245 364 391
2634 268 376 356
2635 283 370 347
2636 287 372 341
2637 291 366 343
2638 310 350 340
2639 304 334 362
2640 286 334 380
2641 278 350 372
2642 276 346 378
2643 273 354 373
2644 273 355 372
2645 278 361 361
2646 282 372 346
2647 287 384 329
2648 290 379 331
2649 294 360 346
2650 277 360 363
2651 276 369 355
2652 260 369 371
2653 251 379 370
2654 235 377 388
2655 239 381 380
2656 259 382 359
2657 257 381 362
2658 248 383 369
2659 246 383 371
2660 244 385 371
2661 251 377 372
2662 244 372 384
2663 238 375 387
2664 231 380 389
2665 232 388 380
2666 245 385 370
2667 244 372 384
2668 268 371 361
2669 255 355 390
2670 257 373 370
2671 261 368 371
2672 248 359 393
2673 239 364 397
2674 232 376 392
2675 227 396 377
2676 229 402 369
2677 224 416 360
2678 237 403 360
2679 235 395 370
2680 235 406 359
2681 225 401 374
2682 224 399 377
2683 223 380 397
2684 215 375 410
2685 226 369 405
2686 233 371 396
2687 237 372 391
2688 237 357 406
2689 252 362 386
2690 260 349 391
2691 259 360 381
2692 257 366 377
2693 258 374 368
2694 256 371 373
2695 256 372 372
2696 253 387 360
2697 257 385 358
2698 250 394 356
2699 254 390 356
2700 259 380 361
2701 249 367 384
2702 237 380 383
2703 226 391 383
2704 240 387 373
2705 226 375 399
2706 233 380 387
2707 239 377 384
2708 239 381 380
2709 225 394 381
2710 221 395 384
2711 224 388 388
2712 232 389 379
2713 228 393 379
2714 231 392 377
2715 241 392 367
2716 233 378 389
2717 252 373 375
2718 255 353 392
2719 248 357 395
2720 215 363 422
2721 212 392 396
2722 218 396 386
2723 225 390 385
2724 233 397 370
2725 231 394 375
2726 222 416 362
2727 219 421 360
2728 222 418 360
2729 221 386 393
2730 222 383 395
2731 213 388 399
2732 216 390 394
2733 201 390 409
2734 218 383 399
2735 235 361 404
2736 274 347 379
2737 277 340 383
2738 267 340 393
2739 257 345 398
2740 253 353 394
2741 261 357 382
2742 274 356 370
2743 281 365 354
2744 270 372 358
2745 273 390 337
2746 263 387 350
2747 241 392 367
2748 238 406 356
2749 241 405 354
2750 242 403 355
2751 245 393 362
2752 228 383 389
2753 245 382 373
2754 244 368 388
2755 236 364 400
2756 242 358 400
2757 252 353 395
2758 255 345 400
2759 264 352 384
2760 273 353 374
2761 284 345 371
2762 282 348 370
2763 302 354 344
2764 293 340 367
2765 290 354 356
2766 266 365 369
2767 260 382 358
2768 275 387 338
2769 260 380 360
2770 255 392 353
2771 257 391 352
2772 257 403 340
2773 259 389 352
2774 260 376 364
2775 258 358 384
2776 253 355 392
2777 256 367 377
2778 272 352 376
2779 261 337 402
2780 286 336 378
2781 303 325 372
2782 325 321 354
2783 329 317 354
2784 313 316 371
2785 324 320 356
2786 336 324 340
2787 337 327 336
2788 329 327 344
2789 324 346 330
2790 320 355 325
2791 324 363 313
2792 335 360 305
2793 335 345 320
2794 342 341 317
2795 356 331 313
2796 343 317 340
2797 322 311 367
2798 304 323 373
2799 290 333 377
2800 294 350 356
2801 283 361 356
2802 273 376 351
2803 288 396 316
2804 293 395 312
2805 299 396 305
2806 296 378 326
2807 289 371 340
2808 270 361 369
2809 260 369 371
2810 242 364 394
2811 228 362 410
2812 225 377 398
2813 242 379 379
2814 235 380 385
2815 239 394 367
2816 235 400 365
2817 237 396 367
2818 256 399 345
2819 261 382 357
2820 255 362 383
2821 235 366 399
2822 240 385 375
2823 228 366 406
2824 230 372 398
2825 237 374 389
2826 242 364 394
2827 247 376 377
2828 239 391 370
2829 224 395 381
2830 241 391 368
2831 241 393 366
2832 250 387 363
2833 258 376 366
2834 238 378 384
2835 225 386 389
2836 230 384 386
2837 236 375 389
2838 236 373 391
2839 259 371 370
2840 267 354 379
2841 266 357 377
2842 270 356 374
2843 280 344 376
2844 294 336 370
2845 303 331 366
2846 302 324 374
2847 308 327 365
2848 294 338 368
2849 290 349 361
2850 301 354 345
2851 313 355 332
2852 309 351 340
2853 304 360 336
2854 291 372 337
2855 269 382 349
2856 258 393 349
2857 247 393 360
2858 241 399 360
2859 233 404 363
2860 223 416 361
2861 220 417 363
2862 224 408 368
2863 232 394 374
2864 245 375 380
2865 249 362 389
2866 252 352 396
2867 255 344 401
2868 265 329 406
2869 285 318 397
2870 295 307 398
2871 298 311 391
2872 312 327 361
2873 310 326 364
2874 301 338 361
2875 291 355 354
2876 281 380 339
2877 281 401 318
2878 273 412 315
2879 254 416 330
2880 260 419 321
2881 254 414 332
2882 251 408 341
2883 244 394 362
2884 244 376 380
2885 242 355 403
2886 258 346 396
2887 282 326 392
2888 289 299 412
2889 301 297 402
2890 316 291 393
2891 323 290 387
2892 337 301 362
2893 339 308 353
2894 352 315 333
2895 356 322 322
2896 342 345 313
2897 350 361 289
2898 339 359 302
2899 329 371 300
2900 320 370 310
2901 298 372 330
2902 273 387 340
2903 253 405 342
2904 230 402 368
2905 217 409 374
2906 212 424 364
2907 216 417 367
2908 216 414 370
2909 220 412 368
2910 219 393 388
2911 233 376 391
2912 250 365 385
2913 249 341 410
2914 256 327 417
2915 261 327 412
2916 269 325 406
2917 293 319 388
2918 313 314 373
2919 313 311 376
2920 329 322 349
2921 341 330 329
2922 329 332 339
2923 332 344 324
2924 341 343 316
2925 348 340 312
2926 347 338 315
2927 347 342 311
2928 344 331 325
2929 340 326 334
2930 336 328 336
2931 335 320 345
2932 336 322 342
2933 324 324 352
2934 316 338 346
2935 306 342 352
2936 297 363 340
2937 292 377 331
2938 306 380 314
2939 307 374 319
2940 305 371 324
2941 291 371 338
2942 287 371 342
2943 279 371 350
2944 284 358 358
2945 298 339 363
2946 304 322 374
2947 316 322 362
2948 317 313 370
2949 326 312 362
2950 332 303 365
2951 350 297 353
2952 362 292 346
2953 368 299 333
2954 360 310 330
2955 345 318 337
2956 335 342 323
2957 329 353 318
2958 326 368 306
2959 316 377 307
2960 297 392 311
2961 273 404 323
2962 266 417 317
2963 250 416 334
2964 241 408 351
2965 241 406 353
2966 229 391 380
2967 223 394 383
2968 210 385 405
2969 211 386 403
2970 215 372 413
2971 225 369 406
2972 235 367 398
2973 259 359 382
2974 262 350 388
2975 275 344 381
2976 286 340 374
2977 297 328 375
2978 294 331 375
2979 299 337 364
2980 300 334 366
2981 304 341 355
2982 294 346 360
2983 292 362 346
2984 303 368 329
2985 297 369 334
2986 292 372 336
2987 302 371 327
2988 300 364 336
2989 288 359 353
2990 277 366 357
2991 276 361 363
2992 279 356 365
2993 279 352 369
2994 292 349 359
2995 280 337 383
2996 282 356 362
2997 272 359 369
2998 281 362 357
2999 271 358 371
3000 263 373 364
3001 254 385 361
3002 262 397 341
3003 259 401 340
3004 268 385 347
3005 268 373 359
3006 281 370 349
3007 270 361 369
3008 261 357 382
3009 271 354 375
3010 266 332 402
3011 281 333 386
3012 273 334 393
3013 276 354 370
3014 271 354 375
3015 282 368 350
3016 282 361 357
3017 293 364 343
3018 292 375 333
3019 277 375 348
3020 263 389 348
3021 270 383 347
3022 273 376 351
3023 290 359 351
3024 293 349 358
3025 284 343 373
3026 298 341 361
3027 287 327 386
3028 295 324 381
3029 277 322 401
3030 279 347 374
3031 272 362 366
3032 275 379 346
3033 279 382 339
3034 277 380 343
3035 277 396 327
3036 265 399 336
3037 251 413 336
3038 244 402 354
3039 240 394 366
3040 242 381 377
3041 229 376 395
3042 217 391 392
3043 233 387 380
3044 239 368 393
3045 247 348 405
3046 254 351 395
3047 260 352 388
3048 252 359 389
3049 240 372 388
3050 237 369 394
3051 240 376 384
3052 248 392 360
3053 248 404 348
3054 243 401 356
3055 233 405 362
3056 228 408 364
3057 252 400 348
3058 250 379 371
3059 234 374 392
3060 228 374 398
3061 247 368 385
3062 260 352 388
3063 264 335 401
3064 270 328 402
3065 296 330 374
3066 307 325 368
3067 306 319 375
3068 306 320 374
3069 306 326 368
3070 297 342 361
3071 280 368 352
3072 274 392 334
3073 258 396 346
3074 249 417 334
3075 256 432 312
3076 240 424 336
3077 225 434 341
3078 216 433 351
3079 216 416 368
3080 216 392 392
3081 201 388 411
3082 201 382 417
3083 211 367 422
3084 221 365 414
3085 219 345 436
3086 239 348 413
3087 269 345 386
3088 286 339 375
3089 285 326 389
3090 293 333 374
3091 289 340 371
3092 313 346 341
3093 318 342 340
3094 318 334 348
3095 307 337 356
3096 310 354 336
3097 308 364 328
3098 302 359 339
3099 291 358 351
3100 278 363 359
3101 273 380 347
3102 278 393 329
3103 274 385 341
3104 255 372 373
3105 255 381 364
3106 260 386 354
3107 264 382 354
3108 251 373 376
3109 243 369 388
3110 245 364 391
3111 258 370 372
3112 264 370 366
3113 274 355 371
3114 283 340 377
3115 294 335 371
3116 316 333 351
3117 320 315 365
3118 305 316 379
3119 303 325 372
3120 315 327 358
3121 328 330 342
3122 321 332 347
3123 322 344 334
3124 326 345 329
3125 329 359 312
3126 318 355 327
3127 306 357 337
3128 304 367 329
3129 286 366 348
3130 257 382 361
3131 248 399 353
3132 227 407 366
3133 224 414 362
3134 225 421 354
3135 214 418 368
3136 206 419 375
3137 207 428 365
3138 210 411 379
3139 223 391 386
3140 234 370 396
3141 238 352 410
3142 251 341 408
3143 255 331 414
3144 252 326 422
3145 250 320 430
3146 261 339 400
3147 262 348 390
3148 248 368 384
3149 251 400 349
3150 246 408 346
3151 251 423 326
3152 266 423 311
3153 251 414 335
3154 238 410 352
3155 214 414 372
3156 199 418 383
3157 189 401 410
3158 181 403 416
3159 177 396 427
3160 193 400 407
3161 205 393 402
3162 229 385 386
3163 254 357 389
3164 292 328 380
3165 315 307 378
3166 329 282 389
3167 339 275 386
3168 343 261 396
3169 344 264 392
3170 342 271 387
3171 340 301 359
3172 324 332 344
3173 303 369 328
3174 294 415 291
3175 299 431 270
3176 284 440 276
3177 278 452 270
3178 262 451 287
3179 242 437 321
3180 228 426 346
3181 212 403 385
3182 218 373 409
3183 219 351 430
3184 202 341 457
3185 199 346 455
3186 221 350 429
3187 239 342 419
3188 267 335 398
3189 298 330 372
3190 294 329 377
3191 291 355 354
3192 283 368 349
3193 269 371 360
3194 262 381 357
3195 258 396 346
3196 253 407 340
3197 248 417 335
3198 243 423 334
3199 230 402 368
3200 237 402 361
3201 243 392 365
3202 238 376 386
3203 242 366 392
3204 229 351 420
3205 237 354 409
3206 256 340 404
3207 257 342 401
3208 269 341 390
3209 276 339 385
3210 274 348 378
3211 279 360 361
3212 270 370 360
3213 262 376 362
3214 240 398 362
3215 217 418 365
3216 190 442 368
3217 187 471 342
3218 182 465 353
3219 166 458 376
3220 174 464 362
3221 175 450 375
3222 184 427 389
3223 201 398 401
3224 205 357 438
3225 219 324 457
3226 238 316 446
3227 242 304 454
3228 258 294 448
3229 285 292 423
3230 291 288 421
3231 304 311 385
3232 325 339 336
3233 310 351 339
3234 297 374 329
3235 284 399 317
3236 258 422 320
3237 226 450 324
3238 216 486 298
3239 203 473 324
3240 189 458 353
3241 189 460 351
3242 170 437 393
3243 165 431 404
3244 156 413 431
3245 143 394 463
3246 164 371 465
3247 192 363 445
3248 218 350 432
3249 240 322 438
3250 265 323 412
3251 299 304 397
3252 324 288 388
3253 355 282 363
3254 353 274 373
3255 351 284 365
3256 353 299 348
3257 331 325 344
3258 331 346 323
3259 303 365 332
3260 296 409 295
3261 290 422 288
3262 262 436 302
3263 239 454 307
3264 211 462 327
3265 195 464 341
3266 184 459 357
3267 168 451 381
3268 173 423 404
3269 166 405 429
3270 179 398 423
3271 188 367 445
3272 200 350 450
3273 232 336 432
3274 251 309 440
3275 287 298 415
3276 295 290 415
3277 288 300 412
3278 296 314 390
3279 301 337 362
3280 297 349 354
3281 296 367 337
3282 286 395 319
3283 272 416 312
3284 262 438 300
3285 259 438 303
3286 237 427 336
3287 223 426 351
3288 204 428 368
3289 192 429 379
3290 194 413 393
3291 191 390 419
3292 205 371 424
3293 227 357 416
3294 238 346 416
3295 238 336 426
3296 245 334 421
3297 275 326 399
3298 302 312 386
3299 326 308 366
3300 332 303 365
3301 324 311 365
3302 324 330 346
3303 313 340 347
3304 315 353 332
3305 303 359 338
3306 282 385 333
3307 268 410 322
3308 249 429 322
3309 236 440 324
3310 228 434 338
3311 233 432 335
3312 240 414 346
3313 221 401 378
3314 212 394 394
3315 199 378 423
3316 197 372 431
3317 213 363 424
3318 223 353 424
3319 244 345 411
3320 261 342 397
3321 275 338 387
3322 293 331 376
3323 307 329 364
3324 319 321 360
3325 325 318 357
3326 336 322 342
3327 335 319 346
3328 323 323 354
3329 310 339 351
3330 302 359 339
3331 299 369 332
3332 294 380 326
3333 280 388 332
3334 271 398 331
3335 262 410 328
3336 238 415 347
3337 223 423 354
3338 207 418 375
3339 197 424 379
3340 206 423 371
3341 205 406 389
3342 213 397 390
3343 232 377 391
3344 252 353 395
3345 277 325 398
3346 281 305 414
3347 292 295 413
3348 297 285 418
3349 301 297 402
3350 312 302 386
3351 322 311 367
3352 331 325 344
3353 328 344 328
3354 327 367 306
3355 326 378 296
3356 300 389 311
3357 293 403 304
3358 265 405 330
3359 237 424 339
3360 212 438 350
3361 197 444 359
3362 197 436 367
3363 204 425 371
3364 204 407 389
3365 218 393 389
3366 227 377 396
3367 234 349 417
3368 248 328 424
3369 264 308 428
3370 267 300 433
3371 262 308 430
3372 269 331 400
3373 274 338 388
3374 286 349 365
3375 302 365 333
3376 311 370 319
3377 317 381 302
3378 307 383 310
3379 294 385 321
3380 289 375 336
3381 269 373 358
3382 242 382 376
3383 231 393 376
3384 235 399 366
3385 237 384 379
3386 251 380 369
3387 267 364 369
3388 272 358 370
3389 278 355 367
3390 278 340 382
3391 269 329 402
3392 272 332 396
3393 258 344 398
3394 260 362 378
3395 250 376 374
3396 254 392 354
3397 255 391 354
3398 262 405 333
3399 258 409 333
3400 239 410 351
3401 232 417 351
3402 235 406 359
3403 237 389 374
3404 227 371 402
3405 226 382 392
3406 221 369 410
3407 229 370 401
3408 231 361 408
3409 254 352 394
3410 260 340 400
3411 261 351 388
3412 260 368 372
3413 265 358 377
3414 278 366 356
3415 285 352 363
3416 281 354 365
3417 282 367 351
3418 263 378 359
3419 262 386 352
3420 267 370 363
3421 255 375 370
3422 269 379 352
3423 269 379 352
3424 271 377 352
3425 260 362 378
3426 258 362 380
3427 265 356 379
3428 270 365 365
3429 272 355 373
3430 267 349 384
3431 267 354 379
3432 282 356 362
3433 284 356 360
3434 283 354 363
3435 273 361 366
3436 264 362 374
3437 260 381 359
3438 248 391 361
3439 230 398 372
3440 220 414 366
3441 218 424 358
3442 216 428 356
3443 215 423 362
3444 210 423 367
3445 200 409 391
3446 196 409 395
3447 200 406 394
3448 197 386 417
3449 203 379 418
3450 224 369 407
3451 233 353 414
3452 249 344 407
3453 263 342 395
3454 264 328 408
3455 283 330 387
3456 286 331 383
3457 287 335 378
3458 303 344 353
3459 315 344 341
3460 308 341 351
3461 317 350 333
3462 305 355 340
3463 293 365 342
3464 292 376 332
3465 281 373 346
3466 278 375 347
3467 285 378 337
3468 294 374 332
3469 287 356 357
3470 290 358 352
3471 277 345 378
3472 276 347 377
3473 268 351 381
3474 244 357 399
3475 227 378 395
3476 227 399 374
3477 236 417 347
3478 246 406 348
3479 254 409 337
3480 251 399 350
3481 260 398 342
3482 238 383 379
3483 229 384 387
3484 205 372 423
3485 198 378 424
3486 205 396 399
3487 208 386 406
3488 217 393 390
3489 227 385 388
3490 243 390 367
3491 259 373 368
3492 269 369 362
3493 263 353 384
3494 263 341 396
3495 258 351 391
3496 266 349 385
3497 257 349 394
3498 268 353 379
3499 266 359 375
3500 285 365 350
3501 294 362 344
3502 290 365 345
3503 282 359 359
3504 279 369 352
3505 266 372 362
3506 263 381 356
3507 253 378 369
3508 256 382 362
3509 247 382 371
3510 248 388 364
3511 252 393 355
3512 246 379 375
3513 240 382 378
3514 247 379 374
3515 244 375 381
3516 240 374 386
3517 234 378 388
3518 241 378 381
3519 247 366 387
3520 246 374 380
3521 268 372 360
3522 270 353 377
3523 286 355 359
3524 279 340 381
3525 276 343 381
3526 280 346 374
3527 274 354 372
3528 279 352 369
3529 289 349 362
3530 284 358 358
3531 295 361 344
3532 297 365 338
3533 313 360 327
3534 303 341 356
3535 302 343 355
3536 293 346 361
3537 288 358 354
3538 267 354 379
3539 252 372 376
3540 257 383 360
3541 258 383 359
3542 253 401 346
3543 249 404 347
3544 248 405 347
3545 239 394 367
3546 234 407 359
3547 224 394 382
3548 221 393 386
3549 210 396 394
3550 220 389 391
3551 231 376 393
3552 226 364 410
3553 222 380 398
3554 239 371 390
3555 243 367 390
3556 244 364 392
3557 256 360 384
3558 260 355 385
3559 273 364 363
3560 274 363 363
3561 295 346 359
3562 312 334 354
3563 304 321 375
3564 307 332 361
3565 304 333 363
3566 301 341 358
3567 299 335 366
3568 313 338 349
3569 313 341 346
3570 299 353 348
3571 298 380 322
3572 294 370 336
3573 283 373 344
3574 281 376 343
3575 272 384 344
3576 262 390 348
3577 248 397 355
3578 235 399 366
3579 238 385 377
3580 236 392 372
3581 245 391 364
3582 246 379 375
3583 256 370 374
3584 256 354 390
3585 260 347 393
3586 285 341 374
3587 273 330 397
3588 266 335 399
3589 266 343 391
3590 255 355 390
3591 251 375 374
3592 248 395 357
3593 256 405 339
3594 255 403 342
3595 262 415 323
3596 248 403 349
3597 241 409 350
3598 237 404 359
3599 219 388 393
3600 213 386 401
3601 209 382 409
3602 199 388 413
3603 226 386 388
3604 232 371 397
3605 240 359 401
3606 256 356 388
3607 267 356 377
3608 263 347 390
3609 261 355 384
3610 265 351 384
3611 262 349 389
3612 265 367 368
3613 257 376 367
3614 243 387 370
3615 252 401 347
3616 262 401 337
3617 259 383 358
3618 263 390 347
3619 249 388 363
3620 250 384 366
3621 242 374 384
3622 243 371 386
3623 250 356 394
3624 264 349 387
3625 255 353 392
3626 254 355 391
3627 254 358 388
3628 246 362 392
3629 251 380 369
3630 243 378 379
3631 232 401 367
3632 216 419 365
3633 214 431 355
3634 212 431 357
3635 209 430 361
3636 213 429 358
3637 229 407 364
3638 224 393 383
3639 211 375 414
3640 211 370 419
3641 216 358 426
3642 221 353 426
3643 228 349 423
3644 247 343 410
3645 256 346 398
3646 274 351 375
3647 281 351 368
3648 288 349 363
3649 287 354 359
3650 272 360 368
3651 269 379 352
3652 249 388 363
3653 239 405 356
3654 234 410 356
3655 237 415 348
3656 235 414 351
3657 245 411 344
3658 242 395 363
3659 247 379 374
3660 250 365 385
3661 239 345 416
3662 242 351 407
3663 240 343 417
3664 235 346 419
3665 241 354 405
3666 255 364 381
3667 262 366 372
3668 282 373 345
3669 282 373 345
3670 288 367 345
3671 288 369 343
3672 279 366 355
3673 260 367 373
3674 247 376 377
3675 221 387 392
3676 223 406 371
3677 225 404 371
3678 219 408 373
3679 229 412 359
3680 235 405 360
3681 245 398 357
3682 251 379 370
3683 242 362 396
3684 243 352 405
3685 238 353 409
3686 236 354 410
3687 238 352 410
3688 260 357 383
3689 271 342 387
3690 271 350 379
3691 279 367 354
3692 261 369 370
3693 268 386 346
3694 267 378 355
3695 251 381 368
3696 234 392 374
3697 225 424 351
3698 220 425 355
3699 218 413 369
3700 218 413 369
3701 229 396 375
3702 227 393 380
3703 232 392 376
3704 223 376 401
3705 228 353 419
3706 243 347 410
3707 260 344 396
3708 285 327 388
3709 279 319 402
3710 284 328 388
3711 296 324 380
3712 313 328 359
3713 306 334 360
3714 290 347 363
3715 293 366 341
3716 275 380 345
3717 251 406 343
3718 261 421 318
3719 254 415 331
3720 262 418 320
3721 265 404 331
3722 263 388 349
3723 250 371 379
3724 239 370 391
3725 256 355 389
3726 248 323 429
3727 240 337 423
3728 251 342 407
3729 261 345 394
3730 267 351 382
3731 272 362 366
3732 288 358 354
3733 313 357 330
3734 300 364 336
3735 304 363 333
3736 283 354 363
3737 257 372 371
3738 254 392 354
3739 256 384 360
3740 248 386 366
3741 226 395 379
3742 225 410 365
3743 240 412 348
3744 240 406 354
3745 229 388 383
3746 233 379 388
3747 235 383 382
3748 239 379 382
3749 229 366 405
3750 233 361 406
3751 232 355 413
3752 246 362 392
3753 264 366 370
3754 252 357 391
3755 260 365 375
3756 264 361 375
3757 271 370 359
3758 274 368 358
3759 272 371 357
3760 270 366 364
3761 285 364 351
3762 297 358 345
3763 301 338 361
3764 305 338 357
3765 316 325 359
3766 313 316 371
3767 304 316 380
3768 290 330 380
3769 289 346 365
3770 292 353 355
3771 274 370 356
3772 277 388 335
3773 279 398 323
3774 293 405 302
3775 292 391 317
3776 283 378 339
3777 287 371 342
3778 282 360 358
3779 287 348 365
3780 289 325 386
3781 292 313 395
3782 301 303 396
3783 321 308 371
3784 337 301 362
3785 332 292 376
3786 335 308 357
3787 339 317 344
3788 322 336 342
3789 296 365 339
3790 274 401 325
3791 261 418 321
3792 266 438 296
3793 237 442 321
3794 237 455 308
3795 230 446 324
3796 234 434 332
3797 236 401 363
3798 241 363 396
3799 241 341 418
3800 247 321 432
3801 267 311 422
3802 290 278 432
3803 304 264 432
3804 333 262 405
3805 371 266 363
3806 390 266 344
3807 394 269 337
3808 388 285 327
3809 393 301 306
3810 380 329 291
3811 373 356 271
3812 344 365 291
3813 317 390 293
3814 301 417 282
3815 280 430 290
3816 262 435 303
3817 242 437 321
3818 229 429 342
3819 219 415 366
3820 205 416 379
3821 192 405 403
3822 187 391 422
3823 196 383 421
3824 212 369 419
3825 224 351 425
3826 248 347 405
3827 263 337 400
3828 287 321 392
3829 307 308 385
3830 320 302 378
3831 326 297 377
3832 330 305 365
3833 336 319 345
3834 319 317 364
3835 308 344 348
3836 302 371 327
3837 303 390 307
3838 302 395 303
3839 293 401 306
3840 275 402 323
3841 279 406 315
3842 263 404 333
3843 257 393 350
3844 251 372 377
3845 244 359 397
3846 257 361 382
3847 254 342 404
3848 254 344 402
3849 257 340 403
3850 270 339 391
3851 287 337 376
3852 293 341 366
3853 298 348 354
3854 293 341 366
3855 306 365 329
3856 305 350 345
3857 296 355 349
3858 298 365 337
3859 298 365 337
3860 276 361 363
3861 279 376 345
3862 262 380 358
3863 254 373 373
3864 251 396 353
3865 249 394 357
3866 253 386 361
3867 259 382 359
3868 268 380 352
3869 261 356 383
3870 271 359 370
3871 271 356 373
3872 273 333 394
3873 289 333 378
3874 288 325 387
3875 295 330 375
3876 305 325 370
3877 297 339 364
3878 283 344 373
3879 295 361 344
3880 302 372 326
3881 299 365 336
3882 288 376 336
3883 264 382 354
3884 252 411 337
3885 230 409 361
3886 215 426 359
3887 215 424 361
3888 237 413 350
3889 235 398 367
3890 256 389 355
3891 260 362 378
3892 272 329 399
3893 299 319 382
3894 319 275 406
3895 327 257 416
3896 326 260 414
3897 331 276 393
3898 330 280 390
3899 347 308 345
3900 360 324 316
3901 365 321 314
3902 353 360 287
3903 320 390 290
3904 296 420 284
3905 284 428 288
3906 253 436 311
3907 229 439 332
3908 212 447 341
3909 189 467 344
3910 177 451 372
3911 175 433 392
3912 181 405 414
3913 183 391 426
3914 209 381 410
3915 216 352 432
3916 221 337 442
3917 255 312 433
3918 273 294 433
3919 301 294 405
3920 304 294 402
3921 322 305 373
3922 338 297 365
3923 352 310 338
3924 377 311 312
3925 386 311 303
3926 387 320 293
3927 372 319 309
3928 352 334 314
3929 337 343 320
3930 310 366 324
3931 284 380 336
3932 273 405 322
3933 258 416 326
3934 253 422 325
3935 249 428 323
3936 267 417 316
3937 259 390 351
3938 258 375 367
3939 262 362 376
3940 251 333 416
3941 263 333 404
3942 270 315 415
3943 296 302 402
3944 317 287 396
3945 341 293 366
3946 356 284 360
3947 377 282 341
3948 384 290 326
3949 393 283 324
3950 405 292 303
3951 408 293 299
3952 406 305 289
3953 401 301 298
3954 397 315 288
3955 394 321 285
3956 390 316 294
3957 367 327 306
3958 369 341 290
3959 348 338 314
3960 338 347 315
3961 325 361 314
3962 314 360 326
3963 316 365 319
3964 302 368 330
3965 292 371 337
3966 281 367 352
3967 263 381 356
3968 258 390 352
3969 260 381 359
3970 269 380 351
3971 263 366 371
3972 264 369 367
3973 276 365 359
3974 281 357 362
3975 277 338 385
3976 270 333 397
3977 269 349 382
3978 268 351 381
3979 264 366 370
3980 267 367 366
3981 252 368 380
3982 257 391 352
3983 275 405 320
3984 264 392 344
3985 252 387 361
3986 235 397 368
3987 228 399 373
3988 230 405 365
3989 218 402 380
3990 199 391 410
3991 205 396 399
3992 219 403 378
3993 212 394 394
3994 221 391 388
3995 222 380 398
3996 227 373 400
3997 247 371 382
3998 243 362 395
3999 245 361 394
