p=6.103515625e-05 p_inf=0.1 time series=0,1,9,17
Format is t, #suscepted, #infected, #recovered
0 999 1 0
1 996 1 3
2 992 4 4
3 988 8 4
4 984 12 4
5 979 16 5
6 975 21 4
7 971 25 4
8 967 28 5
9 962 32 6
10 958 34 8
11 954 34 12
12 947 34 19
13 942 37 21
14 939 37 24
15 936 36 28
16 935 36 29
17 934 33 33
18 934 32 34
19 934 32 34
20 932 32 36
21 933 31 36
22 933 30 37
23 936 31 33
24 935 28 37
25 936 32 32
26 935 32 33
27 933 33 34
28 935 35 30
29 929 34 37
30 929 41 30
31 923 40 37
32 915 49 36
33 909 53 38
34 910 59 31
35 906 57 37
36 904 59 37
37 895 62 43
38 896 64 40
39 890 64 46
40 886 61 53
41 886 61 53
42 882 55 63
43 883 61 56
44 881 58 61
45 887 57 56
46 887 49 64
47 892 49 59
48 895 47 58
49 897 44 59
50 889 48 63
51 890 50 60
52 892 52 56
53 895 51 54
54 887 56 57
55 887 64 49
56 891 66 43
57 890 65 45
58 890 62 48
59 886 60 54
60 882 62 56
61 870 67 63
62 866 74 60
63 863 70 67
64 857 71 72
65 857 78 65
66 864 81 55
67 864 76 60
68 864 74 62
69 863 69 68
70 866 63 71
71 863 64 73
72 856 66 78
73 854 66 80
74 853 65 82
75 850 71 79
76 848 76 76
77 857 83 60
78 862 80 58
79 861 74 65
80 864 73 63
81 863 70 67
82 858 72 70
83 854 71 75
84 852 70 78
85 852 65 83
86 849 68 83
87 853 77 70
88 857 74 69
89 854 73 73
90 858 74 68
91 864 71 65
92 870 66 64
93 870 65 65
94 865 62 73
95 869 58 73
96 867 57 76
97 869 60 71
98 870 57 73
99 871 59 70
100 871 63 66
101 877 64 59
102 885 61 54
103 882 57 61
104 883 61 56
105 887 57 56
106 887 56 57
107 886 54 60
108 885 51 64
109 885 51 64
110 886 54 60
111 885 57 58
112 891 54 55
113 887 52 61
114 889 57 54
115 892 57 51
116 889 57 54
117 887 60 53
118 882 59 59
119 882 61 57
120 878 64 58
121 873 70 57
122 860 70 70
123 857 83 60
124 848 86 66
125 843 92 65
126 832 98 70
127 823 107 70
128 816 113 71
129 809 114 77
130 804 121 75
131 795 113 92
132 789 119 92
133 781 119 100
134 780 121 99
135 775 113 112
136 774 112 114
137 765 112 123
138 771 114 115
139 768 116 116
140 768 113 119
141 765 113 122
142 765 114 121
143 759 122 119
144 749 129 122
145 750 139 111
146 740 136 124
147 740 144 116
148 731 147 122
149 725 156 119
150 713 161 126
151 703 165 132
152 695 168 137
153 707 166 127
154 703 157 140
155 699 153 148
156 691 154 155
157 680 153 167
158 675 159 166
159 666 160 174
160 669 166 165
161 655 165 180
162 647 188 165
163 631 200 169
164 630 215 155
165 626 217 157
166 628 215 157
167 630 212 158
168 626 204 170
169 612 209 179
170 606 200 194
171 601 194 205
172 601 184 215
173 599 182 219
174 594 186 220
175 598 194 208
176 587 198 215
177 590 204 206
178 594 210 196
179 599 212 189
180 594 217 189
181 587 224 189
182 572 227 201
183 569 234 197
184 554 233 213
185 540 242 218
186 524 250 226
187 497 264 239
188 489 286 225
189 489 287 224
190 493 284 223
191 493 273 234
192 501 274 225
193 501 257 242
194 501 249 250
195 504 235 261
196 512 210 278
197 512 201 287
198 528 204 268
199 524 199 277
200 535 202 263
201 548 208 244
202 552 203 245
203 573 213 214
204 569 217 214
205 555 230 215
206 545 241 214
207 532 256 212
208 517 266 217
209 511 275 214
210 498 286 216
211 476 289 235
212 463 307 230
213 451 307 242
214 420 308 272
215 410 324 266
216 396 324 280
217 383 329 288
218 379 331 290
219 368 332 300
220 376 325 299
221 379 317 304
222 376 313 311
223 379 300 321
224 374 297 329
225 356 297 347
226 360 313 327
227 368 308 324
228 362 307 331
229 361 321 318
230 374 326 300
231 369 326 305
232 365 334 301
233 363 338 299
234 359 324 317
235 355 333 312
236 331 338 331
237 324 348 328
238 318 350 332
239 312 356 332
240 308 354 338
241 327 354 319
242 327 349 324
243 324 340 336
244 325 338 337
245 330 327 343
246 320 320 360
247 325 324 351
248 330 321 349
249 317 316 367
250 313 334 353
251 314 347 339
252 320 348 332
253 315 353 332
254 313 365 322
255 306 363 331
256 302 373 325
257 286 382 332
258 277 380 343
259 259 376 365
260 251 393 356
261 252 396 352
262 259 383 358
263 260 378 362
264 259 367 374
265 278 359 363
266 282 342 376
267 277 342 381
268 276 330 394
269 296 328 376
270 309 321 370
271 315 313 372
272 318 318 364
273 327 323 350
274 333 331 336
275 354 325 321
276 368 316 316
277 367 304 329
278 368 312 320
279 360 319 321
280 370 322 308
281 366 307 327
282 367 303 330
283 372 308 320
284 371 312 317
285 364 325 311
286 350 324 326
287 346 331 323
288 339 332 329
289 332 354 314
290 326 365 309
291 311 366 323
292 301 377 322
293 310 374 316
294 297 366 337
295 297 372 331
296 288 371 341
297 277 358 365
298 282 358 360
299 280 352 368
300 280 343 377
301 278 346 376
302 277 356 367
303 273 351 376
304 279 356 365
305 277 363 360
306 262 365 373
307 277 386 337
308 285 380 335
309 268 369 363
310 275 376 349
311 280 374 346
312 264 364 372
313 262 373 365
314 256 373 371
315 257 358 385
316 268 363 369
317 279 363 358
318 287 345 368
319 304 339 357
320 317 332 351
321 326 310 364
322 340 301 359
323 329 302 369
324 330 308 362
325 330 307 363
326 330 325 345
327 326 331 343
328 334 342 324
329 336 356 308
330 331 363 306
331 327 367 306
332 316 365 319
333 301 377 322
334 301 374 325
335 298 368 334
336 288 360 352
337 295 356 349
338 304 342 354
339 316 329 355
340 310 319 371
341 321 313 366
342 335 305 360
343 340 297 363
344 344 300 356
345 359 300 341
346 367 299 334
347 372 304 324
348 369 309 322
349 366 318 316
350 369 329 302
351 374 334 292
352 386 326 288
353 379 314 307
354 366 322 312
355 359 330 311
356 366 332 302
357 346 316 338
358 339 325 336
359 343 327 330
360 351 331 318
361 344 335 321
362 347 334 319
363 359 323 318
364 380 309 311
365 377 304 319
366 367 298 335
367 370 306 324
368 349 299 352
369 344 316 340
370 353 322 325
371 350 324 326
372 346 341 313
373 364 350 286
374 363 338 299
375 350 331 319
376 345 351 304
377 337 339 324
378 333 341 326
379 316 343 341
380 298 343 359
381 306 352 342
382 312 356 332
383 300 357 343
384 314 349 337
385 313 347 340
386 312 346 342
387 314 345 341
388 309 343 348
389 295 339 366
390 286 349 365
391 297 357 346
392 292 354 354
393 278 361 361
394 273 376 351
395 267 382 351
396 276 390 334
397 271 385 344
398 265 380 355
399 254 378 368
400 252 392 356
401 255 387 358
402 255 369 376
403 253 363 384
404 260 357 383
405 268 355 377
406 269 352 379
407 267 353 380
408 267 341 392
409 276 346 378
410 281 355 364
411 286 356 358
412 282 357 361
413 284 363 353
414 283 364 353
415 294 364 342
416 271 365 364
417 262 383 355
418 259 383 358
419 256 385 359
420 235 387 378
421 239 402 359
422 239 397 364
423 235 397 368
424 238 400 362
425 256 379 365
426 256 361 383
427 256 359 385
428 259 357 384
429 266 339 395
430 278 337 385
431 277 325 398
432 285 323 392
433 289 336 375
434 296 350 354
435 299 345 356
436 310 344 346
437 285 351 364
438 268 378 354
439 271 407 322
440 262 406 332
441 242 402 356
442 236 408 356
443 231 419 350
444 225 425 350
445 220 424 356
446 204 402 394
447 203 389 408
448 213 391 396
449 232 385 383
450 216 360 424
451 223 365 412
452 229 352 419
453 261 347 392
454 289 337 374
455 291 322 387
456 304 318 378
457 319 311 370
458 304 321 375
459 310 331 359
460 313 338 349
461 301 340 359
462 300 362 338
463 299 378 323
464 297 383 320
465 267 392 341
466 276 412 312
467 267 393 340
468 261 395 344
469 245 399 356
470 229 393 378
471 203 393 404
472 200 414 386
473 206 408 386
474 227 382 391
475 229 380 391
476 223 376 401
477 230 378 392
478 236 377 387
479 230 371 399
480 243 356 401
481 255 349 396
482 261 363 376
483 267 359 374
484 276 357 367
485 283 346 371
486 293 340 367
487 322 336 342
488 313 322 365
489 296 338 366
490 282 341 377
491 268 359 373
492 261 375 364
493 250 393 357
494 244 410 346
495 247 420 333
496 236 431 333
497 236 426 338
498 225 423 352
499 232 416 352
500 227 393 380
501 231 380 389
502 237 359 404
503 225 343 432
504 236 344 420
505 246 338 416
506 258 331 411
507 280 326 394
508 285 327 388
509 301 335 364
510 308 340 352
511 304 349 347
512 308 352 340
513 309 354 337
514 301 360 339
515 305 373 322
516 312 368 320
517 304 353 343
518 297 356 347
519 300 354 346
520 294 348 358
521 294 352 354
522 302 346 352
523 300 325 375
524 325 332 343
525 335 322 343
526 341 309 350
527 351 305 344
528 359 301 340
529 366 289 345
530 392 288 320
531 385 283 332
532 376 283 341
533 387 302 311
534 396 304 300
535 410 299 291
536 420 289 291
537 435 291 274
538 426 277 297
539 426 291 283
540 413 291 296
541 410 285 305
542 413 286 301
543 424 288 288
544 422 287 291
545 421 287 292
546 418 302 280
547 425 291 284
548 430 284 286
549 436 285 279
550 432 278 290
551 421 280 299
552 425 292 283
553 410 288 302
554 422 288 290
555 422 287 291
556 424 294 282
557 416 291 293
558 400 306 294
559 389 320 291
560 375 319 306
561 375 337 288
562 363 337 300
563 352 350 298
564 349 354 297
565 335 360 305
566 328 359 313
567 327 352 321
568 323 354 323
569 330 340 330
570 327 333 340
571 336 323 341
572 342 310 348
573 349 298 353
574 362 292 346
575 373 286 341
576 395 273 332
577 397 265 338
578 392 270 338
579 390 285 325
580 389 300 311
581 395 313 292
582 390 313 297
583 380 324 296
584 356 347 297
585 334 379 287
586 311 396 293
587 287 404 309
588 260 413 327
589 246 427 327
590 226 441 333
591 202 450 348
592 177 451 372
593 171 444 385
594 185 433 382
595 189 411 400
596 199 398 403
597 202 374 424
598 218 357 425
599 227 332 441
600 254 322 424
601 270 302 428
602 296 297 407
603 311 293 396
604 323 291 386
605 326 303 371
606 333 317 350
607 316 335 349
608 311 362 327
609 304 387 309
610 289 399 312
611 282 418 300
612 267 427 306
613 258 430 312
614 243 425 332
615 234 422 344
616 218 404 378
617 215 395 390
618 199 386 415
619 201 383 416
620 223 372 405
621 243 347 410
622 263 332 405
623 290 315 395
624 306 306 388
625 322 299 379
626 323 292 385
627 329 294 377
628 326 299 375
629 312 327 361
630 304 356 340
631 306 381 313
632 297 388 315
633 300 404 296
634 302 408 290
635 282 404 314
636 258 419 323
637 246 415 339
638 243 398 359
639 244 376 380
640 251 368 381
641 235 345 420
642 250 357 393
643 254 346 400
644 267 327 406
645 287 318 395
646 296 315 389
647 301 328 371
648 330 331 339
649 322 325 353
650 323 321 356
651 320 331 349
652 317 353 330
653 308 365 327
654 277 377 346
655 269 395 336
656 253 400 347
657 261 422 317
658 248 418 334
659 234 421 345
660 226 413 361
661 223 409 368
662 230 400 370
663 235 375 390
664 226 365 409
665 228 352 420
666 231 354 415
667 248 348 404
668 258 339 403
669 259 333 408
670 275 341 384
671 272 350 378
672 271 363 366
673 272 377 351
674 269 374 357
675 267 383 350
676 246 394 360
677 236 421 343
678 214 423 363
679 210 436 354
680 202 427 371
681 201 421 378
682 196 425 379
683 202 421 377
684 214 404 382
685 221 365 414
686 241 356 403
687 251 323 426
688 257 322 421
689 255 322 423
690 254 320 426
691 258 325 417
692 285 338 377
693 287 350 363
694 297 357 346
695 287 380 333
696 279 391 330
697 274 399 327
698 260 406 334
699 244 415 341
700 232 418 350
701 224 418 358
702 204 419 377
703 212 416 372
704 216 397 387
705 229 385 386
706 248 365 387
707 267 337 396
708 285 315 400
709 295 297 408
710 309 286 405
711 328 275 397
712 351 275 374
713 371 264 365
714 396 264 340
715 409 267 324
716 403 276 321
717 409 300 291
718 409 305 286
719 396 316 288
720 384 329 287
721 357 352 291
722 347 379 274
723 333 386 281
724 316 391 293
725 307 384 309
726 304 388 308
727 292 380 328
728 266 379 355
729 248 382 370
730 237 373 390
731 234 377 389
732 244 375 381
733 251 372 377
734 259 361 380
735 276 361 363
736 292 345 363
737 308 326 366
738 294 319 387
739 293 329 378
740 282 332 386
741 289 346 365
742 278 350 372
743 273 361 366
744 280 382 338
745 280 394 326
746 278 401 321
747 274 393 333
748 276 394 330
749 279 378 343
750 271 371 358
751 259 368 373
752 261 359 380
753 260 345 395
754 277 339 384
755 277 330 393
756 283 329 388
757 283 339 378
758 296 346 358
759 314 336 350
760 322 327 351
761 333 333 334
762 340 328 332
763 340 330 330
764 337 331 332
765 325 324 351
766 328 329 343
767 326 336 338
768 312 347 341
769 311 355 334
770 291 361 348
771 284 379 337
772 286 385 329
773 285 390 325
774 272 386 342
775 261 392 347
776 254 392 354
777 255 391 354
778 255 384 361
779 256 366 378
780 246 359 395
781 240 364 396
782 238 374 388
783 244 370 386
784 251 364 385
785 257 358 385
786 272 359 369
787 279 362 359
788 274 362 364
789 262 362 376
790 262 364 374
791 263 368 369
792 275 373 352
793 275 367 358
794 288 366 346
795 297 350 353
796 296 341 363
797 304 342 354
798 294 332 374
799 295 338 367
800 297 332 371
801 290 336 374
802 293 344 363
803 297 357 346
804 305 362 333
805 312 353 335
806 324 356 320
807 312 338 350
808 291 356 353
809 258 373 369
810 229 398 373
811 218 414 368
812 225 420 355
813 234 422 344
814 250 410 340
815 245 412 343
816 235 399 366
817 236 392 372
818 235 366 399
819 221 351 428
820 221 359 420
821 230 357 413
822 223 360 417
823 251 365 384
824 264 350 386
825 287 344 369
826 294 347 359
827 294 355 351
828 282 347 371
829 255 361 384
830 244 385 371
831 235 391 374
832 240 415 345
833 247 416 337
834 253 406 341
835 267 392 341
836 273 386 341
837 274 366 360
838 275 341 384
839 255 334 411
840 259 330 411
841 256 325 419
842 265 338 397
843 271 343 386
844 280 343 377
845 306 354 340
846 319 353 328
847 330 347 323
848 338 340 322
849 335 337 328
850 316 327 357
851 308 341 351
852 290 349 361
853 272 356 372
854 265 375 360
855 285 388 327
856 309 375 316
857 323 354 323
858 339 350 311
859 338 320 342
860 346 313 341
861 341 298 361
862 342 284 374
863 341 270 389
864 336 284 380
865 333 310 357
866 348 317 335
867 352 332 316
868 351 335 314
869 360 351 289
870 362 356 282
871 339 368 293
872 293 377 330
873 273 397 330
874 258 410 332
875 261 410 329
876 251 404 345
877 258 398 344
878 263 386 351
879 263 369 368
880 254 360 386
881 253 349 398
882 258 337 405
883 258 332 410
884 264 338 398
885 265 338 397
886 274 349 377
887 281 357 362
888 302 359 339
889 297 349 354
890 288 366 346
891 279 380 341
892 271 383 346
893 252 391 357
894 248 399 353
895 251 395 354
896 253 390 357
897 252 398 350
898 243 382 375
899 251 377 372
900 270 366 364
901 272 339 389
902 268 329 403
903 277 337 386
904 276 333 391
905 295 326 379
906 292 323 385
907 305 331 364
908 315 329 356
909 326 346 328
910 316 345 339
911 300 347 353
912 307 367 326
913 312 367 321
914 311 365 324
915 295 358 347
916 280 376 344
917 261 374 365
918 261 394 345
919 243 392 365
920 243 390 367
921 237 390 373
922 245 398 357
923 242 397 361
924 246 382 372
925 249 380 371
926 245 357 398
927 257 363 380
928 253 353 394
929 252 357 391
930 259 350 391
931 275 344 381
932 264 343 393
933 277 356 367
934 267 366 367
935 270 370 360
936 259 377 364
937 261 384 355
938 259 389 352
939 260 397 343
940 269 397 334
941 261 375 364
942 281 373 346
943 280 349 371
944 274 343 383
945 268 342 390
946 262 343 395
947 255 341 404
948 274 348 378
949 275 351 374
950 277 352 371
951 266 374 360
952 263 391 346
953 260 395 345
954 264 397 339
955 253 395 352
956 249 399 352
957 243 400 357
958 242 405 353
959 240 384 376
960 254 369 377
961 266 351 383
962 278 337 385
963 288 327 385
964 288 313 399
965 297 312 391
966 316 298 386
967 345 300 355
968 354 286 360
969 361 295 344
970 374 302 324
971 383 299 318
972 370 304 326
973 386 318 296
974 366 316 318
975 364 334 302
976 360 350 290
977 347 345 308
978 324 351 325
979 322 377 301
980 305 374 321
981 300 377 323
982 282 384 334
983 267 384 349
984 268 383 349
985 267 387 346
986 246 382 372
987 242 377 381
988 251 384 365
989 248 372 380
990 257 368 375
991 267 359 374
992 264 350 386
993 274 349 377
994 276 344 380
995 250 347 403
996 255 366 379
997 245 373 382
998 244 387 369
999 226 397 377
1000 216 424 360
1001 201 435 364
1002 216 455 329
1003 216 437 347
1004 211 418 371
1005 209 416 375
1006 209 404 387
1007 202 394 404
1008 213 374 413
1009 212 352 436
1010 229 333 438
1011 245 334 421
1012 252 337 411
1013 270 332 398
1014 284 326 390
1015 301 322 377
1016 315 325 360
1017 326 333 341
1018 305 341 354
1019 302 361 337
1020 299 361 340
1021 287 369 344
1022 280 387 333
1023 279 398 323
1024 262 396 342
1025 236 405 359
1026 224 423 353
1027 229 415 356
1028 225 410 365
1029 219 406 375
1030 211 394 395
1031 207 391 402
1032 214 397 389
1033 211 381 408
1034 233 366 401
1035 245 352 403
1036 252 345 403
1037 264 342 394
1038 279 342 379
1039 288 330 382
1040 293 315 392
1041 307 326 367
1042 310 327 363
1043 286 338 376
1044 289 369 342
1045 282 369 349
1046 291 376 333
1047 300 379 321
1048 295 385 320
1049 302 379 319
1050 292 371 337
1051 280 370 350
1052 275 351 374
1053 268 356 376
1054 264 356 380
1055 255 357 388
1056 272 360 368
1057 288 349 363
1058 290 341 369
1059 301 340 359
1060 292 348 360
1061 300 352 348
1062 298 344 358
1063 305 345 350
1064 305 335 360
1065 301 346 353
1066 296 358 346
1067 297 364 339
1068 298 355 347
1069 298 350 352
1070 298 358 344
1071 294 357 349
1072 276 371 353
1073 265 378 357
1074 255 377 368
1075 266 381 353
1076 274 379 347
1077 281 376 343
1078 283 361 356
1079 290 360 350
1080 291 339 370
1081 306 331 363
1082 319 317 364
1083 330 300 370
1084 338 291 371
1085 355 286 359
1086 355 284 361
1087 378 285 337
1088 389 283 328
1089 391 280 329
1090 388 292 320
1091 384 312 304
1092 375 325 300
1093 371 339 290
1094 364 345 291
1095 358 351 291
1096 355 359 286
1097 345 365 290
1098 345 363 292
1099 341 343 316
1100 340 334 326
1101 341 321 338
1102 347 314 339
1103 329 302 369
1104 333 312 355
1105 336 302 362
1106 366 301 333
1107 375 291 334
1108 387 291 322
1109 382 292 326
1110 388 304 308
1111 376 310 314
1112 383 312 305
1113 383 315 302
1114 379 316 305
1115 373 330 297
1116 375 336 289
1117 352 333 315
1118 340 344 316
1119 332 350 318
1120 319 356 325
1121 321 366 313
1122 309 363 328
1123 309 361 330
1124 309 355 336
1125 319 358 323
1126 329 337 334
1127 334 321 345
1128 329 310 361
1129 330 305 365
1130 328 307 365
1131 325 311 364
1132 318 320 362
1133 320 324 356
1134 324 343 333
1135 340 355 305
1136 337 350 313
1137 328 358 314
1138 324 365 311
1139 306 365 329
1140 306 374 320
1141 292 370 338
1142 280 365 355
1143 281 365 354
1144 274 369 357
1145 278 368 354
1146 283 357 360
1147 286 352 362
1148 278 340 382
1149 290 352 358
1150 294 345 361
1151 292 341 367
1152 297 339 364
1153 301 335 364
1154 297 342 361
1155 312 351 337
1156 304 348 348
1157 307 344 349
1158 299 348 353
1159 286 360 354
1160 294 375 331
1161 278 371 351
1162 265 380 355
1163 268 384 348
1164 282 384 334
1165 279 374 347
1166 270 373 357
1167 279 370 351
1168 279 346 375
1169 275 350 375
1170 282 345 373
1171 278 334 388
1172 292 338 370
1173 301 334 365
1174 317 326 357
1175 324 313 363
1176 322 330 348
1177 333 328 339
1178 333 322 345
1179 343 333 324
1180 339 319 342
1181 352 327 321
1182 361 322 317
1183 353 326 321
1184 350 317 333
1185 361 322 317
1186 369 317 314
1187 382 298 320
1188 371 299 330
1189 364 302 334
1190 361 314 325
1191 374 313 313
1192 386 309 305
1193 398 292 310
1194 413 285 302
1195 409 289 302
1196 409 292 299
1197 400 289 311
1198 390 286 324
1199 376 297 327
1200 387 315 298
1201 379 321 300
1202 367 336 297
1203 342 344 314
1204 338 366 296
1205 336 373 291
1206 324 378 298
1207 308 379 313
1208 299 377 324
1209 290 380 330
1210 283 374 343
1211 270 373 357
1212 263 364 373
1213 253 364 383
1214 264 369 367
1215 273 357 370
1216 262 350 388
1217 267 358 375
1218 263 359 378
1219 279 364 357
1220 286 357 357
1221 287 350 363
1222 288 344 368
1223 295 355 350
1224 288 355 357
1225 280 354 366
1226 279 361 360
1227 276 357 367
1228 279 367 354
1229 281 371 348
1230 257 375 368
1231 258 388 354
1232 255 387 358
1233 248 391 361
1234 253 391 356
1235 252 390 358
1236 246 381 373
1237 250 383 367
1238 256 375 369
1239 256 356 388
1240 261 357 382
1241 266 348 386
1242 278 343 379
1243 292 332 376
1244 302 327 371
1245 316 315 369
1246 338 309 353
1247 328 306 366
1248 338 315 347
1249 352 314 334
1250 345 305 350
1251 337 323 340
1252 337 336 327
1253 329 348 323
1254 325 362 313
1255 310 369 321
1256 309 375 316
1257 313 377 310
1258 294 382 324
1259 298 383 319
1260 289 366 345
1261 279 363 358
1262 282 359 359
1263 302 349 349
1264 307 323 370
1265 304 316 380
1266 317 314 369
1267 327 300 373
1268 337 307 356
1269 345 300 355
1270 354 296 350
1271 375 297 328
1272 381 302 317
1273 376 303 321
1274 379 310 311
1275 365 321 314
1276 377 328 295
1277 384 323 293
1278 375 320 305
1279 373 328 299
1280 367 325 308
1281 356 330 314
1282 352 334 314
1283 356 327 317
1284 364 316 320
1285 373 313 314
1286 368 307 325
1287 370 304 326
1288 375 305 320
1289 384 295 321
1290 388 282 330
1291 389 285 326
1292 386 295 319
1293 371 301 328
1294 359 322 319
1295 348 337 315
1296 347 347 306
1297 341 358 301
1298 342 377 281
1299 329 373 298
1300 306 376 318
1301 305 393 302
1302 308 373 319
1303 297 355 348
1304 288 356 356
1305 272 354 374
1306 265 351 384
1307 267 362 371
1308 251 357 392
1309 262 356 382
1310 280 365 355
1311 285 365 350
1312 280 359 361
1313 275 366 359
1314 273 374 353
1315 285 365 350
1316 294 358 348
1317 278 350 372
1318 274 357 369
1319 271 361 368
1320 260 370 370
1321 259 374 367
1322 257 367 376
1323 251 378 371
1324 254 391 355
1325 248 396 356
1326 238 395 367
1327 213 401 386
1328 216 417 367
1329 229 410 361
1330 225 404 371
1331 218 397 385
1332 218 391 391
1333 211 386 403
1334 220 394 386
1335 224 379 397
1336 240 359 401
1337 244 350 406
1338 253 352 395
1339 260 350 390
1340 261 349 390
1341 259 353 388
1342 252 347 401
1343 264 369 367
1344 260 377 363
1345 261 390 349
1346 261 387 352
1347 255 389 356
1348 259 396 345
1349 261 388 351
1350 240 392 368
1351 242 391 367
1352 222 381 397
1353 232 388 380
1354 232 381 387
1355 222 379 399
1356 220 382 398
1357 216 392 392
1358 215 392 393
1359 223 394 383
1360 216 396 388
1361 207 396 397
1362 204 412 384
1363 206 417 377
1364 203 412 385
1365 212 405 383
1366 220 396 384
1367 209 386 405
1368 222 395 383
1369 210 382 408
1370 210 378 412
1371 222 373 405
1372 227 366 407
1373 236 368 396
1374 250 368 382
1375 247 364 389
1376 253 358 389
1377 253 365 382
1378 260 369 371
1379 260 367 373
1380 257 374 369
1381 246 375 379
1382 239 386 375
1383 236 397 367
1384 224 406 370
1385 224 411 365
1386 225 407 368
1387 206 408 386
1388 204 420 376
1389 207 421 372
1390 207 407 386
1391 214 396 390
1392 208 380 412
1393 214 381 405
1394 215 379 406
1395 214 377 409
1396 225 366 409
1397 247 354 399
1398 259 346 395
1399 278 345 377
1400 288 342 370
1401 281 331 388
1402 275 340 385
1403 295 348 357
1404 303 339 358
1405 302 343 355
1406 299 352 349
1407 302 356 342
1408 323 356 321
1409 337 346 317
1410 336 323 341
1411 352 316 332
1412 344 309 347
1413 339 313 348
1414 332 309 359
1415 325 312 363
1416 321 319 360
1417 327 333 340
1418 335 350 315
1419 328 349 323
1420 326 363 311
1421 319 361 320
1422 313 372 315
1423 291 375 334
1424 269 390 341
1425 250 398 352
1426 246 400 354
1427 234 405 361
1428 235 403 362
1429 224 404 372
1430 233 404 363
1431 230 392 378
1432 237 380 383
1433 251 365 384
1434 251 349 400
1435 262 344 394
1436 267 335 398
1437 283 329 388
1438 294 313 393
1439 311 314 375
1440 324 309 367
1441 334 311 355
1442 334 317 349
1443 335 322 343
1444 337 330 333
1445 335 334 331
1446 330 352 318
1447 340 356 304
1448 341 351 308
1449 339 348 313
1450 340 344 316
1451 343 338 319
1452 339 327 334
1453 333 327 340
1454 337 315 348
1455 345 307 348
1456 350 304 346
1457 344 302 354
1458 345 312 343
1459 352 317 331
1460 357 321 322
1461 360 316 324
1462 361 325 314
1463 359 332 309
1464 359 337 304
1465 345 339 316
1466 342 343 315
1467 326 341 333
1468 335 353 312
1469 330 349 321
1470 323 345 332
1471 318 345 337
1472 316 345 339
1473 322 345 333
1474 322 335 343
1475 318 337 345
1476 296 329 375
1477 303 355 342
1478 301 352 347
1479 284 354 362
1480 276 371 353
1481 285 379 336
1482 275 380 345
1483 272 388 340
1484 248 399 353
1485 241 397 362
1486 241 407 352
1487 241 405 354
1488 226 388 386
1489 220 395 385
1490 209 400 391
1491 205 403 392
1492 215 396 389
1493 216 388 396
1494 226 377 397
1495 244 369 387
1496 256 368 376
1497 254 349 397
1498 258 346 396
1499 275 339 386
1500 282 329 389
1501 292 330 378
1502 294 331 375
1503 284 337 379
1504 284 348 368
1505 286 367 347
1506 298 368 334
1507 290 363 347
1508 285 381 334
1509 271 385 344
1510 249 398 353
1511 248 414 338
1512 237 404 359
1513 253 396 351
1514 263 379 358
1515 250 374 376
1516 261 369 370
1517 261 354 385
1518 269 341 390
1519 279 317 404
1520 294 317 389
1521 302 310 388
1522 302 319 379
1523 309 324 367
1524 319 322 359
1525 323 327 350
1526 317 336 347
1527 293 366 341
1528 293 390 317
1529 271 397 332
1530 258 410 332
1531 271 418 311
1532 265 407 328
1533 264 408 328
1534 253 400 347
1535 253 381 366
1536 260 357 383
1537 269 343 388
1538 267 321 412
1539 276 315 409
1540 283 317 400
1541 296 309 395
1542 319 304 377
1543 345 300 355
1544 357 298 345
1545 374 300 326
1546 387 305 308
1547 372 298 330
1548 380 311 309
1549 384 311 305
1550 390 312 298
1551 389 310 301
1552 378 313 309
1553 354 322 324
1554 353 341 306
1555 341 349 310
1556 340 348 312
1557 338 349 313
1558 337 350 313
1559 344 353 303
1560 339 343 318
1561 319 339 342
1562 312 340 348
1563 323 339 338
1564 309 329 362
1565 302 342 356
1566 301 348 351
1567 298 346 356
1568 305 359 336
1569 314 356 330
1570 312 346 342
1571 318 349 333
1572 302 353 345
1573 287 356 357
1574 282 365 353
1575 274 372 354
1576 276 367 357
1577 285 368 347
1578 288 369 343
1579 291 363 346
1580 295 356 349
1581 298 349 353
1582 302 337 361
1583 314 326 360
1584 313 319 368
1585 319 319 362
1586 332 312 356
1587 347 305 348
1588 363 297 340
1589 386 288 326
1590 395 277 328
1591 394 279 327
1592 404 287 309
1593 416 277 307
1594 420 272 308
1595 416 275 309
1596 432 287 281
1597 432 280 288
1598 429 291 280
1599 416 292 292
1600 415 297 288
1601 409 308 283
1602 398 319 283
1603 375 327 298
1604 365 338 297
1605 344 355 301
1606 336 365 299
1607 332 372 296
1608 309 371 320
1609 302 383 315
1610 293 379 328
1611 288 380 332
1612 277 374 349
1613 274 368 358
1614 273 361 366
1615 281 355 364
1616 278 348 374
1617 283 339 378
1618 284 338 378
1619 295 336 369
1620 300 331 369
1621 312 332 356
1622 303 327 370
1623 304 342 354
1624 306 348 346
1625 285 355 360
1626 290 377 333
1627 296 374 330
1628 298 373 329
1629 296 370 334
1630 304 377 319
1631 305 354 341
1632 310 347 343
1633 311 335 354
1634 321 312 367
1635 324 305 371
1636 328 303 369
1637 334 302 364
1638 351 289 360
1639 361 295 344
1640 374 292 334
1641 403 291 306
1642 410 285 305
1643 395 285 320
1644 393 302 305
1645 396 305 299
1646 390 315 295
1647 401 315 284
1648 395 307 298
1649 382 314 304
1650 379 333 288
1651 380 336 284
1652 374 318 308
1653 364 321 315
1654 349 321 330
1655 352 336 312
1656 348 341 311
1657 329 338 333
1658 329 338 333
1659 327 335 338
1660 309 355 336
1661 308 370 322
1662 293 371 336
1663 272 371 357
1664 276 387 337
1665 267 386 347
1666 250 395 355
1667 252 415 333
1668 240 393 367
1669 228 390 382
1670 245 401 354
1671 252 384 364
1672 262 361 377
1673 277 352 371
1674 273 328 399
1675 300 312 388
1676 330 307 363
1677 340 280 380
1678 360 259 381
1679 368 256 376
1680 370 271 359
1681 389 278 333
1682 410 283 307
1683 406 278 316
1684 427 287 286
1685 448 293 259
1686 439 293 268
1687 418 305 277
1688 413 311 276
1689 403 309 288
1690 397 314 289
1691 376 325 299
1692 353 337 310
1693 336 354 310
1694 334 371 295
1695 329 361 310
1696 329 360 311
1697 320 362 318
1698 318 366 316
1699 316 357 327
1700 314 347 339
1701 319 332 349
1702 327 310 363
1703 332 312 356
1704 328 308 364
1705 340 310 350
1706 351 294 355
1707 349 292 359
1708 361 304 335
1709 363 307 330
1710 354 327 319
1711 353 334 313
1712 360 339 301
1713 347 330 323
1714 325 359 316
1715 319 383 298
1716 316 377 307
1717 293 377 330
1718 290 380 330
1719 290 376 334
1720 284 371 345
1721 273 386 341
1722 258 368 374
1723 262 359 379
1724 255 361 384
1725 260 368 372
1726 264 360 376
1727 259 360 381
1728 246 370 384
1729 274 368 358
1730 278 358 364
1731 283 363 354
1732 273 356 371
1733 274 359 367
1734 259 366 375
1735 245 381 374
1736 233 385 382
1737 224 399 377
1738 234 418 348
1739 237 403 360
1740 237 407 356
1741 242 404 354
1742 237 392 371
1743 238 382 380
1744 237 377 386
1745 231 364 405
1746 241 351 408
1747 235 356 409
1748 235 358 407
1749 246 361 393
1750 257 362 381
1751 273 361 366
1752 297 350 353
1753 309 339 352
1754 309 340 351
1755 312 335 353
1756 305 330 365
1757 292 334 374
1758 306 346 348
1759 311 333 356
1760 312 339 349
1761 308 349 343
1762 309 352 339
1763 307 356 337
1764 313 363 324
1765 306 353 341
1766 304 348 348
1767 299 363 338
1768 282 362 356
1769 273 369 358
1770 268 375 357
1771 262 376 362
1772 270 375 355
1773 264 377 359
1774 241 388 371
1775 234 396 370
1776 228 404 368
1777 219 403 378
1778 220 406 374
1779 224 404 372
1780 233 401 366
1781 243 390 367
1782 260 369 371
1783 263 344 393
1784 262 333 405
1785 275 335 390
1786 287 319 394
1787 305 309 386
1788 329 294 377
1789 347 281 372
1790 356 284 360
1791 367 300 333
1792 376 300 324
1793 390 289 321
1794 396 291 313
1795 398 295 307
1796 373 308 319
1797 363 346 291
1798 347 353 300
1799 337 353 310
1800 351 363 286
1801 337 360 303
1802 325 372 303
1803 312 380 308
1804 299 380 321
1805 305 355 340
1806 306 342 352
1807 304 341 355
1808 304 333 363
1809 295 336 369
1810 289 333 378
1811 286 331 383
1812 294 334 372
1813 285 351 364
1814 277 373 350
1815 259 382 359
1816 236 408 356
1817 246 428 326
1818 236 421 343
1819 229 433 338
1820 219 437 344
1821 208 430 362
1822 216 419 365
1823 207 402 391
1824 200 385 415
1825 206 372 422
1826 210 373 417
1827 218 357 425
1828 231 345 424
1829 249 339 412
1830 253 332 415
1831 283 345 372
1832 298 332 370
1833 282 330 388
1834 280 345 375
1835 289 363 348
1836 283 366 351
1837 284 378 338
1838 258 384 358
1839 252 397 351
1840 247 416 337
1841 245 423 332
1842 234 410 356
1843 215 403 382
1844 200 419 381
1845 197 422 381
1846 196 419 385
1847 191 407 402
1848 201 393 406
1849 225 376 399
1850 237 365 398
1851 238 360 402
1852 250 343 407
1853 258 328 414
1854 280 323 397
1855 292 313 395
1856 302 315 383
1857 305 322 373
1858 306 330 364
1859 326 334 340
1860 334 331 335
1861 340 338 322
1862 356 337 307
1863 354 331 315
1864 350 331 319
1865 344 328 328
1866 350 326 324
1867 350 316 334
1868 340 319 341
1869 327 322 351
1870 327 336 337
1871 332 342 326
1872 335 337 328
1873 326 337 337
1874 328 348 324
1875 327 356 317
1876 326 354 320
1877 308 352 340
1878 283 356 361
1879 273 375 352
1880 270 390 340
1881 262 393 345
1882 261 390 349
1883 253 383 364
1884 260 393 347
1885 267 388 345
1886 276 377 347
1887 274 349 377
1888 268 336 396
1889 269 339 392
1890 277 341 382
1891 278 340 382
1892 295 329 376
1893 307 317 376
1894 326 316 358
1895 342 325 333
1896 333 322 345
1897 322 328 350
1898 315 337 348
1899 314 345 341
1900 305 357 338
1901 301 378 321
1902 282 383 335
1903 282 393 325
1904 286 396 318
1905 291 386 323
1906 287 372 341
1907 283 368 349
1908 265 360 375
1909 267 357 376
1910 272 350 378
1911 277 335 388
1912 299 327 374
1913 329 315 356
1914 339 299 362
1915 349 293 358
1916 369 291 340
1917 392 274 334
1918 414 258 328
1919 429 251 320
1920 440 244 316
1921 454 245 301
1922 463 247 290
1923 480 244 276
1924 492 229 279
1925 499 234 267
1926 499 243 258
1927 499 250 251
1928 501 257 242
1929 500 254 246
1930 503 253 244
1931 515 253 232
1932 520 256 224
1933 519 246 235
1934 507 238 255
1935 506 243 251
1936 509 237 254
1937 499 237 264
1938 499 248 253
1939 497 248 255
1940 498 247 255
1941 494 256 250
1942 495 268 237
1943 490 262 248
1944 486 273 241
1945 480 277 243
1946 470 272 258
1947 447 282 271
1948 428 306 266
1949 416 316 268
1950 427 316 257
1951 417 311 272
1952 417 310 273
1953 428 306 266
1954 435 300 265
1955 426 283 291
1956 425 268 307
1957 429 259 312
1958 434 255 311
1959 441 255 304
1960 438 249 313
1961 435 256 309
1962 443 265 292
1963 451 274 275
1964 447 281 272
1965 427 294 279
1966 398 318 284
1967 391 347 262
1968 381 360 259
1969 373 363 264
1970 361 362 277
1971 353 365 282
1972 351 366 283
1973 333 355 312
1974 313 349 338
1975 302 340 358
1976 297 338 365
1977 299 340 361
1978 302 339 359
1979 304 333 363
1980 326 330 344
1981 351 319 330
1982 369 300 331
1983 374 291 335
1984 377 288 335
1985 376 283 341
1986 383 285 332
1987 390 284 326
1988 393 280 327
1989 407 288 305
1990 408 293 299
1991 412 301 287
1992 410 300 290
1993 414 307 279
1994 410 301 289
1995 410 306 284
1996 395 310 295
1997 384 317 299
1998 385 323 292
1999 390 314 296
2000 387 310 303
2001 391 306 303
2002 387 308 305
2003 384 307 309
2004 382 306 312
2005 394 301 305
2006 413 283 304
2007 416 273 311
2008 419 274 307
2009 407 275 318
2010 398 285 317
2011 410 295 295
2012 406 284 310
2013 414 293 293
2014 418 303 279
2015 415 309 276
2016 426 311 263
2017 418 299 283
2018 421 297 282
2019 417 284 299
2020 395 299 306
2021 372 312 316
2022 359 325 316
2023 354 332 314
2024 352 335 313
2025 355 349 296
2026 362 348 290
2027 356 354 290
2028 360 345 295
2029 350 328 322
2030 340 325 335
2031 325 328 347
2032 297 340 363
2033 289 354 357
2034 271 363 366
2035 262 375 363
2036 267 393 340
2037 269 405 326
2038 270 406 324
2039 268 402 330
2040 276 392 332
2041 269 370 361
2042 261 368 371
2043 241 364 395
2044 238 366 396
2045 244 357 399
2046 246 350 404
2047 263 352 385
2048 278 345 377
2049 288 352 360
2050 307 344 349
2051 311 329 360
2052 324 323 353
2053 319 319 362
2054 321 331 348
2055 313 327 360
2056 296 342 362
2057 302 352 346
2058 309 354 337
2059 313 362 325
2060 314 364 322
2061 293 367 340
2062 275 376 349
2063 261 398 341
2064 248 397 355
2065 239 400 361
2066 225 407 368
2067 236 413 351
2068 246 400 354
2069 255 387 358
2070 249 369 382
2071 245 353 402
2072 259 358 383
2073 254 341 405
2074 249 339 412
2075 250 338 412
2076 249 350 401
2077 275 364 361
2078 295 356 349
2079 294 352 354
2080 305 348 347
2081 312 354 334
2082 309 349 342
2083 312 353 335
2084 296 338 366
2085 297 340 363
2086 305 347 348
2087 328 343 329
2088 322 324 354
2089 340 324 336
2090 342 311 347
2091 357 305 338
2092 356 305 339
2093 349 304 347
2094 353 304 343
2095 358 304 338
2096 360 318 322
2097 362 316 322
2098 373 327 300
2099 368 322 310
2100 369 327 304
2101 365 327 308
2102 366 331 303
2103 359 330 311
2104 366 323 311
2105 362 318 320
2106 368 311 321
2107 364 310 326
2108 377 309 314
2109 384 296 320
2110 390 285 325
2111 397 280 323
2112 407 280 313
2113 403 275 322
2114 397 286 317
2115 400 293 307
2116 399 291 310
2117 405 305 290
2118 391 310 299
2119 391 329 280
2120 387 329 284
2121 373 338 289
2122 361 341 298
2123 360 346 294
2124 346 349 305
2125 339 349 312
2126 340 351 309
2127 343 331 326
2128 334 328 338
2129 344 328 328
2130 347 315 338
2131 351 307 342
2132 365 300 335
2133 364 286 350
2134 378 285 337
2135 381 291 328
2136 383 291 326
2137 388 289 323
2138 396 297 307
2139 382 297 321
2140 376 318 306
2141 369 338 293
2142 345 346 309
2143 336 364 300
2144 321 373 306
2145 307 390 303
2146 302 396 302
2147 283 401 316
2148 252 399 349
2149 252 410 338
2150 250 402 348
2151 246 386 368
2152 235 381 384
2153 245 375 380
2154 250 359 391
2155 269 349 382
2156 277 332 391
2157 283 313 404
2158 293 315 392
2159 298 321 381
2160 305 321 374
2161 312 320 368
2162 319 329 352
2163 316 332 352
2164 330 352 318
2165 327 357 316
2166 314 358 328
2167 296 365 339
2168 302 383 315
2169 293 378 329
2170 286 378 336
2171 274 382 344
2172 279 374 347
2173 285 364 351
2174 290 357 353
2175 291 345 364
2176 303 326 371
2177 303 319 378
2178 306 319 375
2179 320 312 368
2180 319 306 375
2181 315 317 368
2182 310 328 362
2183 322 345 333
2184 316 352 332
2185 324 365 311
2186 326 357 317
2187 334 362 304
2188 330 360 310
2189 325 353 322
2190 324 347 329
2191 318 331 351
2192 307 330 363
2193 314 328 358
2194 316 329 355
2195 316 322 362
2196 337 324 339
2197 347 310 343
2198 362 306 332
2199 365 307 328
2200 379 305 316
2201 377 293 330
2202 379 294 327
2203 365 299 336
2204 369 311 320
2205 357 321 322
2206 354 337 309
2207 360 339 301
2208 364 335 301
2209 363 343 294
2210 362 343 295
2211 352 339 309
2212 348 337 315
2213 343 331 326
2214 343 320 337
2215 348 318 334
2216 344 317 339
2217 342 313 345
2218 346 315 339
2219 356 315 329
2220 353 307 340
2221 356 316 328
2222 351 324 325
2223 349 331 320
2224 357 334 309
2225 362 330 308
2226 356 323 321
2227 364 329 307
2228 349 329 322
2229 347 335 318
2230 354 329 317
2231 344 315 341
2232 351 322 327
2233 352 319 329
2234 353 325 322
2235 361 318 321
2236 379 310 311
2237 408 286 306
2238 425 263 312
2239 440 260 300
2240 449 238 313
2241 442 232 326
2242 455 233 312
2243 461 227 312
2244 475 229 296
2245 473 239 288
2246 474 264 262
2247 491 266 243
2248 482 271 247
2249 472 286 242
2250 456 295 249
2251 441 317 242
2252 414 330 256
2253 393 347 260
2254 376 343 281
2255 364 358 278
2256 358 365 277
2257 365 356 279
2258 355 340 305
2259 358 328 314
2260 350 312 338
2261 361 303 336
2262 346 296 358
2263 334 296 370
2264 337 301 362
2265 343 307 350
2266 357 317 326
2267 373 315 312
2268 388 315 297
2269 383 309 308
2270 384 321 295
2271 385 320 295
2272 365 314 321
2273 361 328 311
2274 356 322 322
2275 349 329 322
2276 354 336 310
2277 342 337 321
2278 343 337 320
2279 336 337 327
2280 325 350 325
2281 304 347 349
2282 293 374 333
2283 268 378 354
2284 243 396 361
2285 247 420 333
2286 248 416 336
2287 248 415 337
2288 259 402 339
2289 249 394 357
2290 243 377 380
2291 238 379 383
2292 239 366 395
2293 242 341 417
2294 252 342 406
2295 267 333 400
2296 280 331 389
2297 302 326 372
2298 316 321 363
2299 344 305 351
2300 369 290 341
2301 371 290 339
2302 380 287 333
2303 369 287 344
2304 361 300 339
2305 351 313 336
2306 354 328 318
2307 355 341 304
2308 355 355 290
2309 352 355 293
2310 344 361 295
2311 327 369 304
2312 320 373 307
2313 318 367 315
2314 299 354 347
2315 284 360 356
2316 283 361 356
2317 284 362 354
2318 272 355 373
2319 278 359 363
2320 283 349 368
2321 283 350 367
2322 283 363 354
2323 282 357 361
2324 257 357 386
2325 249 381 370
2326 255 396 349
2327 252 386 362
2328 251 399 350
2329 244 399 357
2330 254 393 353
2331 263 389 348
2332 250 380 370
2333 236 369 395
2334 253 368 379
2335 241 361 398
2336 252 360 388
2337 279 349 372
2338 289 328 383
2339 293 322 385
2340 315 327 358
2341 333 316 351
2342 337 299 364
2343 352 302 346
2344 351 288 361
2345 358 300 342
2346 344 314 342
2347 334 334 332
2348 330 339 331
2349 339 354 307
2350 336 362 302
2351 338 362 300
2352 320 374 306
2353 303 380 317
2354 308 383 309
2355 308 358 334
2356 308 353 339
2357 317 338 345
2358 302 321 377
2359 296 336 368
2360 297 330 373
2361 302 323 375
2362 313 315 372
2363 310 329 361
2364 319 337 344
2365 315 343 342
2366 292 364 344
2367 274 372 354
2368 280 396 324
2369 272 397 331
2370 262 413 325
2371 253 409 338
2372 250 410 340
2373 245 407 348
2374 251 391 358
2375 256 377 367
2376 247 348 405
2377 248 356 396
2378 241 339 420
2379 254 350 396
2380 252 336 412
2381 266 341 393
2382 286 343 371
2383 327 337 336
2384 333 325 342
2385 344 311 345
2386 341 317 342
2387 351 309 340
2388 341 313 346
2389 323 318 359
2390 309 334 357
2391 311 354 335
2392 322 364 314
2393 306 367 327
2394 318 377 305
2395 308 373 319
2396 299 379 322
2397 284 383 333
2398 273 382 345
2399 261 373 366
2400 256 375 369
2401 259 377 364
2402 255 364 381
2403 255 372 373
2404 262 366 372
2405 267 355 378
2406 281 351 368
2407 262 346 392
2408 251 363 386
2409 255 372 373
2410 246 381 373
2411 247 382 371
2412 255 387 358
2413 261 390 349
2414 261 388 351
2415 258 393 349
2416 261 379 360
2417 247 367 386
2418 261 372 367
2419 260 357 383
2420 259 353 388
2421 266 351 383
2422 279 346 375
2423 299 328 373
2424 305 322 373
2425 310 328 362
2426 312 318 370
2427 319 331 350
2428 316 328 356
2429 315 333 352
2430 321 339 340
2431 319 351 330
2432 312 359 329
2433 317 360 323
2434 310 365 325
2435 310 359 331
2436 316 362 322
2437 310 351 339
2438 297 351 352
2439 296 352 352
2440 303 345 352
2441 306 337 357
2442 309 329 362
2443 297 332 371
2444 302 341 357
2445 306 347 347
2446 294 343 363
2447 290 354 356
2448 289 365 346
2449 288 374 338
2450 275 383 342
2451 271 393 336
2452 276 388 336
2453 275 377 348
2454 269 382 349
2455 274 377 349
2456 267 361 372
2457 273 359 368
2458 271 344 385
2459 277 336 387
2460 270 335 395
2461 256 353 391
2462 266 362 372
2463 272 357 371
2464 268 367 365
2465 281 373 346
2466 290 375 335
2467 284 374 342
2468 264 381 355
2469 253 383 364
2470 259 385 356
2471 246 384 370
2472 245 387 368
2473 232 382 386
2474 236 393 371
2475 247 390 363
2476 259 372 369
2477 266 358 376
2478 264 349 387
2479 265 352 383
2480 277 348 375
2481 266 341 393
2482 257 341 402
2483 269 353 378
2484 286 359 355
2485 296 356 348
2486 295 355 350
2487 309 353 338
2488 304 343 353
2489 308 355 337
2490 298 351 351
2491 280 349 371
2492 269 361 370
2493 270 375 355
2494 270 375 355
2495 272 377 351
2496 266 385 349
2497 256 379 365
2498 256 393 351
2499 248 395 357
2500 230 391 379
2501 230 395 375
2502 229 395 376
2503 217 394 389
2504 239 398 363
2505 237 382 381
2506 244 370 386
2507 253 361 386
2508 272 356 372
2509 274 333 393
2510 276 331 393
2511 272 330 398
2512 281 330 389
2513 299 337 364
2514 302 331 367
2515 307 337 356
2516 319 337 344
2517 322 348 330
2518 330 347 323
2519 341 340 319
2520 335 329 336
2521 338 328 334
2522 346 331 323
2523 344 317 339
2524 344 319 337
2525 342 308 350
2526 340 311 349
2527 331 320 349
2528 322 340 338
2529 317 350 333
2530 317 352 331
2531 318 366 316
2532 306 363 331
2533 302 386 312
2534 281 387 332
2535 262 399 339
2536 246 398 356
2537 239 404 357
2538 227 409 364
2539 225 407 368
2540 210 412 378
2541 212 404 384
2542 213 401 386
2543 221 388 391
2544 221 381 398
2545 220 375 405
2546 228 371 401
2547 231 365 404
2548 245 357 398
2549 263 351 386
2550 280 336 384
2551 288 332 380
2552 293 331 376
2553 296 332 372
2554 290 333 377
2555 284 345 371
2556 287 359 354
2557 284 362 354
2558 283 380 337
2559 279 385 336
2560 287 390 323
2561 287 381 332
2562 286 380 334
2563 279 369 352
2564 272 362 366
2565 253 366 381
2566 248 367 385
2567 256 367 377
2568 266 354 380
2569 277 353 370
2570 287 343 370
2571 299 344 357
2572 305 339 356
2573 290 329 381
2574 294 343 363
2575 308 339 353
2576 310 338 352
2577 321 337 342
2578 327 336 337
2579 336 329 335
2580 341 325 334
2581 350 330 320
2582 354 307 339
2583 347 307 346
2584 344 315 341
2585 343 319 338
2586 343 321 336
2587 341 328 331
2588 330 334 336
2589 352 340 308
2590 353 341 306
2591 328 340 332
2592 317 357 326
2593 294 364 342
2594 291 385 324
2595 282 381 337
2596 280 384 336
2597 273 380 347
2598 275 386 339
2599 266 385 349
2600 272 377 351
2601 275 364 361
2602 283 340 377
2603 290 336 374
2604 298 326 376
2605 291 322 387
2606 295 323 382
2607 315 320 365
2608 314 308 378
2609 326 322 352
2610 313 334 353
2611 308 351 341
2612 292 366 342
2613 289 386 325
2614 275 388 337
2615 279 405 316
2616 263 413 324
2617 242 415 343
2618 229 424 347
2619 218 420 362
2620 214 416 370
2621 223 400 377
2622 215 389 396
2623 223 380 397
2624 232 364 404
2625 227 353 420
2626 247 349 404
2627 256 333 411
2628 281 328 391
2629 294 319 387
2630 310 317 373
2631 315 310 375
2632 316 321 363
2633 331 331 338
2634 333 320 347
2635 329 334 337
2636 328 343 329
2637 306 353 341
2638 306 377 317
2639 280 384 336
2640 269 399 332
2641 277 400 323
2642 266 403 331
2643 265 400 335
2644 263 392 345
2645 255 384 361
2646 253 368 379
2647 253 363 384
2648 261 348 391
2649 244 339 417
2650 254 353 393
2651 259 346 395
2652 266 349 385
2653 287 350 363
2654 294 345 361
2655 314 343 343
2656 311 338 351
2657 296 350 354
2658 287 351 362
2659 284 367 349
2660 272 367 361
2661 268 378 354
2662 258 387 355
2663 261 399 340
2664 266 401 333
2665 288 384 328
2666 280 361 359
2667 279 353 368
2668 268 354 378
2669 259 354 387
2670 252 354 394
2671 254 349 397
2672 269 345 386
2673 288 347 365
2674 303 351 346
2675 313 344 343
2676 308 333 359
2677 311 338 351
2678 323 335 342
2679 317 328 355
2680 307 338 355
2681 306 346 348
2682 322 343 335
2683 343 334 323
2684 362 324 314
2685 377 300 323
2686 379 288 333
2687 382 293 325
2688 386 280 334
2689 388 268 344
2690 385 269 346
2691 383 281 336
2692 398 293 309
2693 401 302 297
2694 397 311 292
2695 390 310 300
2696 394 330 276
2697 382 338 280
2698 374 349 277
2699 361 345 294
2700 350 346 304
2701 350 348 302
2702 359 339 302
2703 365 331 304
2704 353 305 342
2705 357 309 334
2706 365 294 341
2707 366 290 344
2708 365 288 347
2709 370 287 343
2710 378 291 331
2711 389 291 320
2712 399 306 295
2713 405 292 303
2714 401 301 298
2715 395 309 296
2716 396 317 287
2717 380 317 303
2718 369 329 302
2719 350 340 310
2720 351 344 305
2721 339 357 304
2722 330 360 310
2723 324 361 315
2724 327 359 314
2725 331 356 313
2726 331 340 329
2727 327 329 344
2728 306 329 365
2729 307 337 356
2730 303 333 364
2731 302 336 362
2732 291 339 370
2733 297 353 350
2734 297 363 340
2735 307 374 319
2736 304 364 332
2737 298 359 343
2738 290 369 341
2739 271 374 355
2740 258 390 352
2741 240 389 371
2742 221 397 382
2743 230 405 365
2744 243 406 351
2745 238 398 364
2746 228 393 379
2747 223 398 379
2748 223 387 390
2749 215 388 397
2750 220 388 392
2751 219 375 406
2752 233 375 392
2753 255 369 376
2754 275 352 373
2755 298 327 375
2756 318 315 367
2757 333 294 373
2758 351 279 370
2759 342 274 384
2760 341 283 376
2761 341 290 369
2762 357 307 336
2763 356 316 328
2764 372 329 299
2765 366 334 300
2766 351 355 294
2767 330 375 295
2768 304 387 309
2769 276 406 318
2770 254 417 329
2771 234 430 336
2772 213 437 350
2773 204 453 343
2774 196 441 363
2775 195 429 376
2776 189 418 393
2777 203 405 392
2778 209 380 411
2779 221 361 418
2780 217 342 441
2781 240 330 430
2782 269 319 412
2783 298 302 400
2784 308 284 408
2785 324 287 389
2786 336 296 368
2787 349 303 348
2788 356 309 335
2789 352 314 334
2790 348 329 323
2791 337 350 313
2792 318 379 303
2793 284 395 321
2794 266 420 314
2795 258 431 311
2796 248 433 319
2797 236 438 326
2798 216 435 349
2799 205 434 361
2800 211 416 373
2801 215 394 391
2802 213 365 422
2803 222 356 422
2804 232 345 423
2805 236 330 434
2806 248 329 423
2807 262 318 420
2808 274 322 404
2809 296 332 372
2810 304 339 357
2811 299 340 361
2812 306 356 338
2813 304 364 332
2814 302 367 331
2815 289 380 331
2816 281 389 330
2817 273 387 340
2818 272 388 340
2819 256 388 356
2820 236 388 376
2821 239 400 361
2822 234 394 372
2823 232 386 382
2824 244 379 377
2825 245 369 386
2826 251 367 382
2827 264 361 375
2828 272 348 380
2829 282 328 390
2830 296 324 380
2831 299 318 383
2832 298 322 380
2833 274 333 393
2834 270 359 371
2835 282 369 349
2836 282 370 348
2837 268 390 342
2838 259 408 333
2839 249 423 328
2840 245 429 326
2841 242 422 336
2842 229 399 372
2843 223 402 375
2844 208 407 385
2845 201 402 397
2846 186 391 423
2847 195 391 414
2848 212 376 412
2849 240 366 394
2850 248 361 391
2851 251 350 399
2852 276 342 382
2853 293 322 385
2854 299 316 385
2855 309 310 381
2856 308 315 377
2857 310 326 364
2858 317 329 354
2859 318 333 349
2860 327 340 333
2861 338 351 311
2862 350 346 304
2863 341 340 319
2864 331 344 325
2865 317 343 340
2866 321 354 325
2867 319 346 335
2868 320 341 339
2869 324 329 347
2870 345 330 325
2871 356 315 329
2872 377 300 323
2873 378 280 342
2874 384 268 348
2875 375 270 355
2876 384 284 332
2877 377 287 336
2878 381 293 326
2879 391 304 305
2880 389 309 302
2881 399 331 270
2882 380 333 287
2883 372 350 278
2884 346 344 310
2885 332 367 301
2886 309 375 316
2887 312 387 301
2888 305 379 316
2889 310 364 326
2890 315 357 328
2891 324 335 341
2892 314 332 354
2893 317 319 364
2894 297 308 395
2895 285 316 399
2896 282 336 382
2897 283 354 363
2898 285 360 355
2899 292 380 328
2900 297 376 327
2901 283 384 333
2902 274 409 317
2903 273 410 317
2904 270 391 339
2905 263 376 361
2906 260 377 363
2907 266 360 374
2908 256 358 386
2909 243 360 397
2910 259 348 393
2911 274 331 395
2912 291 335 374
2913 296 333 371
2914 313 327 360
2915 319 327 354
2916 332 323 345
2917 356 308 336
2918 365 296 339
2919 354 304 342
2920 340 311 349
2921 348 327 325
2922 338 325 337
2923 335 335 330
2924 347 342 311
2925 349 345 306
2926 339 355 306
2927 338 357 305
2928 322 351 327
2929 319 351 330
2930 315 356 329
2931 330 350 320
2932 342 328 330
2933 350 313 337
2934 368 295 337
2935 380 275 345
2936 398 269 333
2937 407 251 342
2938 428 237 335
2939 442 222 336
2940 454 230 316
2941 458 233 309
2942 462 247 291
2943 463 263 274
2944 481 268 251
2945 479 268 253
2946 478 284 238
2947 451 300 249
2948 441 319 240
2949 427 326 247
2950 406 326 268
2951 401 331 268
2952 400 331 269
2953 386 332 282
2954 383 330 287
2955 390 317 293
2956 394 291 315
2957 415 280 305
2958 442 259 299
2959 452 227 321
2960 456 217 327
2961 482 212 306
2962 497 188 315
2963 519 186 295
2964 534 190 276
2965 545 186 269
2966 566 196 238
2967 571 207 222
2968 568 212 220
2969 581 220 199
2970 572 231 197
2971 560 242 198
2972 547 250 203
2973 542 267 191
2974 526 262 212
2975 516 267 217
2976 502 272 226
2977 481 278 241
2978 476 288 236
2979 466 282 252
2980 454 284 262
2981 457 279 264
2982 454 281 265
2983 453 279 268
2984 454 275 271
2985 444 268 288
2986 446 268 286
2987 448 272 280
2988 451 268 281
2989 450 270 280
2990 443 269 288
2991 441 278 281
2992 431 284 285
2993 409 301 290
2994 393 323 284
2995 376 335 289
2996 371 356 273
2997 362 359 279
2998 356 369 275
2999 353 366 281
3000 341 363 296
3001 340 358 302
3002 328 337 335
3003 330 337 333
3004 328 314 358
3005 323 313 364
3006 325 308 367
3007 325 309 366
3008 339 312 349
3009 355 303 342
3010 362 308 330
3011 370 301 329
3012 372 316 312
3013 369 315 316
3014 369 323 308
3015 351 322 327
3016 354 337 309
3017 351 343 306
3018 351 341 308
3019 337 348 315
3020 332 347 321
3021 323 353 324
3022 317 354 329
3023 315 361 324
3024 326 348 326
3025 338 331 331
3026 344 321 335
3027 359 308 333
3028 360 294 346
3029 355 287 358
3030 343 291 366
3031 358 296 346
3032 361 294 345
3033 361 308 331
3034 366 318 316
3035 365 326 309
3036 368 341 291
3037 369 345 286
3038 377 340 283
3039 380 327 293
3040 362 326 312
3041 349 330 321
3042 336 333 331
3043 325 338 337
3044 323 334 343
3045 332 332 336
3046 338 328 334
3047 335 335 330
3048 325 339 336
3049 325 345 330
3050 325 342 333
3051 330 337 333
3052 338 336 326
3053 343 330 327
3054 331 329 340
3055 341 334 325
3056 347 320 333
3057 353 308 339
3058 355 305 340
3059 346 308 346
3060 348 318 334
3061 341 322 337
3062 348 330 322
3063 359 318 323
3064 370 321 309
3065 378 322 300
3066 383 317 300
3067 387 309 304
3068 377 295 328
3069 373 301 326
3070 386 297 317
3071 368 296 336
3072 375 311 314
3073 378 303 319
3074 386 305 309
3075 409 305 286
3076 412 296 292
3077 422 287 291
3078 424 281 295
3079 426 280 294
3080 428 263 309
3081 418 269 313
3082 424 277 299
3083 427 271 302
3084 437 277 286
3085 451 276 273
3086 442 268 290
3087 456 278 266
3088 449 281 270
3089 443 282 275
3090 440 280 280
3091 433 289 278
3092 431 290 279
3093 436 293 271
3094 443 296 261
3095 433 279 288
3096 434 286 280
3097 442 284 274
3098 428 278 294
3099 424 283 293
3100 422 286 292
3101 414 285 301
3102 421 290 289
3103 418 300 282
3104 416 296 288
3105 412 300 288
3106 414 310 276
3107 413 303 284
3108 401 301 298
3109 408 314 278
3110 396 302 302
3111 391 304 305
3112 394 313 293
3113 387 306 307
3114 399 303 298
3115 400 298 302
3116 397 299 304
3117 391 289 320
3118 380 307 313
3119 375 316 309
3120 382 312 306
3121 382 312 306
3122 392 315 293
3123 399 310 291
3124 410 302 288
3125 396 301 303
3126 406 297 297
3127 406 278 316
3128 395 282 323
3129 389 293 318
3130 381 296 323
3131 375 309 316
3132 373 323 304
3133 372 326 302
3134 384 331 285
3135 386 338 276
3136 375 332 293
3137 376 332 292
3138 356 328 316
3139 341 335 324
3140 337 336 327
3141 335 337 328
3142 317 334 349
3143 326 345 329
3144 331 342 327
3145 347 337 316
3146 346 325 329
3147 345 319 336
3148 329 319 352
3149 317 334 349
3150 293 349 358
3151 292 362 346
3152 289 366 345
3153 290 374 336
3154 282 385 333
3155 290 399 311
3156 277 391 332
3157 277 389 334
3158 285 374 341
3159 274 353 373
3160 273 360 367
3161 268 353 379
3162 268 347 385
3163 272 333 395
3164 284 337 379
3165 301 327 372
3166 325 325 350
3167 325 322 353
3168 326 315 359
3169 325 321 354
3170 343 328 329
3171 343 324 333
3172 342 320 338
3173 351 331 318
3174 348 324 328
3175 354 330 316
3176 353 331 316
3177 351 326 323
3178 338 321 341
3179 334 338 328
3180 335 346 319
3181 335 334 331
3182 337 341 322
3183 326 333 341
3184 322 343 335
3185 316 352 332
3186 308 363 329
3187 305 354 341
3188 315 349 336
3189 309 351 340
3190 321 350 329
3191 316 346 338
3192 308 341 351
3193 294 340 366
3194 301 343 356
3195 290 345 365
3196 287 361 352
3197 277 362 361
3198 277 373 350
3199 281 377 342
3200 297 378 325
3201 309 363 328
3202 320 348 332
3203 307 335 358
3204 308 332 360
3205 302 330 368
3206 291 325 384
3207 303 332 365
3208 319 319 362
3209 334 318 348
3210 342 318 340
3211 353 323 324
3212 350 315 335
3213 370 320 310
3214 363 305 332
3215 373 305 322
3216 364 308 328
3217 356 318 326
3218 348 326 326
3219 363 329 308
3220 353 322 325
3221 353 327 320
3222 358 342 300
3223 348 337 315
3224 332 344 324
3225 325 350 325
3226 317 349 334
3227 307 354 339
3228 306 371 323
3229 288 367 345
3230 282 370 348
3231 277 381 342
3232 278 379 343
3233 292 372 336
3234 303 359 338
3235 297 343 360
3236 307 332 361
3237 312 326 362
3238 308 318 374
3239 324 311 365
3240 340 297 363
3241 346 288 366
3242 362 295 343
3243 376 295 329
3244 373 292 335
3245 364 301 335
3246 368 318 314
3247 367 321 312
3248 370 336 294
3249 360 342 298
3250 344 345 311
3251 335 361 304
3252 340 373 287
3253 326 359 315
3254 308 356 336
3255 284 371 345
3256 273 380 347
3257 274 385 341
3258 265 381 354
3259 261 374 365
3260 271 366 363
3261 278 370 352
3262 280 366 354
3263 292 349 359
3264 280 328 392
3265 278 335 387
3266 283 341 376
3267 288 343 369
3268 278 346 376
3269 280 352 368
3270 296 354 350
3271 300 355 345
3272 306 372 322
3273 303 359 338
3274 311 356 333
3275 304 346 350
3276 302 350 348
3277 301 346 353
3278 304 345 351
3279 292 341 367
3280 305 336 359
3281 304 336 360
3282 311 340 349
3283 300 343 357
3284 309 350 341
3285 315 345 340
3286 317 340 343
3287 334 342 324
3288 332 330 338
3289 331 332 337
3290 323 329 348
3291 329 334 337
3292 329 321 350
3293 337 326 337
3294 323 323 354
3295 313 335 352
3296 295 357 348
3297 294 373 333
3298 282 377 341
3299 284 384 332
3300 271 395 334
3301 272 403 325
3302 273 405 322
3303 261 392 347
3304 259 382 359
3305 257 368 375
3306 247 366 387
3307 246 369 385
3308 249 359 392
3309 246 348 406
3310 249 349 402
3311 257 359 384
3312 258 361 381
3313 254 374 372
3314 261 380 359
3315 276 370 354
3316 283 365 352
3317 291 369 340
3318 276 360 364
3319 263 365 372
3320 257 376 367
3321 259 369 372
3322 272 361 367
3323 269 358 373
3324 269 366 365
3325 264 362 374
3326 263 376 361
3327 259 372 369
3328 276 365 359
3329 272 355 373
3330 263 367 370
3331 256 379 365
3332 259 378 363
3333 246 379 375
3334 253 378 369
3335 264 375 361
3336 262 371 367
3337 256 383 361
3338 255 377 368
3339 256 366 378
3340 256 366 378
3341 269 365 366
3342 270 353 377
3343 270 355 375
3344 260 359 381
3345 264 357 379
3346 275 359 366
3347 269 359 372
3348 253 365 382
3349 252 382 366
3350 255 395 350
3351 258 390 352
3352 267 383 350
3353 266 376 358
3354 255 375 370
3355 251 386 363
3356 256 384 360
3357 256 362 382
3358 270 349 381
3359 287 340 373
3360 296 330 374
3361 293 328 379
3362 279 332 389
3363 278 335 387
3364 292 338 370
3365 287 346 367
3366 282 364 354
3367 271 378 351
3368 266 399 335
3369 264 406 330
3370 265 404 331
3371 258 400 342
3372 244 404 352
3373 221 410 369
3374 204 415 381
3375 193 418 389
3376 199 408 393
3377 212 395 393
3378 230 384 386
3379 248 370 382
3380 253 348 399
3381 273 337 390
3382 297 312 391
3383 312 285 403
3384 312 280 408
3385 322 293 385
3386 336 294 370
3387 353 294 353
3388 361 299 340
3389 385 302 313
3390 396 303 301
3391 400 319 281
3392 391 320 289
3393 385 316 299
3394 369 321 310
3395 355 337 308
3396 348 346 306
3397 335 350 315
3398 318 362 320
3399 310 363 327
3400 325 370 305
3401 327 359 314
3402 325 352 323
3403 330 338 332
3404 347 324 329
3405 353 303 344
3406 360 285 355
3407 365 277 358
3408 374 265 361
3409 389 267 344
3410 413 259 328
3411 438 249 313
3412 443 238 319
3413 446 254 300
3414 446 269 285
3415 458 277 265
3416 446 277 277
3417 450 287 263
3418 452 291 257
3419 459 299 242
3420 466 303 231
3421 468 280 252
3422 477 263 260
3423 478 246 276
3424 490 245 265
3425 486 223 291
3426 473 223 304
3427 470 228 302
3428 478 227 295
3429 487 242 271
3430 489 250 261
3431 486 265 249
3432 498 269 233
3433 496 279 225
3434 495 281 224
3435 482 277 241
3436 452 291 257
3437 446 306 248
3438 435 304 261
3439 437 300 263
3440 428 294 278
3441 423 293 284
3442 434 296 270
3443 417 289 294
3444 410 292 298
3445 416 284 300
3446 420 280 300
3447 421 280 299
3448 423 285 292
3449 416 284 300
3450 416 288 296
3451 418 295 287
3452 418 290 292
3453 409 298 293
3454 401 311 288
3455 391 319 290
3456 380 324 296
3457 379 336 285
3458 368 333 299
3459 368 337 295
3460 363 342 295
3461 353 339 308
3462 353 336 311
3463 361 328 311
3464 348 315 337
3465 350 316 334
3466 344 317 339
3467 338 319 343
3468 333 320 347
3469 330 328 342
3470 322 334 344
3471 323 350 327
3472 334 362 304
3473 346 350 304
3474 354 337 309
3475 351 327 322
3476 351 329 320
3477 342 321 337
3478 341 324 335
3479 335 309 356
3480 343 303 354
3481 343 307 350
3482 356 320 324
3483 358 317 325
3484 372 313 315
3485 373 307 320
3486 390 303 307
3487 387 301 312
3488 382 310 308
3489 380 311 309
3490 380 300 320
3491 389 303 308
3492 390 298 312
3493 394 303 303
3494 395 303 302
3495 386 304 310
3496 378 304 318
3497 376 311 313
3498 375 324 301
3499 377 322 301
3500 360 325 315
3501 358 337 305
3502 352 339 309
3503 350 344 306
3504 356 346 298
3505 346 333 321
3506 338 330 332
3507 340 340 320
3508 358 335 307
3509 377 305 318
3510 385 284 331
3511 393 271 336
3512 404 261 335
3513 414 263 323
3514 403 256 341
3515 398 257 345
3516 416 267 317
3517 421 279 300
3518 428 295 277
3519 435 301 264
3520 416 304 280
3521 423 321 256
3522 427 321 252
3523 432 316 252
3524 431 301 268
3525 420 290 290
3526 427 285 288
3527 434 272 294
3528 436 262 302
3529 435 243 322
3530 442 244 314
3531 456 242 302
3532 451 243 306
3533 452 259 289
3534 443 263 294
3535 451 285 264
3536 467 287 246
3537 455 290 255
3538 445 301 254
3539 451 313 236
3540 448 306 246
3541 449 293 258
3542 437 288 275
3543 430 278 292
3544 420 283 297
3545 405 290 305
3546 394 294 312
3547 387 293 320
3548 392 307 301
3549 396 315 289
3550 398 316 286
3551 385 324 291
3552 374 332 294
3553 378 336 286
3554 377 328 295
3555 358 330 312
3556 353 335 312
3557 354 332 314
3558 341 330 329
3559 330 335 335
3560 333 338 329
3561 342 331 327
3562 347 330 323
3563 352 323 325
3564 347 313 340
3565 340 321 339
3566 339 330 331
3567 338 326 336
3568 351 324 325
3569 352 318 330
3570 364 318 318
3571 361 313 326
3572 357 326 317
3573 355 322 323
3574 367 315 318
3575 377 307 316
3576 375 299 326
3577 374 307 319
3578 381 308 311
3579 365 306 329
3580 362 309 329
3581 359 316 325
3582 351 326 323
3583 345 342 313
3584 328 356 316
3585 325 365 310
3586 309 367 324
3587 320 385 295
3588 317 371 312
3589 317 367 316
3590 314 357 329
3591 314 344 342
3592 323 330 347
3593 329 312 359
3594 326 304 370
3595 343 289 368
3596 345 286 369
3597 358 288 354
3598 381 285 334
3599 392 275 333
3600 415 278 307
3601 419 273 308
3602 431 277 292
3603 433 280 287
3604 437 281 282
3605 435 275 290
3606 416 280 304
3607 404 309 287
3608 383 318 299
3609 366 344 290
3610 353 357 290
3611 336 367 297
3612 350 383 267
3613 351 375 274
3614 343 369 288
3615 344 348 308
3616 335 338 327
3617 335 321 344
3618 348 308 344
3619 343 285 372
3620 344 274 382
3621 335 281 384
3622 340 296 364
3623 337 312 351
3624 344 325 331
3625 346 335 319
3626 345 346 309
3627 344 370 286
3628 323 382 295
3629 311 396 293
3630 298 393 309
3631 301 390 309
3632 302 374 324
3633 307 363 330
3634 301 347 352
3635 292 329 379
3636 286 326 388
3637 297 318 385
3638 312 310 378
3639 330 298 372
3640 345 296 359
3641 361 292 347
3642 384 292 324
3643 392 287 321
3644 416 282 302
3645 425 266 309
3646 438 265 297
3647 427 264 309
3648 416 277 307
3649 406 292 302
3650 400 302 298
3651 414 313 273
3652 426 304 270
3653 425 308 267
3654 426 310 264
3655 414 310 276
3656 405 309 286
3657 402 303 295
3658 395 296 309
3659 405 292 303
3660 386 291 323
3661 389 306 305
3662 390 301 309
3663 401 300 299
3664 402 290 308
3665 398 295 307
3666 391 306 303
3667 380 317 303
3668 372 329 299
3669 376 322 302
3670 374 323 303
3671 382 326 292
3672 382 328 290
3673 382 323 295
3674 373 312 315
3675 378 310 312
3676 380 293 327
3677 370 298 332
3678 365 307 328
3679 348 309 343
3680 356 324 320
3681 378 321 301
3682 394 310 296
3683 412 296 292
3684 419 295 286
3685 414 283 303
3686 398 279 323
3687 386 293 321
3688 367 290 343
3689 351 312 337
3690 351 339 310
3691 340 353 307
3692 346 365 289
3693 351 371 278
3694 350 370 280
3695 365 357 278
3696 351 345 304
3697 343 337 320
3698 339 318 343
3699 312 308 380
3700 295 323 382
3701 287 334 379
3702 302 343 355
3703 322 341 337
3704 330 333 337
3705 346 333 321
3706 346 336 318
3707 351 346 303
3708 346 326 328
3709 338 320 342
3710 329 319 352
3711 333 330 337
3712 341 334 325
3713 349 326 325
3714 340 315 345
3715 362 314 324
3716 364 312 324
3717 375 316 309
3718 381 306 313
3719 368 289 343
3720 392 298 310
3721 400 282 318
3722 407 285 308
3723 407 279 314
3724 404 281 315
3725 411 280 309
3726 415 283 302
3727 407 296 297
3728 411 295 294
3729 394 307 299
3730 404 321 275
3731 393 317 290
3732 411 326 263
3733 407 309 284
3734 395 310 295
3735 403 309 288
3736 378 302 320
3737 364 315 321
3738 365 315 320
3739 354 318 328
3740 363 320 317
3741 357 328 315
3742 357 333 310
3743 354 334 312
3744 334 344 322
3745 333 351 316
3746 320 352 328
3747 319 362 319
3748 300 361 339
3749 275 372 353
3750 281 392 327
3751 262 385 353
3752 270 394 336
3753 268 379 353
3754 263 380 357
3755 268 375 357
3756 268 371 361
3757 278 360 362
3758 292 330 378
3759 305 323 372
3760 327 301 372
3761 327 294 379
3762 330 293 377
3763 336 295 369
3764 335 293 372
3765 352 305 343
3766 355 318 327
3767 371 322 307
3768 374 328 298
3769 370 332 298
3770 361 337 302
3771 355 344 301
3772 349 352 299
3773 342 346 312
3774 322 340 338
3775 311 356 333
3776 300 361 339
3777 296 368 336
3778 298 367 335
3779 289 358 353
3780 296 359 345
3781 296 358 346
3782 288 364 348
3783 290 356 354
3784 289 349 362
3785 297 343 360
3786 313 336 351
3787 318 329 353
3788 318 323 359
3789 325 324 351
3790 349 311 340
3791 354 295 351
3792 354 297 349
3793 358 303 339
3794 350 306 344
3795 348 321 331
3796 340 329 331
3797 354 336 310
3798 350 335 315
3799 341 355 304
3800 335 362 303
3801 329 362 309
3802 318 365 317
3803 311 361 328
3804 312 360 328
3805 310 352 338
3806 292 355 353
3807 291 353 356
3808 302 347 351
3809 308 336 356
3810 303 327 370
3811 317 336 347
3812 317 323 360
3813 320 331 349
3814 327 325 348
3815 329 320 351
3816 337 324 339
3817 346 327 327
3818 346 327 327
3819 351 318 331
3820 346 326 328
3821 341 323 336
3822 347 334 319
3823 342 333 325
3824 341 334 325
3825 339 332 329
3826 344 334 322
3827 346 338 316
3828 358 328 314
3829 349 319 332
3830 357 317 326
3831 368 310 322
3832 351 298 351
3833 351 317 332
3834 341 315 344
3835 346 321 333
3836 343 326 331
3837 336 338 326
3838 328 347 325
3839 324 362 314
3840 324 378 298
3841 334 359 307
3842 334 351 315
3843 330 345 325
3844 336 344 320
3845 333 326 341
3846 330 320 350
3847 313 308 379
3848 331 309 360
3849 325 310 365
3850 330 324 346
3851 325 325 350
3852 319 331 350
3853 325 355 320
3854 326 355 319
3855 325 366 309
3856 313 366 321
3857 294 377 329
3858 293 382 325
3859 286 382 332
3860 266 383 351
3861 264 379 357
3862 251 381 368
3863 255 383 362
3864 251 379 370
3865 249 372 379
3866 263 369 368
3867 265 355 380
3868 286 352 362
3869 290 335 375
3870 289 329 382
3871 295 328 377
3872 308 326 366
3873 326 320 354
3874 330 305 365
3875 324 315 361
3876 326 324 350
3877 330 339 331
3878 324 341 335
3879 320 348 332
3880 302 354 344
3881 286 378 336
3882 256 409 335
3883 249 429 322
3884 237 427 336
3885 235 424 341
3886 247 424 329
3887 251 405 344
3888 239 395 366
3889 217 383 400
3890 213 374 413
3891 218 358 424
3892 230 355 415
3893 229 346 425
3894 241 347 412
3895 241 354 405
3896 267 364 369
3897 284 350 366
3898 310 342 348
3899 309 332 359
3900 312 336 352
3901 302 342 356
3902 289 351 360
3903 274 357 369
3904 274 362 364
3905 283 376 341
3906 286 375 339
3907 293 382 325
3908 296 371 333
3909 294 362 344
3910 292 355 353
3911 295 351 354
3912 285 343 372
3913 290 339 371
3914 273 335 392
3915 275 345 380
3916 283 354 363
3917 272 355 373
3918 285 373 342
3919 284 364 352
3920 283 373 344
3921 263 378 359
3922 263 402 335
3923 262 392 346
3924 250 384 366
3925 236 395 369
3926 228 391 381
3927 230 408 362
3928 240 397 363
3929 248 382 370
3930 262 350 388
3931 267 346 387
3932 261 349 390
3933 284 344 372
3934 279 325 396
3935 294 313 393
3936 298 309 393
3937 310 320 370
3938 305 340 355
3939 294 349 357
3940 281 357 362
3941 282 375 343
3942 287 393 320
3943 280 400 320
3944 251 411 338
3945 225 429 346
3946 213 435 352
3947 206 438 356
3948 205 437 358
3949 207 420 373
3950 212 400 388
3951 212 388 400
3952 216 377 407
3953 229 355 416
3954 233 336 431
3955 242 329 429
3956 261 321 418
3957 280 319 401
3958 279 320 401
3959 289 333 378
3960 308 334 358
3961 310 337 353
3962 318 354 328
3963 318 353 329
3964 322 361 317
3965 304 359 337
3966 291 376 333
3967 290 376 334
3968 281 376 343
3969 278 382 340
3970 279 368 353
3971 270 368 362
3972 260 369 371
3973 237 381 382
3974 241 387 372
3975 227 383 390
3976 223 397 380
3977 230 395 375
3978 231 402 367
3979 236 401 363
3980 228 395 377
3981 238 391 371
3982 239 375 386
3983 226 378 396
3984 236 377 387
3985 228 369 403
3986 218 370 412
3987 214 381 405
3988 219 391 390
3989 240 390 370
3990 235 385 380
3991 245 387 368
3992 251 378 371
3993 255 380 365
3994 268 375 357
3995 277 351 372
3996 288 332 380
3997 282 322 396
3998 293 333 374
3999 303 320 377
