p=0.001953125 p_inf=0.1 time series=0,1,9,17
Format is t, #suscepted, #infected, #recovered
0 999 1 0
1 998 1 1
2 996 2 2
3 995 4 1
4 993 5 2
5 988 7 5
6 984 12 4
7 981 16 3
8 978 18 4
9 976 21 3
10 972 22 6
11 967 24 9
12 964 28 8
13 960 29 11
14 956 28 16
15 953 28 19
16 950 29 21
17 949 29 22
18 947 29 24
19 941 29 30
20 940 31 29
21 941 31 28
22 941 31 28
23 940 31 29
24 936 31 33
25 932 35 33
26 929 39 32
27 927 42 31
28 924 42 34
29 922 45 33
30 919 47 34
31 912 50 38
32 902 57 41
33 889 63 48
34 883 72 45
35 880 75 45
36 864 78 58
37 853 91 56
38 845 100 55
39 837 105 58
40 832 106 62
41 828 105 67
42 821 100 79
43 815 104 81
44 812 107 81
45 807 97 96
46 797 93 110
47 793 98 109
48 786 101 113
49 773 109 118
50 766 127 107
51 756 130 114
52 747 137 116
53 742 156 102
54 728 165 107
55 701 174 125
56 692 198 110
57 673 199 128
58 661 200 139
59 650 209 141
60 633 213 154
61 617 211 172
62 606 218 176
63 588 220 192
64 578 214 208
65 578 223 199
66 568 222 210
67 562 223 215
68 561 225 214
69 562 228 210
70 565 220 215
71 580 215 205
72 577 206 217
73 587 200 213
74 583 191 226
75 574 194 232
76 576 201 223
77 573 196 231
78 562 207 231
79 555 223 222
80 547 239 214
81 541 253 206
82 533 268 199
83 530 273 197
84 537 269 194
85 526 267 207
86 527 267 206
87 522 250 228
88 515 239 246
89 509 232 259
90 519 223 258
91 517 208 275
92 505 214 281
93 498 228 274
94 485 235 280
95 473 265 262
96 462 288 250
97 447 306 247
98 433 330 237
99 406 359 235
100 382 380 238
101 376 390 234
102 366 389 245
103 352 369 279
104 340 360 300
105 329 354 317
106 317 341 342
107 319 324 357
108 318 301 381
109 323 292 385
110 346 288 366
111 362 285 353
112 376 278 346
113 382 270 348
114 399 277 324
115 413 277 310
116 417 286 297
117 409 291 300
118 393 303 304
119 393 322 285
120 384 329 287
121 382 346 272
122 376 341 283
123 378 347 275
124 373 336 291
125 360 336 304
126 339 337 324
127 330 339 331
128 322 341 337
129 317 332 351
130 308 342 350
131 310 345 345
132 317 354 329
133 317 347 336
134 329 346 325
135 337 332 331
136 356 322 322
137 366 312 322
138 380 292 328
139 362 275 363
140 355 284 361
141 358 298 344
142 357 296 347
143 366 311 323
144 355 312 333
145 363 333 304
146 347 345 308
147 345 378 277
148 332 371 297
149 333 370 297
150 321 371 308
151 298 368 334
152 272 390 338
153 249 395 356
154 231 406 363
155 244 391 365
156 252 385 363
157 259 378 363
158 279 370 351
159 286 353 361
160 308 324 368
161 307 297 396
162 335 287 378
163 352 274 374
164 376 263 361
165 388 246 366
166 407 242 351
167 433 240 327
168 450 243 307
169 473 253 274
170 481 240 279
171 479 245 276
172 474 258 268
173 463 280 257
174 456 295 249
175 449 304 247
176 444 308 248
177 444 303 253
178 430 316 254
179 410 325 265
180 397 332 271
181 387 323 290
182 374 318 308
183 369 322 309
184 368 323 309
185 358 329 313
186 358 326 316
187 358 317 325
188 359 310 331
189 349 318 333
190 350 333 317
191 344 328 328
192 340 333 327
193 348 331 321
194 353 326 321
195 357 330 313
196 354 333 313
197 345 328 327
198 337 322 341
199 329 335 336
200 323 338 339
201 308 346 346
202 298 366 336
203 290 372 338
204 292 377 331
205 315 380 305
206 293 363 344
207 288 372 340
208 287 374 339
209 269 367 364
210 266 365 369
211 269 362 369
212 283 354 363
213 294 337 369
214 303 343 354
215 307 325 368
216 310 319 371
217 321 323 356
218 326 314 360
219 328 312 360
220 328 318 354
221 313 335 352
222 318 344 338
223 311 357 332
224 309 370 321
225 311 368 321
226 305 375 320
227 296 383 321
228 283 386 331
229 284 382 334
230 292 372 336
231 292 351 357
232 301 338 361
233 308 331 361
234 305 317 378
235 308 312 380
236 307 306 387
237 306 311 383
238 315 322 363
239 306 334 360
240 287 356 357
241 288 382 330
242 273 395 332
243 261 415 324
244 240 433 327
245 242 449 309
246 216 436 348
247 212 450 338
248 202 432 366
249 197 416 387
250 194 408 398
251 198 391 411
252 202 369 429
253 210 349 441
254 214 354 432
255 246 336 418
256 272 322 406
257 282 312 406
258 304 310 386
259 327 305 368
260 341 304 355
261 330 310 360
262 336 316 348
263 325 328 347
264 330 353 317
265 325 358 317
266 324 365 311
267 313 371 316
268 314 383 303
269 322 376 302
270 324 362 314
271 315 348 337
272 312 332 356
273 313 330 357
274 321 322 357
275 324 308 368
276 328 293 379
277 344 296 360
278 347 294 359
279 351 305 344
280 342 317 341
281 333 328 339
282 324 345 331
283 320 368 312
284 309 387 304
285 308 395 297
286 306 398 296
287 311 389 300
288 304 372 324
289 304 368 328
290 303 351 346
291 303 329 368
292 308 310 382
293 298 297 405
294 312 304 384
295 318 299 383
296 331 310 359
297 342 301 357
298 353 307 340
299 356 318 326
300 354 334 312
301 330 349 321
302 314 366 320
303 293 387 320
304 281 397 322
305 259 418 323
306 247 434 319
307 231 435 334
308 221 435 344
309 224 430 346
310 229 410 361
311 236 384 380
312 242 367 391
313 255 340 405
314 263 311 426
315 280 302 418
316 292 285 423
317 313 278 409
318 329 277 394
319 348 287 365
320 359 285 356
321 377 301 322
322 365 312 323
323 357 333 310
324 361 358 281
325 359 361 280
326 332 364 304
327 326 381 293
328 305 389 306
329 288 394 318
330 285 400 315
331 271 382 347
332 273 371 356
333 271 366 363
334 279 365 356
335 284 340 376
336 302 327 371
337 305 304 391
338 327 295 378
339 347 291 362
340 342 282 376
341 343 292 365
342 351 292 357
343 349 309 342
344 357 324 319
345 363 339 298
346 348 342 310
347 351 361 288
348 338 367 295
349 334 370 296
350 315 374 311
351 302 376 322
352 293 374 333
353 286 368 346
354 283 372 345
355 283 356 361
356 296 350 354
357 305 334 361
358 330 321 349
359 345 294 361
360 362 281 357
361 367 270 363
362 389 261 350
363 395 255 350
364 405 255 340
365 416 261 323
366 436 263 301
367 445 270 285
368 443 274 283
369 444 287 269
370 445 295 260
371 440 300 260
372 438 305 257
373 427 301 272
374 405 310 285
375 390 325 285
376 371 336 293
377 353 342 305
378 341 352 307
379 332 359 309
380 325 363 312
381 310 374 316
382 300 380 320
383 303 375 322
384 299 361 340
385 307 359 334
386 309 341 350
387 306 332 362
388 314 331 355
389 315 312 373
390 322 305 373
391 322 303 375
392 326 317 357
393 337 315 348
394 353 322 325
395 363 315 322
396 363 306 331
397 367 325 308
398 362 328 310
399 347 335 318
400 352 336 312
401 338 333 329
402 334 340 326
403 333 351 316
404 327 361 312
405 327 348 325
406 337 345 318
407 352 328 320
408 369 312 319
409 384 298 318
410 381 276 343
411 391 268 341
412 405 248 347
413 410 247 343
414 419 245 336
415 424 253 323
416 431 264 305
417 437 271 292
418 429 287 284
419 426 303 271
420 423 326 251
421 415 330 255
422 405 340 255
423 391 342 267
424 374 345 281
425 362 355 283
426 344 351 305
427 318 353 329
428 298 356 346
429 290 372 338
430 279 370 351
431 274 379 347
432 266 381 353
433 269 379 352
434 271 380 349
435 284 376 340
436 295 360 345
437 314 333 353
438 334 316 350
439 353 287 360
440 370 266 364
441 382 251 367
442 395 238 367
443 411 229 360
444 418 229 353
445 420 249 331
446 428 264 308
447 441 285 274
448 432 293 275
449 435 317 248
450 438 327 235
451 435 333 232
452 413 336 251
453 408 338 254
454 385 328 287
455 366 330 304
456 346 341 313
457 341 337 322
458 347 332 321
459 350 320 330
460 357 314 329
461 353 305 342
462 362 319 319
463 341 308 351
464 339 318 343
465 323 324 353
466 318 345 337
467 308 362 330
468 315 378 307
469 321 380 299
470 325 360 315
471 330 367 303
472 330 352 318
473 332 346 322
474 310 323 367
475 289 328 383
476 266 333 401
477 266 354 380
478 233 374 393
479 244 400 356
480 254 404 342
481 266 400 334
482 264 411 325
483 275 408 317
484 282 392 326
485 263 364 373
486 266 363 371
487 257 334 409
488 259 339 402
489 254 341 405
490 261 335 404
491 278 331 391
492 297 330 373
493 313 339 348
494 341 324 335
495 337 325 338
496 339 324 337
497 335 320 345
498 346 330 324
499 341 323 336
500 332 329 339
501 335 329 336
502 330 341 329
503 334 345 321
504 339 342 319
505 329 341 330
506 332 341 327
507 329 345 326
508 326 342 332
509 320 345 335
510 315 339 346
511 315 340 345
512 311 343 346
513 310 348 342
514 314 349 337
515 326 341 333
516 330 332 338
517 333 325 342
518 337 328 335
519 340 323 337
520 319 317 364
521 329 333 338
522 321 322 357
523 311 338 351
524 304 357 339
525 304 371 325
526 299 368 333
527 308 378 314
528 305 375 320
529 302 362 336
530 282 376 342
531 267 380 353
532 252 376 372
533 246 377 377
534 232 386 382
535 225 390 385
536 241 400 359
537 239 397 364
538 238 385 377
539 247 382 371
540 250 377 373
541 245 373 382
542 246 369 385
543 237 364 399
544 249 363 388
545 259 354 387
546 280 356 364
547 284 338 378
548 307 339 354
549 323 320 357
550 349 308 343
551 367 287 346
552 386 270 344
553 393 260 347
554 421 251 328
555 426 241 333
556 435 235 330
557 436 245 319
558 444 256 300
559 436 269 295
560 409 294 297
561 384 331 285
562 351 365 284
563 332 408 260
564 317 433 250
565 300 438 262
566 284 444 272
567 262 447 291
568 254 444 302
569 251 415 334
570 235 384 381
571 225 357 418
572 229 342 429
573 239 333 428
574 238 317 445
575 251 315 434
576 271 305 424
577 303 314 383
578 336 313 351
579 360 307 333
580 363 298 339
581 355 304 341
582 346 328 326
583 348 339 313
584 326 347 327
585 319 360 321
586 303 368 329
587 285 390 325
588 265 417 318
589 253 431 316
590 247 419 334
591 241 414 345
592 238 412 350
593 235 402 363
594 237 397 366
595 231 373 396
596 244 352 404
597 274 325 401
598 300 307 393
599 317 286 397
600 334 271 395
601 334 264 402
602 345 269 386
603 360 282 358
604 373 288 339
605 376 302 322
606 386 317 297
607 387 328 285
608 381 342 277
609 364 355 281
610 353 367 280
611 356 365 279
612 344 356 300
613 321 354 325
614 290 362 348
615 288 382 330
616 278 370 352
617 270 367 363
618 262 363 375
619 270 373 357
620 278 374 348
621 285 368 347
622 267 353 380
623 278 351 371
624 285 352 363
625 284 348 368
626 281 353 366
627 277 346 377
628 278 349 373
629 289 354 357
630 297 358 345
631 292 352 356
632 294 356 350
633 299 358 343
634 308 348 344
635 308 346 346
636 300 343 357
637 292 346 362
638 294 350 356
639 294 354 352
640 290 350 360
641 298 352 350
642 286 354 360
643 291 368 341
644 288 366 346
645 287 366 347
646 293 363 344
647 298 353 349
648 296 352 352
649 298 352 350
650 300 348 352
651 297 332 371
652 301 337 362
653 311 333 356
654 322 326 352
655 311 325 364
656 311 337 352
657 304 337 359
658 323 348 329
659 319 345 336
660 326 344 330
661 323 341 336
662 318 351 331
663 320 357 323
664 326 343 331
665 335 337 328
666 337 317 346
667 342 318 340
668 353 314 333
669 350 306 344
670 360 299 341
671 362 283 355
672 360 295 345
673 371 303 326
674 367 312 321
675 360 315 325
676 354 326 320
677 350 340 310
678 364 351 285
679 363 353 284
680 371 342 287
681 367 326 307
682 373 321 306
683 372 312 316
684 350 302 348
685 333 310 357
686 320 316 364
687 321 327 352
688 326 337 337
689 326 348 326
690 327 353 320
691 334 361 305
692 338 364 298
693 341 352 307
694 335 343 322
695 333 338 329
696 318 330 352
697 323 334 343
698 312 324 364
699 317 327 356
700 329 319 352
701 343 319 338
702 359 314 327
703 361 303 336
704 376 309 315
705 391 290 319
706 399 285 316
707 404 274 322
708 402 277 321
709 407 279 314
710 399 279 322
711 388 298 314
712 398 303 299
713 385 312 303
714 379 330 291
715 350 347 303
716 331 373 296
717 307 390 303
718 278 414 308
719 271 424 305
720 262 426 312
721 248 426 326
722 249 422 329
723 258 404 338
724 269 369 362
725 273 341 386
726 285 313 402
727 299 291 410
728 296 275 429
729 302 278 420
730 311 276 413
731 337 285 378
732 351 294 355
733 377 308 315
734 401 310 289
735 423 308 269
736 415 302 283
737 418 307 275
738 415 306 279
739 397 300 303
740 368 309 323
741 341 324 335
742 320 349 331
743 306 372 322
744 308 392 300
745 307 385 308
746 293 387 320
747 282 407 311
748 292 409 299
749 299 384 317
750 293 352 355
751 281 335 384
752 296 327 377
753 303 319 378
754 296 310 394
755 296 297 407
756 324 295 381
757 348 292 360
758 356 300 344
759 355 309 336
760 345 318 337
761 334 336 330
762 323 356 321
763 329 380 291
764 318 376 306
765 308 390 302
766 299 392 309
767 300 392 308
768 302 382 316
769 289 362 349
770 292 355 353
771 287 328 385
772 251 337 412
773 233 359 408
774 239 375 386
775 253 369 378
776 261 365 374
777 266 377 357
778 295 379 326
779 289 377 334
780 290 374 336
781 282 351 367
782 295 343 362
783 300 336 364
784 279 335 386
785 276 344 380
786 266 345 389
787 270 357 373
788 304 356 340
789 314 345 341
790 302 343 355
791 298 362 340
792 289 367 344
793 292 367 341
794 273 363 364
795 267 370 363
796 270 377 353
797 278 385 337
798 278 379 343
799 273 360 367
800 275 360 365
801 261 358 381
802 261 376 363
803 267 369 364
804 254 356 390
805 252 361 387
806 263 369 368
807 248 377 375
808 257 392 351
809 248 385 367
810 260 376 364
811 269 371 360
812 258 375 367
813 257 381 362
814 239 374 387
815 235 384 381
816 247 373 380
817 272 368 360
818 270 352 378
819 264 359 377
820 265 361 374
821 268 354 378
822 261 358 381
823 264 355 381
824 258 363 379
825 254 374 372
826 245 394 361
827 245 396 359
828 254 394 352
829 249 392 359
830 252 393 355
831 261 393 346
832 253 376 371
833 246 373 381
834 251 360 389
835 258 353 389
836 259 348 393
837 263 349 388
838 271 344 385
839 275 336 389
840 289 349 362
841 293 338 369
842 295 347 358
843 292 352 356
844 284 360 356
845 285 367 348
846 274 371 355
847 251 390 359
848 245 400 355
849 241 417 342
850 241 412 347
851 241 407 352
852 252 399 349
853 250 381 369
854 248 379 373
855 247 362 391
856 233 353 414
857 244 350 406
858 247 344 409
859 258 346 396
860 264 343 393
861 259 355 386
862 270 362 368
863 282 368 350
864 279 365 356
865 277 371 352
866 271 379 350
867 255 383 362
868 234 402 364
869 224 411 365
870 208 414 378
871 222 424 354
872 214 413 373
873 214 415 371
874 219 407 374
875 221 398 381
876 237 377 386
877 241 352 407
878 248 345 407
879 257 328 415
880 256 330 414
881 259 329 412
882 267 334 399
883 283 335 382
884 296 340 364
885 304 352 344
886 320 351 329
887 309 352 339
888 327 361 312
889 320 344 336
890 314 346 340
891 303 351 346
892 290 357 353
893 280 358 362
894 267 369 364
895 249 381 370
896 263 390 347
897 263 393 344
898 260 391 349
899 254 389 357
900 238 389 373
901 234 404 362
902 229 397 374
903 224 390 386
904 220 386 394
905 217 387 396
906 226 392 382
907 227 385 388
908 216 384 400
909 232 380 388
910 239 371 390
911 235 371 394
912 225 379 396
913 224 388 388
914 219 384 397
915 227 396 377
916 247 389 364
917 250 373 377
918 262 379 359
919 276 367 357
920 279 345 376
921 285 333 382
922 277 331 392
923 282 327 391
924 297 329 374
925 287 330 383
926 287 334 379
927 301 346 353
928 308 354 338
929 313 359 328
930 320 356 324
931 309 353 338
932 293 362 345
933 287 377 336
934 273 379 348
935 261 381 358
936 248 385 367
937 242 393 365
938 246 402 352
939 248 401 351
940 247 390 363
941 254 376 370
942 270 367 363
943 276 349 375
944 275 339 386
945 282 332 386
946 292 316 392
947 302 307 391
948 315 308 377
949 316 309 375
950 318 317 365
951 332 333 335
952 348 329 323
953 354 320 326
954 347 330 323
955 342 346 312
956 330 350 320
957 335 361 304
958 334 348 318
959 333 333 334
960 341 338 321
961 335 339 326
962 333 335 332
963 347 321 332
964 348 303 349
965 347 291 362
966 337 305 358
967 329 330 341
968 317 333 350
969 317 344 339
970 321 348 331
971 328 358 314
972 339 369 292
973 337 370 293
974 326 358 316
975 318 344 338
976 313 349 338
977 317 343 340
978 314 335 351
979 297 328 375
980 291 334 375
981 321 339 340
982 339 321 340
983 340 317 343
984 353 311 336
985 368 304 328
986 369 297 334
987 365 303 332
988 373 301 326
989 361 288 351
990 360 318 322
991 357 323 320
992 344 332 324
993 347 352 301
994 356 356 288
995 359 341 300
996 361 340 299
997 334 351 315
998 338 348 314
999 326 339 335
1000 313 342 345
1001 288 335 377
1002 290 356 354
1003 271 369 360
1004 261 389 350
1005 245 388 367
1006 242 407 351
1007 254 419 327
1008 267 404 329
1009 253 398 349
1010 237 391 372
1011 241 394 365
1012 247 370 383
1013 264 365 371
1014 258 329 413
1015 272 323 405
1016 275 324 401
1017 301 327 372
1018 310 308 382
1019 334 296 370
1020 337 296 367
1021 358 298 344
1022 354 313 333
1023 339 323 338
1024 335 337 328
1025 333 338 329
1026 326 359 315
1027 307 378 315
1028 294 397 309
1029 272 408 320
1030 267 415 318
1031 251 410 339
1032 252 412 336
1033 233 410 357
1034 228 408 364
1035 233 394 373
1036 235 370 395
1037 252 357 391
1038 280 333 387
1039 309 310 381
1040 307 279 414
1041 317 283 400
1042 342 275 383
1043 362 264 374
1044 380 268 352
1045 384 263 353
1046 384 283 333
1047 400 306 294
1048 390 321 289
1049 376 327 297
1050 368 349 283
1051 350 368 282
1052 348 382 270
1053 330 389 281
1054 308 387 305
1055 275 386 339
1056 268 404 328
1057 254 405 341
1058 245 397 358
1059 232 387 381
1060 232 386 382
1061 235 379 386
1062 255 378 367
1063 256 359 385
1064 280 340 380
1065 303 315 382
1066 319 300 381
1067 321 294 385
1068 314 293 393
1069 308 307 385
1070 303 314 383
1071 307 338 355
1072 310 353 337
1073 322 375 303
1074 309 378 313
1075 325 397 278
1076 309 382 309
1077 317 384 299
1078 309 369 322
1079 305 353 342
1080 293 342 365
1081 277 332 391
1082 265 345 390
1083 267 338 395
1084 287 351 362
1085 298 329 373
1086 305 333 362
1087 315 342 343
1088 323 343 334
1089 321 345 334
1090 324 334 342
1091 310 338 352
1092 302 339 359
1093 286 369 345
1094 276 381 343
1095 270 382 348
1096 258 387 355
1097 265 397 338
1098 264 401 335
1099 273 398 329
1100 255 388 357
1101 254 376 370
1102 260 365 375
1103 259 358 383
1104 258 354 388
1105 266 345 389
1106 266 333 401
1107 275 336 389
1108 285 337 378
1109 301 339 360
1110 310 334 356
1111 307 332 361
1112 316 339 345
1113 316 339 345
1114 309 351 340
1115 298 355 347
1116 288 365 347
1117 264 373 363
1118 258 402 340
1119 258 410 332
1120 262 403 335
1121 261 399 340
1122 265 388 347
1123 264 380 356
1124 265 371 364
1125 251 362 387
1126 236 347 417
1127 250 354 396
1128 250 347 403
1129 267 351 382
1130 268 345 387
1131 269 352 379
1132 279 360 361
1133 304 359 337
1134 302 349 349
1135 295 344 361
1136 288 358 354
1137 277 361 362
1138 281 378 341
1139 273 367 360
1140 278 367 355
1141 283 363 354
1142 285 368 347
1143 272 371 357
1144 281 370 349
1145 260 358 382
1146 271 362 367
1147 276 362 362
1148 280 357 363
1149 277 357 366
1150 276 355 369
1151 281 353 366
1152 279 349 372
1153 269 363 368
1154 270 369 361
1155 270 368 362
1156 259 373 368
1157 250 384 366
1158 263 395 342
1159 265 384 351
1160 258 386 356
1161 259 379 362
1162 250 372 378
1163 237 382 381
1164 234 390 376
1165 232 382 386
1166 238 373 389
1167 231 378 391
1168 232 383 385
1169 243 389 368
1170 236 385 379
1171 245 382 373
1172 253 365 382
1173 265 365 370
1174 249 362 389
1175 249 373 378
1176 244 368 388
1177 249 367 384
1178 247 366 387
1179 254 371 375
1180 245 381 374
1181 245 390 365
1182 228 393 379
1183 230 399 371
1184 229 402 369
1185 211 404 385
1186 209 423 368
1187 205 420 375
1188 196 414 390
1189 203 414 383
1190 221 404 375
1191 235 380 385
1192 246 363 391
1193 254 350 396
1194 273 323 404
1195 286 307 407
1196 298 300 402
1197 301 288 411
1198 319 295 386
1199 322 301 377
1200 326 315 359
1201 332 324 344
1202 335 345 320
1203 322 358 320
1204 314 378 308
1205 292 398 310
1206 286 413 301
1207 266 413 321
1208 251 419 330
1209 236 425 339
1210 212 419 369
1211 201 430 369
1212 202 421 377
1213 200 400 400
1214 193 387 420
1215 207 394 399
1216 215 374 411
1217 230 360 410
1218 243 351 406
1219 263 327 410
1220 286 316 398
1221 305 314 381
1222 296 308 396
1223 306 310 384
1224 319 320 361
1225 318 321 361
1226 320 331 349
1227 314 353 333
1228 315 370 315
1229 311 371 318
1230 302 381 317
1231 280 388 332
1232 262 400 338
1233 254 417 329
1234 242 415 343
1235 223 405 372
1236 217 407 376
1237 213 412 375
1238 228 406 366
1239 235 384 381
1240 227 365 408
1241 243 356 401
1242 268 342 390
1243 289 327 384
1244 293 304 403
1245 307 295 398
1246 330 287 383
1247 351 286 363
1248 359 284 357
1249 356 285 359
1250 347 302 351
1251 353 326 321
1252 350 343 307
1253 334 355 311
1254 303 379 318
1255 284 411 305
1256 272 432 296
1257 256 443 301
1258 227 442 331
1259 209 447 344
1260 187 448 365
1261 182 458 360
1262 176 439 385
1263 167 413 420
1264 176 401 423
1265 198 381 421
1266 210 360 430
1267 213 343 444
1268 223 339 438
1269 243 319 438
1270 272 318 410
1271 278 315 407
1272 281 321 398
1273 280 338 382
1274 277 360 363
1275 274 380 346
1276 278 387 335
1277 259 403 338
1278 245 423 332
1279 236 440 324
1280 230 443 327
1281 216 432 352
1282 216 424 360
1283 219 404 377
1284 217 394 389
1285 218 380 402
1286 206 359 435
1287 222 354 424
1288 242 335 423
1289 263 326 411
1290 287 313 400
1291 299 309 392
1292 320 307 373
1293 338 300 362
1294 334 303 363
1295 327 312 361
1296 314 338 348
1297 316 360 324
1298 289 371 340
1299 273 402 325
1300 240 420 340
1301 225 460 315
1302 227 472 301
1303 212 461 327
1304 211 450 339
1305 205 429 366
1306 196 424 380
1307 191 402 407
1308 178 389 433
1309 183 362 455
1310 212 345 443
1311 233 327 440
1312 247 317 436
1313 256 324 420
1314 281 320 399
1315 299 317 384
1316 325 312 363
1317 324 313 363
1318 317 331 352
1319 322 356 322
1320 309 361 330
1321 292 367 341
1322 280 388 332
1323 264 403 333
1324 265 424 311
1325 250 422 328
1326 249 419 332
1327 249 395 356
1328 254 390 356
1329 253 379 368
1330 254 359 387
1331 254 343 403
1332 259 322 419
1333 262 319 419
1334 261 319 420
1335 258 344 398
1336 268 352 380
1337 278 353 369
1338 294 363 343
1339 306 363 331
1340 302 372 326
1341 306 379 315
1342 279 375 346
1343 275 377 348
1344 265 373 362
1345 254 382 364
1346 252 383 365
1347 247 385 368
1348 241 381 378
1349 248 380 372
1350 265 377 358
1351 276 358 366
1352 269 351 380
1353 275 349 376
1354 272 342 386
1355 274 343 383
1356 279 345 376
1357 295 341 364
1358 297 328 375
1359 297 345 358
1360 298 352 350
1361 300 353 347
1362 302 358 340
1363 305 355 340
1364 318 350 332
1365 322 341 337
1366 314 350 336
1367 313 341 346
1368 319 335 346
1369 313 328 359
1370 318 329 353
1371 325 327 348
1372 315 325 360
1373 297 344 359
1374 304 353 343
1375 297 355 348
1376 283 368 349
1377 292 389 319
1378 293 379 328
1379 298 380 322
1380 284 377 339
1381 281 372 347
1382 287 366 347
1383 283 358 359
1384 279 349 372
1385 287 332 381
1386 292 334 374
1387 298 328 374
1388 311 325 364
1389 337 317 346
1390 347 297 356
1391 357 295 348
1392 375 294 331
1393 354 293 353
1394 337 312 351
1395 323 335 342
1396 312 352 336
1397 314 371 315
1398 313 389 298
1399 312 392 296
1400 300 394 306
1401 296 407 297
1402 280 392 328
1403 270 385 345
1404 272 378 350
1405 261 357 382
1406 260 350 390
1407 275 348 377
1408 280 331 389
1409 308 313 379
1410 329 300 371
1411 343 286 371
1412 333 279 388
1413 326 310 364
1414 323 324 353
1415 325 329 346
1416 327 344 329
1417 325 360 315
1418 316 375 309
1419 302 398 300
1420 284 419 297
1421 268 406 326
1422 265 408 327
1423 246 406 348
1424 245 410 345
1425 228 395 377
1426 220 397 383
1427 226 382 392
1428 254 355 391
1429 258 340 402
1430 255 334 411
1431 258 339 403
1432 263 332 405
1433 258 342 400
1434 279 345 376
1435 294 339 367
1436 307 351 342
1437 326 353 321
1438 326 340 334
1439 335 335 330
1440 333 333 334
1441 342 325 333
1442 347 313 340
1443 338 314 348
1444 339 311 350
1445 348 308 344
1446 350 312 338
1447 351 315 334
1448 356 316 328
1449 370 319 311
1450 373 317 310
1451 373 313 314
1452 379 316 305
1453 368 313 319
1454 369 320 311
1455 365 316 319
1456 375 319 306
1457 380 306 314
1458 377 303 320
1459 374 310 316
1460 385 310 305
1461 391 302 307
1462 408 289 303
1463 416 276 308
1464 417 265 318
1465 414 277 309
1466 409 283 308
1467 407 281 312
1468 406 283 311
1469 408 292 300
1470 396 303 301
1471 395 328 277
1472 374 340 286
1473 361 349 290
1474 370 356 274
1475 371 349 280
1476 354 346 300
1477 346 354 300
1478 330 351 319
1479 319 342 339
1480 328 341 331
1481 323 323 354
1482 323 321 356
1483 324 328 348
1484 321 330 349
1485 333 325 342
1486 357 316 327
1487 366 301 333
1488 386 293 321
1489 396 291 313
1490 393 283 324
1491 403 279 318
1492 415 267 318
1493 420 260 320
1494 420 264 316
1495 414 279 307
1496 406 293 301
1497 392 303 305
1498 389 325 286
1499 382 332 286
1500 362 351 287
1501 334 378 288
1502 307 402 291
1503 285 414 301
1504 271 422 307
1505 260 426 314
1506 253 415 332
1507 229 415 356
1508 220 420 360
1509 214 402 384
1510 219 384 397
1511 229 367 404
1512 238 349 413
1513 259 336 405
1514 274 326 400
1515 285 311 404
1516 308 295 397
1517 329 290 381
1518 355 287 358
1519 369 278 353
1520 375 282 343
1521 373 289 338
1522 378 301 321
1523 391 311 298
1524 396 314 290
1525 391 314 295
1526 390 322 288
1527 377 332 291
1528 365 341 294
1529 366 346 288
1530 354 333 313
1531 363 335 302
1532 361 323 316
1533 370 325 305
1534 364 308 328
1535 375 304 321
1536 379 284 337
1537 384 275 341
1538 380 283 337
1539 383 285 332
1540 378 294 328
1541 381 297 322
1542 374 311 315
1543 389 322 289
1544 383 327 290
1545 364 342 294
1546 362 353 285
1547 343 353 304
1548 323 363 314
1549 298 380 322
1550 284 391 325
1551 265 394 341
1552 256 408 336
1553 252 402 346
1554 255 395 350
1555 248 392 360
1556 250 389 361
1557 248 370 382
1558 247 361 392
1559 236 359 405
1560 248 356 396
1561 262 350 388
1562 263 343 394
1563 274 345 381
1564 289 337 374
1565 305 341 354
1566 313 334 353
1567 314 328 358
1568 314 330 356
1569 301 336 363
1570 291 356 353
1571 301 364 335
1572 287 362 351
1573 290 372 338
1574 296 376 328
1575 295 376 329
1576 295 375 330
1577 283 369 348
1578 274 361 365
1579 264 362 374
1580 258 374 368
1581 258 370 372
1582 257 366 377
1583 250 367 383
1584 248 375 377
1585 273 383 344
1586 293 366 341
1587 287 345 368
1588 301 339 360
1589 312 329 359
1590 299 322 379
1591 304 334 362
1592 309 321 370
1593 324 308 368
1594 324 310 366
1595 324 331 345
1596 330 337 333
1597 310 341 349
1598 307 368 325
1599 314 359 327
1600 311 365 324
1601 300 381 319
1602 271 390 339
1603 269 398 333
1604 254 394 352
1605 225 405 370
1606 231 407 362
1607 216 410 374
1608 210 419 371
1609 212 409 379
1610 220 398 382
1611 228 382 390
1612 243 378 379
1613 264 352 384
1614 268 329 403
1615 286 322 392
1616 305 295 400
1617 314 286 400
1618 333 288 379
1619 335 285 380
1620 348 287 365
1621 352 300 348
1622 346 319 335
1623 349 332 319
1624 346 356 298
1625 329 368 303
1626 331 383 286
1627 322 384 294
1628 299 391 310
1629 288 401 311
1630 290 393 317
1631 280 378 342
1632 276 364 360
1633 272 356 372
1634 276 345 379
1635 279 340 381
1636 281 330 389
1637 294 318 388
1638 301 313 386
1639 307 321 372
1640 306 329 365
1641 324 338 338
1642 323 331 346
1643 329 337 334
1644 346 341 313
1645 339 336 325
1646 334 348 318
1647 339 345 316
1648 334 332 334
1649 327 328 345
1650 315 342 343
1651 305 348 347
1652 305 354 341
1653 308 359 333
1654 318 344 338
1655 324 337 339
1656 310 344 346
1657 306 362 332
1658 300 352 348
1659 291 352 357
1660 288 355 357
1661 307 353 340
1662 310 349 341
1663 311 353 336
1664 317 345 338
1665 339 321 340
1666 361 309 330
1667 376 287 337
1668 381 269 350
1669 383 266 351
1670 366 268 366
1671 364 281 355
1672 382 291 327
1673 381 297 322
1674 387 310 303
1675 392 326 282
1676 380 339 281
1677 372 354 274
1678 367 360 273
1679 360 352 288
1680 358 349 293
1681 342 345 313
1682 335 348 317
1683 321 339 340
1684 317 340 343
1685 310 329 361
1686 326 330 344
1687 323 322 355
1688 326 328 346
1689 323 329 348
1690 322 329 349
1691 325 339 336
1692 318 335 347
1693 320 353 327
1694 314 350 336
1695 309 364 327
1696 298 363 339
1697 300 373 327
1698 280 371 349
1699 281 381 338
1700 277 384 339
1701 272 370 358
1702 269 378 353
1703 264 367 369
1704 259 373 368
1705 256 368 376
1706 256 373 371
1707 260 363 377
1708 286 356 358
1709 286 344 370
1710 305 336 359
1711 309 328 363
1712 322 318 360
1713 326 310 364
1714 328 301 371
1715 314 309 377
1716 295 330 375
1717 286 361 353
1718 277 378 345
1719 283 395 322
1720 291 399 310
1721 289 399 312
1722 284 410 306
1723 286 407 307
1724 266 384 350
1725 247 373 380
1726 235 375 390
1727 244 370 386
1728 242 357 401
1729 243 359 398
1730 253 347 400
1731 279 340 381
1732 299 337 364
1733 298 328 374
1734 300 327 373
1735 290 330 380
1736 281 353 366
1737 272 360 368
1738 273 381 346
1739 247 387 366
1740 250 416 334
1741 266 422 312
1742 249 407 344
1743 235 421 344
1744 225 412 363
1745 225 415 360
1746 227 394 379
1747 227 386 387
1748 228 357 415
1749 248 350 402
1750 269 345 386
1751 287 310 403
1752 282 301 417
1753 297 303 400
1754 308 309 383
1755 324 306 370
1756 339 319 342
1757 335 311 354
1758 351 320 329
1759 345 339 316
1760 334 354 312
1761 306 363 331
1762 300 385 315
1763 281 394 325
1764 281 400 319
1765 268 408 324
1766 253 412 335
1767 249 408 343
1768 254 397 349
1769 257 383 360
1770 252 358 390
1771 251 354 395
1772 248 349 403
1773 272 344 384
1774 280 316 404
1775 297 312 391
1776 318 306 376
1777 339 299 362
1778 334 303 363
1779 335 312 353
1780 326 316 358
1781 313 330 357
1782 296 371 333
1783 281 392 327
1784 272 413 315
1785 267 429 304
1786 256 430 314
1787 260 432 308
1788 249 424 327
1789 230 421 349
1790 231 399 370
1791 238 377 385
1792 234 349 417
1793 250 337 413
1794 264 320 416
1795 274 304 422
1796 275 302 423
1797 287 304 409
1798 304 314 382
1799 313 319 368
1800 330 338 332
1801 331 333 336
1802 329 349 322
1803 325 367 308
1804 317 373 310
1805 298 379 323
1806 286 388 326
1807 272 395 333
1808 275 390 335
1809 253 392 355
1810 249 398 353
1811 244 384 372
1812 244 383 373
1813 250 377 373
1814 243 362 395
1815 233 362 405
1816 221 377 402
1817 211 387 402
1818 219 391 390
1819 230 397 373
1820 256 387 357
1821 283 367 350
1822 304 355 341
1823 312 334 354
1824 310 311 379
1825 319 303 378
1826 321 290 389
1827 322 282 396
1828 326 291 383
1829 316 307 377
1830 320 329 351
1831 326 346 328
1832 320 363 317
1833 326 377 297
1834 329 384 287
1835 318 389 293
1836 302 391 307
1837 284 391 325
1838 257 387 356
1839 235 397 368
1840 236 402 362
1841 230 387 383
1842 218 386 396
1843 216 393 391
1844 223 393 384
1845 240 386 374
1846 243 373 384
1847 258 360 382
1848 259 340 401
1849 263 354 383
1850 250 351 399
1851 257 357 386
1852 245 350 405
1853 261 369 370
1854 280 366 354
1855 292 360 348
1856 296 368 336
1857 313 350 337
1858 332 336 332
1859 348 311 341
1860 354 302 344
1861 365 277 358
1862 363 269 368
1863 354 277 369
1864 360 278 362
1865 354 290 356
1866 366 310 324
1867 365 323 312
1868 368 333 299
1869 353 355 292
1870 337 378 285
1871 326 386 288
1872 303 396 301
1873 298 407 295
1874 293 392 315
1875 287 384 329
1876 286 380 334
1877 279 359 362
1878 287 343 370
1879 292 327 381
1880 291 312 397
1881 290 302 408
1882 285 318 397
1883 273 331 396
1884 274 347 379
1885 289 367 344
1886 297 368 335
1887 298 376 326
1888 308 390 302
1889 288 390 322
1890 276 394 330
1891 280 393 327
1892 263 373 364
1893 259 370 371
1894 240 373 387
1895 242 384 374
1896 235 368 397
1897 240 375 385
1898 251 366 383
1899 269 356 375
1900 281 358 361
1901 278 349 373
1902 289 349 362
1903 295 327 378
1904 310 337 353
1905 324 315 361
1906 341 310 349
1907 337 303 360
1908 353 305 342
1909 357 298 345
1910 378 294 328
1911 370 295 335
1912 377 293 330
1913 377 308 315
1914 370 313 317
1915 361 327 312
1916 363 334 303
1917 345 339 316
1918 337 361 302
1919 349 368 283
1920 345 358 297
1921 343 347 310
1922 324 344 332
1923 317 349 334
1924 313 349 338
1925 312 348 340
1926 314 327 359
1927 319 318 363
1928 336 323 341
1929 343 317 340
1930 357 313 330
1931 369 294 337
1932 369 282 349
1933 390 283 327
1934 383 283 334
1935 368 299 333
1936 360 309 331
1937 360 323 317
1938 362 327 311
1939 361 344 295
1940 357 357 286
1941 353 360 287
1942 344 364 292
1943 341 357 302
1944 342 350 308
1945 342 335 323
1946 329 331 340
1947 322 327 351
1948 327 321 352
1949 313 313 374
1950 318 323 359
1951 328 325 347
1952 336 322 342
1953 326 329 345
1954 326 343 331
1955 326 347 327
1956 308 353 339
1957 304 379 317
1958 293 373 334
1959 285 382 333
1960 272 393 335
1961 258 399 343
1962 253 399 348
1963 249 400 351
1964 249 398 353
1965 267 372 361
1966 262 360 378
1967 264 356 380
1968 267 343 390
1969 278 334 388
1970 291 323 386
1971 305 309 386
1972 337 297 366
1973 344 291 365
1974 363 296 341
1975 387 281 332
1976 391 270 339
1977 392 275 333
1978 406 285 309
1979 383 285 332
1980 370 320 310
1981 356 339 305
1982 357 348 295
1983 349 362 289
1984 342 381 277
1985 331 383 286
1986 312 384 304
1987 297 403 300
1988 279 383 338
1989 271 382 347
1990 257 381 362
1991 238 381 381
1992 240 381 379
1993 248 377 375
1994 245 368 387
1995 273 352 375
1996 274 344 382
1997 285 344 371
1998 298 334 368
1999 318 321 361
2000 320 301 379
2001 334 303 363
2002 356 298 346
2003 358 292 350
2004 368 298 334
2005 382 288 330
2006 382 284 334
2007 388 297 315
2008 378 311 311
2009 380 319 301
2010 373 322 305
2011 368 335 297
2012 370 334 296
2013 364 342 294
2014 347 352 301
2015 341 356 303
2016 350 348 302
2017 358 331 311
2018 350 320 330
2019 363 315 322
2020 367 303 330
2021 367 291 342
2022 380 281 339
2023 386 264 350
2024 391 266 343
2025 383 278 339
2026 395 297 308
2027 387 290 323
2028 388 310 302
2029 388 321 291
2030 398 331 271
2031 382 338 280
2032 355 352 293
2033 327 367 306
2034 312 376 312
2035 294 398 308
2036 281 396 323
2037 263 398 339
2038 253 406 341
2039 250 409 341
2040 253 398 349
2041 268 380 352
2042 268 356 376
2043 279 334 387
2044 276 325 399
2045 265 326 409
2046 251 329 420
2047 267 340 393
2048 291 335 374
2049 309 329 362
2050 337 335 328
2051 353 329 318
2052 355 322 323
2053 370 319 311
2054 362 301 337
2055 352 298 350
2056 346 313 341
2057 337 325 338
2058 322 328 350
2059 319 349 332
2060 317 359 324
2061 327 364 309
2062 331 372 297
2063 317 371 312
2064 293 370 337
2065 285 382 333
2066 266 387 347
2067 256 385 359
2068 262 385 353
2069 250 374 376
2070 264 378 358
2071 258 365 377
2072 251 372 377
2073 244 367 389
2074 251 369 380
2075 251 364 385
2076 259 364 377
2077 254 367 379
2078 271 368 361
2079 274 364 362
2080 283 354 363
2081 282 350 368
2082 282 349 369
2083 272 354 374
2084 258 364 378
2085 259 375 366
2086 253 373 374
2087 267 383 350
2088 281 379 340
2089 284 369 347
2090 266 367 367
2091 254 380 366
2092 253 382 365
2093 252 372 376
2094 236 375 389
2095 240 381 379
2096 248 381 371
2097 242 383 375
2098 254 391 355
2099 274 366 360
2100 291 344 365
2101 291 337 372
2102 288 334 378
2103 289 331 380
2104 290 330 380
2105 283 327 390
2106 295 326 379
2107 310 339 351
2108 303 346 351
2109 303 360 337
2110 314 363 323
2111 308 355 337
2112 311 362 327
2113 327 362 311
2114 308 347 345
2115 304 353 343
2116 300 350 350
2117 302 340 358
2118 303 335 362
2119 290 342 368
2120 293 348 359
2121 296 345 359
2122 308 357 335
2123 318 339 343
2124 319 332 349
2125 316 341 343
2126 309 349 342
2127 305 349 346
2128 290 347 363
2129 282 365 353
2130 292 361 347
2131 288 369 343
2132 284 380 336
2133 283 375 342
2134 293 368 339
2135 287 358 355
2136 274 366 360
2137 275 361 364
2138 250 364 386
2139 230 381 389
2140 220 390 390
2141 228 405 367
2142 232 404 364
2143 243 410 347
2144 264 391 345
2145 279 375 346
2146 278 357 365
2147 286 341 373
2148 297 324 379
2149 303 298 399
2150 306 293 401
2151 341 284 375
2152 354 268 378
2153 371 271 358
2154 397 272 331
2155 427 262 311
2156 444 249 307
2157 438 258 304
2158 438 269 293
2159 430 278 292
2160 418 302 280
2161 395 311 294
2162 405 333 262
2163 399 333 268
2164 392 352 256
2165 379 350 271
2166 368 352 280
2167 352 354 294
2168 364 346 290
2169 368 325 307
2170 366 299 335
2171 350 301 349
2172 339 298 363
2173 341 311 348
2174 333 307 360
2175 336 313 351
2176 339 318 343
2177 360 336 304
2178 362 341 297
2179 364 337 299
2180 363 338 299
2181 374 326 300
2182 380 319 301
2183 385 307 308
2184 372 297 331
2185 362 292 346
2186 359 297 344
2187 353 304 343
2188 371 309 320
2189 376 303 321
2190 387 305 308
2191 393 306 301
2192 391 310 299
2193 370 317 313
2194 356 333 311
2195 348 340 312
2196 333 343 324
2197 329 364 307
2198 326 366 308
2199 320 368 312
2200 307 370 323
2201 293 376 331
2202 282 374 344
2203 284 378 338
2204 274 373 353
2205 272 362 366
2206 257 362 381
2207 240 375 385
2208 223 390 387
2209 221 401 378
2210 218 405 377
2211 221 404 375
2212 238 406 356
2213 249 400 351
2214 257 389 354
2215 256 368 376
2216 264 354 382
2217 280 335 385
2218 283 315 402
2219 284 313 403
2220 284 310 406
2221 275 316 409
2222 280 336 384
2223 290 352 358
2224 311 356 333
2225 320 354 326
2226 319 365 316
2227 314 368 318
2228 314 376 310
2229 297 370 333
2230 291 367 342
2231 289 357 354
2232 291 355 354
2233 294 355 351
2234 306 341 353
2235 313 326 361
2236 310 311 379
2237 330 320 350
2238 340 303 357
2239 348 303 349
2240 345 297 358
2241 355 300 345
2242 367 304 329
2243 377 307 316
2244 366 312 322
2245 370 314 316
2246 364 327 309
2247 368 333 299
2248 359 335 306
2249 347 341 312
2250 345 349 306
2251 337 348 315
2252 352 351 297
2253 354 334 312
2254 367 319 314
2255 362 300 338
2256 363 303 334
2257 358 296 346
2258 352 293 355
2259 345 300 355
2260 355 304 341
2261 360 311 329
2262 354 321 325
2263 359 346 295
2264 364 338 298
2265 370 340 290
2266 375 337 288
2267 378 325 297
2268 369 318 313
2269 356 320 324
2270 335 323 342
2271 326 319 355
2272 317 336 347
2273 316 343 341
2274 320 347 333
2275 321 355 324
2276 327 361 312
2277 322 353 325
2278 338 355 307
2279 328 343 329
2280 338 336 326
2281 335 319 346
2282 338 318 344
2283 338 307 355
2284 333 301 366
2285 339 314 347
2286 339 306 355
2287 351 318 331
2288 353 313 334
2289 357 328 315
2290 353 325 322
2291 324 340 336
2292 295 375 330
2293 296 391 313
2294 279 398 323
2295 284 403 313
2296 272 403 325
2297 259 400 341
2298 234 416 350
2299 219 426 355
2300 227 406 367
2301 228 382 390
2302 235 374 391
2303 226 362 412
2304 232 371 397
2305 241 368 391
2306 255 343 402
2307 296 319 385
2308 323 298 379
2309 327 295 378
2310 352 299 349
2311 349 286 365
2312 350 280 370
2313 356 282 362
2314 371 301 328
2315 383 310 307
2316 377 319 304
2317 355 328 317
2318 337 346 317
2319 344 377 279
2320 342 376 282
2321 328 376 296
2322 319 371 310
2323 313 371 316
2324 304 368 328
2325 306 368 326
2326 283 348 369
2327 281 340 379
2328 267 343 390
2329 254 357 389
2330 250 375 375
2331 242 379 379
2332 241 390 369
2333 259 391 350
2334 268 393 339
2335 252 392 356
2336 248 405 347
2337 257 395 348
2338 251 368 381
2339 237 370 393
2340 240 373 387
2341 242 369 389
2342 247 365 388
2343 252 361 387
2344 278 343 379
2345 304 327 369
2346 307 328 365
2347 317 323 360
2348 317 310 373
2349 301 314 385
2350 295 334 371
2351 314 344 342
2352 313 343 344
2353 307 360 333
2354 314 365 321
2355 327 363 310
2356 315 363 322
2357 312 371 317
2358 309 354 337
2359 299 347 354
2360 290 358 352
2361 290 350 360
2362 297 345 358
2363 293 340 367
2364 289 344 367
2365 307 340 353
2366 317 339 344
2367 313 336 351
2368 319 329 352
2369 320 331 349
2370 322 335 343
2371 311 338 351
2372 316 345 339
2373 310 344 346
2374 306 351 343
2375 304 358 338
2376 298 367 335
2377 286 371 343
2378 271 379 350
2379 273 391 336
2380 272 382 346
2381 257 384 359
2382 246 392 362
2383 237 396 367
2384 246 396 358
2385 231 383 386
2386 231 390 379
2387 229 378 393
2388 235 389 376
2389 226 381 393
2390 223 382 395
2391 224 381 395
2392 228 380 392
2393 223 389 388
2394 217 387 396
2395 198 405 397
2396 199 413 388
2397 207 420 373
2398 212 411 377
2399 220 407 373
2400 203 400 397
2401 216 408 376
2402 215 397 388
2403 229 380 391
2404 233 358 409
2405 243 347 410
2406 259 346 395
2407 258 334 408
2408 250 342 408
2409 262 342 396
2410 270 341 389
2411 263 350 387
2412 262 379 359
2413 252 391 357
2414 243 402 355
2415 247 423 330
2416 246 411 343
2417 243 412 345
2418 232 416 352
2419 225 418 357
2420 232 396 372
2421 244 377 379
2422 242 354 404
2423 257 335 408
2424 268 332 400
2425 270 320 410
2426 268 314 418
2427 294 314 392
2428 311 310 379
2429 330 312 358
2430 349 316 335
2431 349 316 335
2432 347 319 334
2433 321 333 346
2434 293 365 342
2435 294 393 313
2436 278 396 326
2437 256 410 334
2438 244 428 328
2439 227 440 333
2440 219 454 327
2441 211 448 341
2442 218 424 358
2443 218 389 393
2444 219 386 395
2445 223 371 406
2446 222 349 429
2447 229 338 433
2448 240 317 443
2449 264 312 424
2450 301 312 387
2451 307 310 383
2452 313 307 380
2453 321 316 363
2454 323 330 347
2455 328 339 333
2456 316 355 329
2457 310 372 318
2458 294 378 328
2459 279 396 325
2460 257 414 329
2461 236 427 337
2462 236 434 330
2463 211 425 364
2464 203 434 363
2465 221 425 354
2466 224 401 375
2467 220 380 400
2468 223 366 411
2469 229 350 421
2470 249 337 414
2471 258 326 416
2472 276 308 416
2473 280 299 421
2474 291 319 390
2475 312 329 359
2476 321 322 357
2477 337 329 334
2478 328 326 346
2479 329 346 325
2480 341 363 296
2481 335 360 305
2482 322 346 332
2483 315 349 336
2484 295 363 342
2485 292 376 332
2486 279 382 339
2487 273 375 352
2488 277 364 359
2489 286 363 351
2490 293 368 339
2491 286 358 356
2492 291 351 358
2493 287 333 380
2494 299 331 370
2495 297 326 377
2496 278 339 383
2497 255 359 386
2498 256 377 367
2499 272 386 342
2500 295 377 328
2501 295 372 333
2502 293 374 333
2503 284 381 335
2504 291 377 332
2505 284 350 366
2506 279 339 382
2507 278 335 387
2508 273 345 382
2509 265 355 380
2510 262 361 377
2511 283 357 360
2512 289 340 371
2513 298 361 341
2514 290 363 347
2515 272 375 353
2516 258 383 359
2517 256 387 357
2518 259 383 358
2519 271 384 345
2520 269 389 342
2521 280 370 350
2522 280 357 363
2523 281 345 374
2524 301 336 363
2525 313 312 375
2526 315 304 381
2527 306 301 393
2528 313 305 382
2529 327 317 356
2530 345 316 339
2531 354 310 336
2532 355 310 335
2533 356 333 311
2534 355 340 305
2535 349 344 307
2536 328 346 326
2537 312 355 333
2538 316 372 312
2539 317 374 309
2540 292 373 335
2541 301 375 324
2542 309 359 332
2543 310 347 343
2544 311 344 345
2545 299 334 367
2546 306 329 365
2547 301 320 379
2548 307 326 367
2549 300 318 382
2550 301 341 358
2551 312 352 336
2552 322 344 334
2553 333 344 323
2554 317 338 345
2555 308 363 329
2556 299 366 335
2557 281 383 336
2558 268 378 354
2559 270 380 350
2560 270 386 344
2561 281 386 333
2562 272 381 347
2563 287 365 348
2564 286 347 367
2565 304 331 365
2566 301 318 381
2567 301 319 380
2568 304 313 383
2569 301 310 389
2570 323 318 359
2571 339 312 349
2572 354 314 332
2573 356 315 329
2574 354 326 320
2575 357 327 316
2576 357 330 313
2577 352 333 315
2578 345 330 325
2579 337 343 320
2580 352 349 299
2581 341 333 326
2582 336 333 331
2583 335 337 328
2584 342 335 323
2585 354 325 321
2586 345 316 339
2587 342 312 346
2588 357 309 334
2589 360 310 330
2590 376 307 317
2591 372 287 341
2592 376 293 331
2593 386 299 315
2594 384 298 318
2595 376 304 320
2596 358 315 327
2597 357 332 311
2598 357 336 307
2599 333 356 311
2600 319 374 307
2601 309 382 309
2602 315 393 292
2603 307 381 312
2604 293 378 329
2605 289 375 336
2606 271 375 354
2607 268 373 359
2608 265 358 377
2609 258 353 389
2610 267 349 384
2611 271 352 377
2612 271 351 378
2613 276 354 370
2614 279 349 372
2615 294 348 358
2616 288 348 364
2617 287 359 354
2618 269 364 367
2619 266 379 355
2620 264 383 353
2621 262 382 356
2622 262 389 349
2623 269 390 341
2624 268 383 349
2625 259 373 368
2626 255 377 368
2627 250 366 384
2628 247 367 386
2629 250 371 379
2630 257 361 382
2631 260 353 387
2632 274 357 369
2633 265 353 382
2634 268 358 374
2635 276 366 358
2636 283 357 360
2637 293 346 361
2638 299 346 355
2639 293 348 359
2640 298 350 352
2641 308 349 343
2642 315 334 351
2643 330 319 351
2644 324 313 363
2645 318 330 352
2646 314 336 350
2647 313 338 349
2648 305 337 358
2649 295 346 359
2650 299 371 330
2651 290 382 328
2652 273 397 330
2653 249 397 354
2654 249 415 336
2655 248 413 339
2656 236 415 349
2657 234 418 348
2658 231 395 374
2659 221 387 392
2660 242 382 376
2661 253 361 386
2662 257 332 411
2663 266 330 404
2664 277 319 404
2665 300 305 395
2666 298 305 397
2667 307 315 378
2668 315 311 374
2669 325 324 351
2670 325 343 332
2671 328 345 327
2672 337 353 310
2673 329 358 313
2674 332 366 302
2675 326 353 321
2676 313 363 324
2677 307 363 330
2678 314 350 336
2679 310 341 349
2680 299 337 364
2681 297 343 360
2682 301 337 362
2683 294 346 360
2684 302 343 355
2685 315 335 350
2686 311 335 354
2687 304 348 348
2688 295 359 346
2689 293 362 345
2690 282 370 348
2691 295 372 333
2692 302 362 336
2693 301 363 336
2694 302 364 334
2695 309 350 341
2696 323 332 345
2697 327 315 358
2698 328 303 369
2699 331 300 369
2700 326 307 367
2701 323 311 366
2702 338 313 349
2703 352 312 336
2704 359 316 325
2705 358 326 316
2706 360 339 301
2707 345 340 315
2708 336 348 316
2709 319 353 328
2710 307 368 325
2711 293 381 326
2712 291 391 318
2713 284 383 333
2714 292 377 331
2715 308 368 324
2716 319 344 337
2717 327 328 345
2718 317 305 378
2719 311 302 387
2720 314 298 388
2721 324 303 373
2722 329 299 372
2723 336 303 361
2724 348 320 332
2725 364 324 312
2726 359 331 310
2727 360 339 301
2728 349 342 309
2729 341 348 311
2730 332 360 308
2731 308 365 327
2732 311 372 317
2733 303 365 332
2734 305 366 329
2735 318 356 326
2736 324 340 336
2737 327 328 345
2738 334 313 353
2739 339 301 360
2740 343 289 368
2741 338 292 370
2742 352 296 352
2743 364 292 344
2744 372 296 332
2745 388 300 312
2746 395 299 306
2747 416 304 280
2748 414 295 291
2749 413 294 293
2750 416 291 293
2751 410 292 298
2752 407 294 299
2753 406 293 301
2754 404 295 301
2755 409 292 299
2756 401 296 303
2757 402 305 293
2758 412 307 281
2759 405 296 299
2760 400 301 299
2761 391 307 302
2762 395 314 291
2763 383 313 304
2764 376 321 303
2765 381 319 300
2766 364 312 324
2767 349 340 311
2768 341 350 309
2769 330 352 318
2770 318 356 326
2771 303 369 328
2772 285 376 339
2773 286 396 318
2774 262 402 336
2775 278 398 324
2776 280 372 348
2777 283 368 349
2778 281 361 358
2779 281 350 369
2780 280 343 377
2781 275 324 401
2782 287 323 390
2783 293 315 392
2784 287 335 378
2785 297 345 358
2786 308 342 350
2787 312 342 346
2788 324 345 331
2789 329 352 319
2790 328 348 324
2791 298 357 345
2792 299 367 334
2793 288 356 356
2794 276 370 354
2795 264 382 354
2796 263 391 346
2797 264 385 351
2798 261 388 351
2799 257 382 361
2800 266 376 358
2801 251 378 371
2802 245 379 376
2803 248 373 379
2804 250 361 389
2805 246 365 389
2806 252 366 382
2807 268 366 366
2808 262 356 382
2809 279 360 361
2810 288 342 370
2811 298 339 363
2812 296 341 363
2813 293 339 368
2814 300 341 359
2815 310 334 356
2816 311 334 355
2817 331 329 340
2818 327 327 346
2819 333 334 333
2820 334 326 340
2821 319 327 354
2822 318 340 342
2823 318 348 334
2824 320 348 332
2825 320 351 329
2826 300 353 347
2827 282 366 352
2828 270 392 338
2829 264 403 333
2830 261 396 343
2831 257 391 352
2832 251 395 354
2833 241 398 361
2834 244 406 350
2835 232 390 378
2836 246 376 378
2837 266 351 383
2838 285 338 377
2839 298 324 378
2840 293 307 400
2841 292 309 399
2842 308 302 390
2843 342 302 356
2844 357 282 361
2845 364 292 344
2846 358 298 344
2847 351 318 331
2848 358 342 300
2849 368 333 299
2850 362 330 308
2851 371 336 293
2852 353 347 300
2853 342 355 303
2854 325 360 315
2855 299 357 344
2856 305 359 336
2857 291 362 347
2858 286 379 335
2859 273 378 349
2860 262 380 358
2861 263 383 354
2862 264 377 359
2863 274 379 347
2864 267 367 366
2865 260 371 369
2866 271 361 368
2867 278 351 371
2868 288 342 370
2869 300 329 371
2870 307 323 370
2871 312 314 374
2872 319 321 360
2873 336 310 354
2874 350 303 347
2875 350 299 351
2876 358 308 334
2877 358 313 329
2878 356 319 325
2879 352 330 318
2880 347 327 326
2881 350 343 307
2882 347 347 306
2883 339 354 307
2884 332 353 315
2885 324 355 321
2886 320 357 323
2887 323 350 327
2888 318 350 332
2889 311 339 350
2890 288 342 370
2891 285 358 357
2892 275 362 363
2893 275 370 355
2894 281 368 351
2895 289 369 342
2896 295 361 344
2897 302 366 332
2898 300 356 344
2899 302 342 356
2900 300 336 364
2901 297 330 373
2902 305 335 360
2903 315 326 359
2904 313 324 363
2905 320 321 359
2906 334 324 342
2907 351 324 325
2908 372 313 315
2909 381 298 321
2910 393 284 323
2911 404 281 315
2912 422 272 306
2913 408 257 335
2914 416 268 316
2915 412 260 328
2916 416 275 309
2917 424 286 290
2918 414 292 294
2919 410 305 285
2920 418 318 264
2921 414 325 261
2922 419 318 263
2923 413 321 266
2924 398 312 290
2925 391 316 293
2926 370 317 313
2927 338 325 337
2928 328 344 328
2929 326 347 327
2930 325 356 319
2931 325 354 321
2932 324 363 313
2933 320 360 320
2934 327 363 310
2935 310 348 342
2936 307 346 347
2937 316 346 338
2938 327 328 345
2939 329 319 352
2940 350 308 342
2941 364 290 346
2942 383 273 344
2943 406 269 325
2944 393 248 359
2945 393 261 346
2946 380 279 341
2947 388 301 311
2948 393 304 303
2949 390 317 293
2950 383 337 280
2951 396 348 256
2952 390 356 254
2953 362 349 289
2954 347 359 294
2955 332 352 316
2956 307 364 329
2957 293 376 331
2958 284 370 346
2959 271 368 361
2960 281 373 346
2961 281 370 349
2962 292 360 348
2963 291 356 353
2964 306 345 349
2965 326 318 356
2966 332 304 364
2967 341 300 359
2968 350 286 364
2969 365 280 355
2970 362 275 363
2971 364 282 354
2972 371 291 338
2973 378 311 311
2974 379 318 303
2975 373 321 306
2976 375 341 284
2977 378 345 277
2978 369 347 284
2979 366 349 285
2980 346 343 311
2981 335 343 322
2982 338 347 315
2983 350 341 309
2984 356 309 335
2985 365 299 336
2986 384 288 328
2987 400 267 333
2988 414 257 329
2989 422 243 335
2990 414 231 355
2991 427 245 328
2992 416 264 320
2993 422 285 293
2994 431 290 279
2995 431 302 267
2996 424 312 264
2997 418 333 249
2998 405 351 244
2999 381 350 269
3000 367 355 278
3001 360 348 292
3002 333 350 317
3003 314 365 321
3004 302 374 324
3005 279 365 356
3006 281 370 349
3007 284 369 347
3008 298 361 341
3009 304 354 342
3010 313 346 341
3011 322 322 356
3012 338 304 358
3013 358 297 345
3014 371 272 357
3015 383 260 357
3016 391 256 353
3017 400 255 345
3018 417 254 329
3019 435 261 304
3020 454 261 285
3021 449 249 302
3022 465 279 256
3023 466 275 259
3024 470 278 252
3025 472 275 253
3026 463 274 263
3027 461 276 263
3028 455 278 267
3029 442 296 262
3030 443 279 278
3031 445 282 273
3032 429 277 294
3033 419 296 285
3034 419 307 274
3035 400 305 295
3036 380 322 298
3037 394 324 282
3038 380 327 293
3039 383 338 279
3040 374 340 286
3041 359 330 311
3042 355 334 311
3043 345 340 315
3044 357 333 310
3045 361 319 320
3046 355 312 333
3047 342 307 351
3048 357 318 325
3049 363 313 324
3050 367 303 330
3051 392 293 315
3052 406 275 319
3053 419 275 306
3054 427 269 304
3055 422 266 312
3056 429 260 311
3057 436 258 306
3058 431 261 308
3059 424 276 300
3060 415 301 284
3061 407 310 283
3062 402 324 274
3063 406 332 262
3064 399 334 267
3065 389 343 268
3066 383 350 267
3067 356 341 303
3068 330 343 327
3069 315 360 325
3070 307 361 332
3071 316 361 323
3072 327 350 323
3073 332 330 338
3074 356 318 326
3075 378 303 319
3076 380 279 341
3077 383 260 357
3078 383 256 361
3079 373 256 371
3080 374 277 349
3081 378 296 326
3082 372 304 324
3083 380 325 295
3084 395 341 264
3085 377 345 278
3086 382 367 251
3087 367 362 271
3088 342 356 302
3089 330 362 308
3090 299 366 335
3091 273 376 351
3092 258 386 356
3093 263 397 340
3094 263 370 367
3095 270 375 355
3096 287 374 339
3097 288 351 361
3098 280 346 374
3099 288 344 368
3100 288 326 386
3101 300 315 385
3102 293 330 377
3103 294 332 374
3104 302 332 366
3105 293 347 360
3106 317 361 322
3107 325 339 336
3108 343 349 308
3109 338 342 320
3110 334 332 334
3111 330 334 336
3112 321 338 341
3113 315 332 353
3114 328 324 348
3115 309 333 358
3116 290 342 368
3117 296 368 336
3118 294 372 334
3119 295 372 333
3120 297 367 336
3121 320 371 309
3122 310 356 334
3123 317 357 326
3124 301 341 358
3125 302 331 367
3126 312 326 362
3127 316 316 368
3128 300 317 383
3129 301 329 370
3130 310 343 347
3131 329 333 338
3132 355 330 315
3133 352 314 334
3134 354 322 324
3135 348 330 322
3136 352 335 313
3137 334 319 347
3138 325 323 352
3139 312 342 346
3140 318 358 324
3141 309 368 323
3142 307 369 324
3143 312 363 325
3144 322 353 325
3145 328 359 313
3146 317 349 334
3147 319 341 340
3148 319 323 358
3149 327 313 360
3150 333 304 363
3151 346 304 350
3152 340 301 359
3153 350 301 349
3154 359 301 340
3155 372 300 328
3156 360 305 335
3157 348 327 325
3158 345 348 307
3159 331 351 318
3160 307 368 325
3161 303 392 305
3162 295 396 309
3163 285 405 310
3164 281 410 309
3165 280 392 328
3166 275 372 353
3167 274 374 352
3168 274 358 368
3169 265 334 401
3170 265 339 396
3171 259 330 411
3172 276 331 393
3173 296 332 372
3174 308 332 360
3175 321 318 361
3176 347 321 332
3177 346 319 335
3178 364 315 321
3179 365 306 329
3180 356 304 340
3181 356 312 332
3182 361 312 327
3183 354 321 325
3184 342 325 333
3185 337 339 324
3186 329 348 323
3187 329 365 306
3188 322 367 311
3189 309 366 325
3190 293 379 328
3191 287 386 327
3192 282 388 330
3193 300 379 321
3194 294 352 354
3195 294 341 365
3196 307 339 354
3197 296 327 377
3198 295 325 380
3199 287 319 394
3200 304 325 371
3201 316 317 367
3202 326 332 342
3203 329 333 338
3204 335 332 333
3205 333 338 329
3206 338 342 320
3207 349 343 308
3208 354 326 320
3209 327 329 344
3210 331 341 328
3211 340 336 324
3212 335 328 337
3213 347 327 326
3214 332 311 357
3215 333 325 342
3216 317 341 342
3217 299 354 347
3218 287 360 353
3219 288 377 335
3220 290 384 326
3221 299 383 318
3222 285 390 325
3223 269 390 341
3224 266 390 344
3225 276 380 344
3226 272 364 364
3227 255 351 394
3228 259 361 380
3229 252 358 390
3230 275 358 367
3231 290 335 375
3232 297 320 383
3233 307 323 370
3234 309 329 362
3235 302 340 358
3236 284 337 379
3237 278 358 364
3238 288 364 348
3239 291 377 332
3240 281 389 330
3241 285 396 319
3242 276 386 338
3243 276 384 340
3244 270 387 343
3245 272 372 356
3246 268 364 368
3247 251 355 394
3248 250 360 390
3249 247 354 399
3250 261 367 372
3251 265 355 380
3252 261 348 391
3253 278 367 355
3254 274 358 368
3255 277 371 352
3256 287 363 350
3257 282 359 359
3258 283 351 366
3259 295 362 343
3260 284 357 359
3261 291 349 360
3262 284 351 365
3263 294 345 361
3264 290 343 367
3265 298 351 351
3266 295 351 354
3267 298 343 359
3268 311 345 344
3269 297 340 363
3270 295 352 353
3271 290 360 350
3272 293 367 340
3273 291 356 353
3274 293 358 349
3275 299 364 337
3276 311 356 333
3277 294 349 357
3278 293 354 353
3279 296 347 357
3280 311 337 352
3281 324 333 343
3282 330 318 352
3283 324 306 370
3284 330 320 350
3285 334 321 345
3286 362 312 326
3287 374 291 335
3288 366 289 345
3289 362 301 337
3290 351 320 329
3291 324 343 333
3292 320 356 324
3293 342 359 299
3294 333 346 321
3295 322 376 302
3296 309 389 302
3297 297 390 313
3298 275 383 342
3299 281 382 337
3300 282 363 355
3301 290 359 351
3302 279 364 357
3303 264 345 391
3304 262 347 391
3305 264 348 388
3306 262 353 385
3307 262 356 382
3308 248 375 377
3309 228 393 379
3310 234 408 358
3311 231 421 348
3312 232 422 346
3313 243 420 337
3314 267 404 329
3315 257 377 366
3316 250 368 382
3317 236 357 407
3318 226 356 418
3319 235 353 412
3320 246 343 411
3321 259 334 407
3322 276 337 387
3323 293 347 360
3324 311 339 350
3325 315 332 353
3326 320 329 351
3327 335 327 338
3328 345 322 333
3329 321 321 358
3330 300 342 358
3331 299 353 348
3332 296 362 342
3333 293 372 335
3334 290 378 332
3335 276 383 341
3336 251 402 347
3337 237 428 335
3338 227 421 352
3339 237 420 343
3340 247 401 352
3341 255 381 364
3342 253 367 380
3343 246 364 390
3344 253 352 395
3345 281 319 400
3346 302 298 400
3347 317 278 405
3348 314 282 404
3349 321 305 374
3350 313 312 375
3351 313 323 364
3352 329 335 336
3353 327 352 321
3354 322 375 303
3355 308 400 292
3356 294 410 296
3357 280 401 319
3358 285 408 307
3359 285 392 323
3360 267 380 353
3361 251 381 368
3362 227 374 399
3363 225 373 402
3364 244 365 391
3365 247 355 398
3366 265 345 390
3367 293 343 364
3368 297 327 376
3369 310 322 368
3370 311 316 373
3371 307 316 377
3372 311 328 361
3373 314 334 352
3374 314 341 345
3375 306 343 351
3376 308 367 325
3377 299 370 331
3378 307 385 308
3379 299 377 324
3380 294 373 333
3381 274 372 354
3382 267 385 348
3383 239 390 371
3384 240 394 366
3385 242 390 368
3386 255 373 372
3387 265 368 367
3388 259 362 379
3389 261 369 370
3390 259 354 387
3391 270 351 379
3392 277 336 387
3393 292 333 375
3394 288 335 377
3395 295 344 361
3396 286 343 371
3397 304 345 351
3398 297 342 361
3399 307 352 341
3400 306 357 337
3401 302 361 337
3402 304 363 333
3403 298 352 350
3404 297 359 344
3405 294 358 348
3406 292 364 344
3407 288 356 356
3408 286 355 359
3409 281 353 366
3410 282 356 362
3411 270 366 364
3412 274 371 355
3413 278 368 354
3414 282 358 360
3415 295 362 343
3416 287 350 363
3417 269 360 371
3418 265 375 360
3419 261 369 370
3420 258 368 374
3421 270 374 356
3422 265 372 363
3423 267 373 360
3424 257 383 360
3425 266 383 351
3426 263 359 378
3427 271 368 361
3428 275 361 364
3429 261 351 388
3430 261 367 372
3431 246 366 388
3432 257 371 372
3433 281 360 359
3434 280 360 360
3435 278 352 370
3436 283 361 356
3437 268 366 366
3438 265 365 370
3439 265 369 366
3440 259 364 377
3441 242 381 377
3442 246 398 356
3443 234 402 364
3444 208 405 387
3445 219 426 355
3446 219 416 365
3447 218 412 370
3448 210 418 372
3449 213 409 378
3450 210 389 401
3451 222 388 390
3452 228 373 399
3453 242 346 412
3454 242 342 416
3455 246 346 408
3456 248 336 416
3457 250 343 407
3458 245 361 394
3459 251 367 382
3460 270 376 354
3461 261 384 355
3462 261 397 342
3463 260 393 347
3464 253 404 343
3465 236 404 360
3466 238 403 359
3467 226 395 379
3468 222 398 380
3469 227 394 379
3470 241 376 383
3471 241 366 393
3472 253 355 392
3473 249 343 408
3474 261 348 391
3475 266 344 390
3476 265 336 399
3477 271 341 388
3478 277 353 370
3479 263 357 380
3480 272 382 346
3481 262 385 353
3482 256 390 354
3483 261 400 339
3484 265 403 332
3485 256 394 350
3486 254 391 355
3487 248 389 363
3488 242 370 388
3489 251 373 376
3490 249 359 392
3491 238 351 411
3492 246 359 395
3493 249 360 391
3494 244 360 396
3495 278 367 355
3496 282 352 366
3497 302 345 353
3498 310 339 351
3499 308 339 353
3500 300 333 367
3501 295 340 365
3502 281 345 374
3503 276 352 372
3504 266 372 362
3505 263 389 348
3506 250 398 352
3507 251 411 338
3508 228 416 356
3509 226 432 342
3510 235 429 336
3511 231 413 356
3512 226 397 377
3513 218 385 397
3514 218 384 398
3515 224 371 405
3516 227 360 413
3517 232 341 427
3518 251 339 410
3519 250 336 414
3520 275 353 372
3521 277 340 383
3522 294 339 367
3523 307 335 358
3524 318 333 349
3525 324 341 335
3526 301 337 362
3527 291 363 346
3528 288 356 356
3529 280 372 348
3530 281 381 338
3531 285 384 331
3532 288 382 330
3533 293 371 336
3534 281 370 349
3535 286 356 358
3536 268 358 374
3537 274 360 366
3538 275 345 380
3539 278 341 381
3540 285 340 375
3541 283 344 373
3542 306 347 347
3543 308 338 354
3544 300 334 366
3545 303 340 357
3546 289 352 359
3547 280 370 350
3548 270 380 350
3549 264 386 350
3550 264 389 347
3551 265 398 337
3552 278 401 321
3553 276 382 342
3554 261 372 367
3555 253 369 378
3556 243 367 390
3557 230 371 399
3558 230 381 389
3559 238 372 390
3560 258 361 381
3561 270 360 370
3562 284 358 358
3563 292 347 361
3564 306 341 353
3565 311 323 366
3566 314 308 378
3567 313 314 373
3568 302 326 372
3569 301 338 361
3570 302 341 357
3571 301 351 348
3572 309 358 333
3573 305 368 327
3574 299 387 314
3575 267 387 346
3576 256 407 337
3577 257 406 337
3578 251 402 347
3579 261 398 341
3580 257 381 362
3581 250 375 375
3582 257 363 380
3583 260 356 384
3584 261 333 406
3585 258 333 409
3586 259 340 401
3587 263 343 394
3588 260 356 384
3589 264 365 371
3590 264 373 363
3591 289 380 331
3592 298 378 324
3593 294 369 337
3594 291 366 343
3595 275 366 359
3596 271 369 360
3597 263 364 373
3598 263 364 373
3599 263 357 380
3600 270 359 371
3601 271 361 368
3602 283 363 354
3603 289 351 360
3604 294 342 364
3605 312 342 346
3606 309 324 367
3607 313 334 353
3608 300 328 372
3609 272 339 389
3610 266 365 369
3611 256 383 361
3612 233 402 365
3613 236 425 339
3614 225 440 335
3615 216 441 343
3616 212 456 332
3617 204 449 347
3618 194 431 375
3619 187 423 390
3620 181 411 408
3621 161 394 445
3622 171 399 430
3623 172 388 440
3624 185 372 443
3625 218 366 416
3626 237 351 412
3627 256 340 404
3628 288 333 379
3629 306 318 376
3630 316 295 389
3631 325 296 379
3632 323 303 374
3633 313 311 376
3634 318 336 346
3635 306 342 352
3636 298 361 341
3637 308 384 308
3638 291 397 312
3639 285 413 302
3640 285 412 303
3641 287 404 309
3642 291 377 332
3643 284 367 349
3644 273 355 372
3645 263 343 394
3646 263 340 397
3647 261 324 415
3648 266 327 407
3649 282 330 388
3650 272 341 387
3651 282 361 357
3652 286 363 351
3653 282 371 347
3654 283 378 339
3655 268 393 339
3656 258 405 337
3657 255 412 333
3658 240 404 356
3659 238 399 363
3660 240 399 361
3661 238 389 373
3662 232 384 384
3663 237 375 388
3664 237 358 405
3665 241 351 408
3666 248 355 397
3667 251 353 396
3668 268 350 382
3669 266 343 391
3670 282 350 368
3671 292 343 365
3672 304 350 346
3673 292 345 363
3674 297 353 350
3675 307 350 343
3676 308 343 349
3677 298 349 353
3678 281 352 367
3679 264 376 360
3680 265 386 349
3681 263 390 347
3682 274 384 342
3683 274 376 350
3684 279 383 338
3685 289 372 339
3686 291 359 350
3687 301 333 366
3688 278 313 409
3689 285 332 383
3690 273 331 396
3691 267 351 382
3692 257 350 393
3693 272 371 357
3694 277 369 354
3695 285 390 325
3696 284 402 314
3697 286 384 330
3698 265 383 352
3699 262 384 354
3700 249 388 363
3701 251 380 369
3702 237 380 383
3703 225 373 402
3704 231 373 396
3705 221 385 394
3706 225 396 379
3707 237 391 372
3708 252 375 373
3709 253 368 379
3710 270 367 363
3711 255 357 388
3712 243 372 385
3713 237 372 391
3714 248 367 385
3715 242 361 397
3716 238 383 379
3717 222 394 384
3718 232 411 357
3719 239 411 350
3720 246 389 365
3721 248 382 370
3722 254 385 361
3723 234 385 381
3724 232 383 385
3725 223 374 403
3726 221 366 413
3727 238 368 394
3728 241 373 386
3729 244 377 379
3730 248 371 381
3731 267 367 366
3732 286 350 364
3733 290 340 370
3734 281 344 375
3735 269 351 380
3736 271 358 371
3737 285 352 363
3738 297 344 359
3739 294 336 370
3740 278 356 366
3741 271 382 347
3742 259 385 356
3743 265 390 345
3744 273 377 350
3745 269 375 356
3746 258 387 355
3747 244 406 350
3748 223 400 377
3749 232 395 373
3750 244 383 373
3751 254 366 380
3752 251 369 380
3753 234 374 392
3754 211 379 410
3755 218 383 399
3756 235 382 383
3757 248 370 382
3758 256 369 375
3759 256 378 366
3760 247 375 378
3761 243 379 378
3762 248 378 374
3763 247 369 384
3764 247 371 382
3765 238 383 379
3766 226 393 381
3767 217 396 387
3768 231 408 361
3769 250 390 360
3770 265 372 363
3771 269 366 365
3772 266 360 374
3773 263 351 386
3774 269 344 387
3775 275 335 390
3776 287 317 396
3777 294 323 383
3778 285 334 381
3779 281 349 370
3780 277 359 364
3781 286 372 342
3782 281 370 349
3783 273 384 343
3784 252 410 338
3785 238 425 337
3786 230 428 342
3787 232 421 347
3788 239 409 352
3789 261 389 350
3790 268 369 363
3791 262 348 390
3792 268 328 404
3793 277 307 416
3794 286 295 419
3795 297 293 410
3796 314 294 392
3797 318 297 385
3798 331 313 356
3799 349 321 330
3800 363 323 314
3801 363 330 307
3802 366 342 292
3803 355 341 304
3804 351 351 298
3805 335 352 313
3806 333 352 315
3807 326 346 328
3808 317 351 332
3809 315 353 332
3810 314 343 343
3811 310 345 345
3812 310 339 351
3813 305 338 357
3814 302 343 355
3815 300 352 348
3816 301 349 350
3817 312 346 342
3818 310 345 345
3819 319 345 336
3820 323 342 335
3821 322 339 339
3822 320 335 345
3823 319 328 353
3824 331 332 337
3825 323 323 354
3826 332 332 336
3827 338 323 339
3828 331 320 349
3829 340 330 330
3830 348 325 327
3831 353 324 323
3832 341 315 344
3833 345 336 319
3834 352 323 325
3835 352 325 323
3836 338 328 334
3837 331 332 337
3838 306 344 350
3839 311 370 319
3840 297 374 329
3841 304 367 329
3842 295 373 332
3843 284 380 336
3844 285 388 327
3845 272 383 345
3846 252 384 364
3847 251 378 371
3848 257 375 368
3849 249 376 375
3850 254 378 368
3851 268 366 366
3852 275 344 381
3853 290 342 368
3854 315 326 359
3855 323 307 370
3856 329 302 369
3857 333 295 372
3858 352 289 359
3859 374 282 344
3860 392 282 326
3861 406 266 328
3862 428 268 304
3863 443 265 292
3864 458 255 287
3865 463 247 290
3866 451 248 301
3867 440 267 293
3868 445 278 277
3869 446 289 265
3870 447 286 267
3871 447 288 265
3872 447 298 255
3873 448 306 246
3874 439 304 257
3875 426 294 280
3876 414 296 290
3877 401 297 302
3878 398 313 289
3879 386 314 300
3880 380 316 304
3881 366 314 320
3882 378 330 292
3883 372 328 300
3884 353 332 315
3885 331 350 319
3886 318 356 326
3887 310 368 322
3888 303 374 323
3889 295 383 322
3890 289 375 336
3891 287 383 330
3892 279 381 340
3893 274 371 355
3894 257 370 373
3895 257 375 368
3896 249 369 382
3897 245 368 387
3898 227 380 393
3899 222 390 388
3900 234 397 369
3901 242 395 363
3902 241 388 371
3903 246 384 370
3904 260 385 355
3905 263 372 365
3906 271 357 372
3907 275 339 386
3908 272 328 400
3909 276 333 391
3910 281 336 383
3911 280 335 385
3912 287 335 378
3913 300 341 359
3914 301 343 356
3915 306 360 334
3916 305 366 329
3917 303 362 335
3918 299 361 340
3919 299 366 335
3920 297 366 337
3921 298 362 340
3922 288 359 353
3923 277 352 371
3924 285 357 358
3925 276 353 371
3926 275 363 362
3927 274 359 367
3928 262 360 378
3929 262 376 362
3930 269 379 352
3931 281 379 340
3932 284 362 354
3933 273 363 364
3934 271 364 365
3935 254 370 376
3936 239 386 375
3937 241 385 374
3938 253 380 367
3939 263 368 369
3940 260 375 365
3941 263 377 360
3942 266 373 361
3943 279 364 357
3944 278 335 387
3945 275 337 388
3946 271 345 384
3947 248 361 391
3948 246 377 377
3949 256 377 367
3950 269 371 360
3951 287 367 346
3952 290 378 332
3953 269 373 358
3954 247 386 367
3955 250 392 358
3956 248 373 379
3957 255 375 370
3958 248 374 378
3959 224 385 391
3960 235 398 367
3961 243 392 365
3962 255 371 374
3963 274 353 373
3964 273 353 374
3965 281 352 367
3966 284 345 371
3967 281 331 388
3968 289 321 390
3969 312 319 369
3970 326 317 357
3971 321 321 358
3972 330 326 344
3973 332 318 350
3974 335 323 342
3975 348 334 318
3976 341 331 328
3977 336 340 324
3978 335 347 318
3979 324 344 332
3980 322 350 328
3981 324 360 316
3982 323 353 324
3983 324 343 333
3984 324 345 331
3985 329 336 335
3986 333 324 343
3987 339 323 338
3988 330 311 359
3989 331 310 359
3990 326 316 358
3991 322 331 347
3992 328 333 339
3993 331 336 333
3994 323 345 332
3995 332 354 314
3996 336 357 307
3997 324 354 322
3998 318 360 322
3999 317 351 332
