p=0.00048828125 p_inf=0.1 time series=0,1,9,17
Format is t, #suscepted, #infected, #recovered
0 996 1 3
1 994 4 2
2 991 6 3
3 989 9 2
4 985 11 4
5 980 15 5
6 978 20 2
7 974 22 4
8 971 25 4
9 967 25 8
10 964 27 9
11 958 27 15
12 951 31 18
13 946 34 20
14 938 34 28
15 927 40 33
16 925 48 27
17 921 50 29
18 919 52 29
19 913 54 33
20 911 56 33
21 908 55 37
22 901 58 41
23 901 59 40
24 897 51 52
25 891 53 56
26 883 57 60
27 882 63 55
28 879 62 59
29 875 66 59
30 874 67 59
31 877 67 56
32 873 72 55
33 863 74 63
34 856 80 64
35 851 81 68
36 848 87 65
37 841 86 73
38 833 92 75
39 823 100 77
40 816 105 79
41 804 110 86
42 802 116 82
43 791 117 92
44 791 122 87
45 784 123 93
46 773 124 103
47 768 127 105
48 760 127 113
49 766 130 104
50 765 118 117
51 766 118 116
52 759 112 129
53 761 118 121
54 766 115 119
55 763 107 130
56 762 110 128
57 769 108 123
58 768 113 119
59 767 114 119
60 758 121 121
61 758 124 118
62 755 127 118
63 745 138 117
64 736 145 119
65 726 156 118
66 717 161 122
67 708 169 123
68 706 171 123
69 699 170 131
70 688 174 138
71 676 174 150
72 669 179 152
73 667 175 158
74 654 172 174
75 656 177 167
76 648 173 179
77 639 182 179
78 636 187 177
79 631 190 179
80 630 190 180
81 627 195 178
82 625 201 174
83 609 198 193
84 603 218 179
85 603 215 182
86 601 210 189
87 604 209 187
88 593 206 201
89 588 212 200
90 583 211 206
91 566 219 215
92 557 216 227
93 558 228 214
94 552 232 216
95 546 239 215
96 537 248 215
97 530 251 219
98 532 259 209
99 542 249 209
100 537 242 221
101 527 235 238
102 522 241 237
103 529 239 232
104 528 223 249
105 524 221 255
106 522 217 261
107 533 229 238
108 539 225 236
109 533 226 241
110 528 226 246
111 523 233 244
112 529 254 217
113 535 250 215
114 536 248 216
115 534 235 231
116 539 241 220
117 530 235 235
118 527 244 229
119 511 240 249
120 506 235 259
121 496 244 260
122 498 256 246
123 489 267 244
124 483 270 247
125 466 282 252
126 457 290 253
127 456 303 241
128 451 309 240
129 438 305 257
130 426 306 268
131 419 307 274
132 408 311 281
133 397 310 293
134 401 313 286
135 396 296 308
136 392 295 313
137 388 303 309
138 387 306 307
139 387 306 307
140 392 302 306
141 396 298 306
142 399 291 310
143 396 305 299
144 383 309 308
145 379 314 307
146 384 315 301
147 382 310 308
148 382 316 302
149 391 320 289
150 385 318 297
151 397 310 293
152 413 294 293
153 420 273 307
154 422 265 313
155 415 268 317
156 402 269 329
157 411 278 311
158 427 271 302
159 438 263 299
160 461 268 271
161 474 266 260
162 465 261 274
163 465 267 268
164 463 266 271
165 461 259 280
166 451 268 281
167 445 286 269
168 437 287 276
169 419 297 284
170 399 320 281
171 396 334 270
172 394 338 268
173 386 347 267
174 369 346 285
175 366 345 289
176 351 347 302
177 342 352 306
178 347 338 315
179 345 319 336
180 349 317 334
181 354 304 342
182 359 300 341
183 358 296 346
184 365 295 340
185 379 283 338
186 392 283 325
187 390 289 321
188 389 293 318
189 385 307 308
190 386 315 299
191 374 318 308
192 363 331 306
193 356 354 290
194 334 361 305
195 330 377 293
196 320 377 303
197 315 373 312
198 320 370 310
199 318 362 320
200 305 351 344
201 310 341 349
202 306 329 365
203 313 317 370
204 322 310 368
205 327 305 368
206 315 303 382
207 330 323 347
208 335 319 346
209 341 324 335
210 360 330 310
211 367 323 310
212 363 323 314
213 371 332 297
214 367 326 307
215 355 310 335
216 354 326 320
217 346 322 332
218 350 324 326
219 348 327 325
220 358 329 313
221 355 310 335
222 378 319 303
223 376 312 312
224 400 298 302
225 397 278 325
226 398 279 323
227 398 275 327
228 402 273 325
229 404 288 308
230 416 277 307
231 438 272 290
232 448 264 288
233 449 274 277
234 462 272 266
235 461 263 276
236 456 266 278
237 458 256 286
238 439 265 296
239 432 289 279
240 413 304 283
241 415 313 272
242 409 313 278
243 401 328 271
244 403 333 264
245 398 341 261
246 399 337 264
247 388 312 300
248 389 308 303
249 390 298 312
250 377 297 326
251 382 295 323
252 391 285 324
253 394 268 338
254 417 269 314
255 428 271 301
256 446 264 290
257 454 256 290
258 458 249 293
259 468 247 285
260 474 247 279
261 475 258 267
262 472 256 272
263 492 257 251
264 489 244 267
265 487 255 258
266 496 264 240
267 501 257 242
268 489 252 259
269 491 253 256
270 484 253 263
271 479 259 262
272 462 277 261
273 456 283 261
274 460 280 260
275 457 283 260
276 449 291 260
277 447 298 255
278 439 300 261
279 426 302 272
280 426 297 277
281 435 291 274
282 429 285 286
283 435 288 277
284 439 274 287
285 451 263 286
286 453 249 298
287 463 245 292
288 468 240 292
289 474 241 285
290 475 241 284
291 478 237 285
292 485 248 267
293 483 252 265
294 471 268 261
295 465 284 251
296 459 295 246
297 447 300 253
298 431 312 257
299 420 332 248
300 408 332 260
301 400 340 260
302 387 332 281
303 369 329 302
304 369 336 295
305 362 331 307
306 347 326 327
307 337 321 342
308 339 331 330
309 347 321 332
310 358 321 321
311 353 313 334
312 354 311 335
313 359 315 326
314 375 315 310
315 369 304 327
316 373 300 327
317 361 306 333
318 366 318 316
319 353 321 326
320 331 336 333
321 313 354 333
322 311 372 317
323 306 385 309
324 295 394 311
325 283 399 318
326 288 399 313
327 292 391 317
328 292 372 336
329 286 354 360
330 274 342 384
331 274 341 385
332 263 332 405
333 261 338 401
334 261 340 399
335 273 348 379
336 278 355 367
337 296 368 336
338 309 362 329
339 315 350 335
340 318 353 329
341 308 344 348
342 297 352 351
343 283 355 362
344 272 362 366
345 274 360 366
346 291 364 345
347 299 359 342
348 308 348 344
349 323 348 329
350 332 325 343
351 344 313 343
352 364 294 342
353 364 276 360
354 352 272 376
355 356 289 355
356 349 296 355
357 342 303 355
358 338 333 329
359 348 349 303
360 353 358 289
361 345 371 284
362 338 383 279
363 323 373 304
364 319 381 300
365 307 378 315
366 293 360 347
367 282 358 360
368 269 360 371
369 267 360 373
370 270 350 380
371 274 357 369
372 288 345 367
373 322 334 344
374 340 318 342
375 352 302 346
376 357 288 355
377 366 283 351
378 352 284 364
379 355 291 354
380 348 300 352
381 347 318 335
382 350 335 315
383 340 348 312
384 337 372 291
385 337 380 283
386 336 379 285
387 320 373 307
388 295 380 325
389 282 387 331
390 272 383 345
391 266 380 354
392 273 362 365
393 279 347 374
394 286 342 372
395 295 341 364
396 301 325 374
397 309 312 379
398 304 308 388
399 312 316 372
400 324 326 350
401 321 329 350
402 324 337 339
403 341 335 324
404 366 334 300
405 372 322 306
406 372 320 308
407 363 312 325
408 362 311 327
409 363 309 328
410 370 300 330
411 377 295 328
412 387 289 324
413 386 291 323
414 402 294 304
415 414 286 300
416 425 275 300
417 423 266 311
418 421 277 302
419 418 284 298
420 419 293 288
421 421 290 289
422 421 285 294
423 421 293 286
424 414 304 282
425 407 320 273
426 399 316 285
427 393 317 290
428 383 314 303
429 391 327 282
430 389 324 287
431 382 318 300
432 357 314 329
433 360 323 317
434 366 324 310
435 362 317 321
436 344 324 332
437 342 329 329
438 341 334 325
439 348 341 311
440 344 338 318
441 341 333 326
442 331 335 334
443 331 352 317
444 337 345 318
445 329 334 337
446 316 337 347
447 320 343 337
448 333 342 325
449 343 334 323
450 342 322 336
451 354 306 340
452 373 301 326
453 373 293 334
454 368 290 342
455 373 289 338
456 376 285 339
457 382 290 328
458 400 296 304
459 399 294 307
460 404 300 296
461 392 303 305
462 398 318 284
463 391 313 296
464 376 324 300
465 348 334 318
466 342 356 302
467 333 364 303
468 326 367 307
469 326 371 303
470 339 356 305
471 330 348 322
472 330 346 324
473 315 336 349
474 309 329 362
475 302 327 371
476 302 331 367
477 313 327 360
478 307 331 362
479 298 345 357
480 310 356 334
481 326 354 320
482 331 345 324
483 330 342 328
484 315 339 346
485 297 358 345
486 284 372 344
487 287 371 342
488 276 357 367
489 294 370 336
490 302 361 337
491 311 356 333
492 322 350 328
493 331 320 349
494 349 297 354
495 373 280 347
496 377 270 353
497 388 253 359
498 396 251 353
499 397 248 355
500 414 253 333
501 429 266 305
502 444 274 282
503 452 276 272
504 468 278 254
505 467 279 254
506 459 282 259
507 454 293 253
508 447 293 260
509 438 287 275
510 435 288 277
511 430 289 281
512 428 292 280
513 426 293 281
514 423 292 285
515 426 284 290
516 424 281 295
517 426 289 285
518 428 286 286
519 410 283 307
520 400 298 302
521 404 307 289
522 406 304 290
523 410 310 280
524 414 309 277
525 411 297 292
526 397 303 300
527 397 320 283
528 401 305 294
529 400 292 308
530 401 296 303
531 404 289 307
532 408 287 305
533 400 295 305
534 393 297 310
535 413 287 300
536 415 282 303
537 415 293 292
538 419 289 292
539 421 292 287
540 415 292 293
541 410 290 300
542 412 293 295
543 393 301 306
544 386 325 289
545 371 321 308
546 367 340 293
547 358 341 301
548 344 350 306
549 330 366 304
550 317 377 306
551 299 382 319
552 300 376 324
553 296 379 325
554 285 364 351
555 279 374 347
556 278 371 351
557 286 356 358
558 286 337 377
559 299 332 369
560 304 325 371
561 316 317 367
562 316 320 364
563 318 310 372
564 329 311 360
565 347 315 338
566 357 316 327
567 365 311 324
568 363 310 327
569 353 320 327
570 353 327 320
571 345 337 318
572 337 344 319
573 337 348 315
574 354 347 299
575 357 335 308
576 351 333 316
577 351 329 320
578 349 322 329
579 345 314 341
580 346 311 343
581 340 306 354
582 343 313 344
583 345 322 333
584 354 322 324
585 365 317 318
586 370 313 317
587 373 316 311
588 376 316 308
589 374 318 308
590 357 313 330
591 349 321 330
592 338 329 333
593 326 345 329
594 317 361 322
595 321 367 312
596 317 363 320
597 322 365 313
598 316 365 319
599 301 363 336
600 299 370 331
601 294 356 350
602 302 345 353
603 294 331 375
604 290 343 367
605 293 345 362
606 292 342 366
607 290 345 365
608 303 340 357
609 305 341 354
610 313 350 337
611 316 356 328
612 317 341 342
613 319 338 343
614 314 339 347
615 330 341 329
616 329 330 341
617 328 330 342
618 327 322 351
619 343 317 340
620 352 316 332
621 360 310 330
622 363 301 336
623 377 296 327
624 381 293 326
625 396 289 315
626 400 282 318
627 392 283 325
628 394 292 314
629 397 296 307
630 396 302 302
631 385 308 307
632 388 322 290
633 388 323 289
634 379 330 291
635 381 338 281
636 364 327 309
637 351 340 309
638 347 347 306
639 336 345 319
640 332 342 326
641 341 345 314
642 346 329 325
643 360 316 324
644 359 313 328
645 357 301 342
646 367 296 337
647 384 288 328
648 388 274 338
649 387 267 346
650 387 284 329
651 376 297 327
652 379 311 310
653 371 320 309
654 376 333 291
655 362 336 302
656 350 364 286
657 329 383 288
658 304 387 309
659 294 399 307
660 296 395 309
661 291 384 325
662 293 376 331
663 288 371 341
664 289 348 363
665 299 328 373
666 311 314 375
667 318 290 392
668 316 287 397
669 320 300 380
670 327 304 369
671 344 302 354
672 354 308 338
673 355 318 327
674 371 331 298
675 360 339 301
676 360 353 287
677 352 340 308
678 330 344 326
679 317 368 315
680 294 375 331
681 281 388 331
682 262 388 350
683 253 399 348
684 273 394 333
685 275 387 338
686 277 381 342
687 273 355 372
688 275 352 373
689 278 337 385
690 271 334 395
691 288 330 382
692 282 318 400
693 304 331 365
694 332 315 353
695 348 313 339
696 369 300 331
697 368 294 338
698 371 298 331
699 375 299 326
700 362 307 331
701 354 307 339
702 327 331 342
703 318 360 322
704 305 382 313
705 299 401 300
706 293 403 304
707 280 408 312
708 274 413 313
709 251 419 330
710 238 418 344
711 223 402 375
712 215 395 390
713 219 384 397
714 226 378 396
715 233 366 401
716 232 354 414
717 253 349 398
718 273 329 398
719 286 325 389
720 287 319 394
721 292 329 379
722 297 330 373
723 297 337 366
724 289 349 362
725 294 362 344
726 286 377 337
727 284 389 327
728 275 397 328
729 257 396 347
730 249 413 338
731 239 414 347
732 240 412 348
733 234 398 368
734 238 389 373
735 238 373 389
736 264 365 371
737 267 340 393
738 273 320 407
739 275 313 412
740 281 313 406
741 275 321 404
742 284 336 380
743 291 343 366
744 294 344 362
745 301 366 333
746 300 379 321
747 287 387 326
748 277 400 323
749 270 402 328
750 246 394 360
751 242 411 347
752 225 414 361
753 220 409 371
754 224 401 375
755 225 389 386
756 240 375 385
757 258 358 384
758 255 348 397
759 249 334 417
760 247 337 416
761 256 344 400
762 264 343 393
763 284 347 369
764 290 341 369
765 289 352 359
766 298 363 339
767 295 368 337
768 278 368 354
769 260 378 362
770 234 397 369
771 227 419 354
772 221 432 347
773 218 427 355
774 226 419 355
775 247 406 347
776 248 385 367
777 238 374 388
778 241 365 394
779 236 340 424
780 241 332 427
781 241 332 427
782 246 340 414
783 234 348 418
784 254 381 365
785 258 372 370
786 275 377 348
787 269 385 346
788 259 399 342
789 243 409 348
790 223 417 360
791 205 429 366
792 210 414 376
793 227 418 355
794 219 396 385
795 220 396 384
796 227 381 392
797 231 364 405
798 235 352 413
799 264 336 400
800 253 322 425
801 264 329 407
802 270 340 390
803 279 334 387
804 284 340 376
805 290 352 358
806 301 358 341
807 298 363 339
808 296 380 324
809 293 375 332
810 301 367 332
811 308 365 327
812 309 352 339
813 313 339 348
814 324 329 347
815 314 313 373
816 328 306 366
817 336 297 367
818 333 297 370
819 347 302 351
820 361 301 338
821 376 300 324
822 389 295 316
823 399 298 303
824 403 295 302
825 409 300 291
826 400 294 306
827 393 298 309
828 380 306 314
829 374 320 306
830 358 331 311
831 369 344 287
832 372 336 292
833 372 328 300
834 380 334 286
835 366 322 312
836 346 328 326
837 336 334 330
838 331 333 336
839 336 325 339
840 338 328 334
841 338 334 328
842 346 328 326
843 342 332 326
844 360 330 310
845 368 306 326
846 364 299 337
847 340 311 349
848 333 332 335
849 333 333 334
850 317 339 344
851 320 351 329
852 324 350 326
853 322 370 308
854 318 379 303
855 304 371 325
856 306 364 330
857 294 361 345
858 294 367 339
859 299 355 346
860 286 351 363
861 280 344 376
862 286 341 373
863 281 343 376
864 284 355 361
865 282 355 363
866 289 351 360
867 284 356 360
868 282 365 353
869 289 374 337
870 285 370 345
871 286 372 342
872 269 359 372
873 263 376 361
874 252 386 362
875 238 392 370
876 234 397 369
877 234 392 374
878 233 396 371
879 249 395 356
880 244 392 364
881 239 380 381
882 249 375 376
883 256 359 385
884 270 347 383
885 281 338 381
886 283 323 394
887 274 322 404
888 279 334 387
889 277 341 382
890 280 348 372
891 285 361 354
892 278 368 354
893 275 384 341
894 272 402 326
895 267 406 327
896 272 399 329
897 274 387 339
898 249 378 373
899 244 390 366
900 237 388 375
901 230 379 391
902 227 368 405
903 240 367 393
904 249 361 390
905 266 364 370
906 271 356 373
907 273 339 388
908 291 339 370
909 295 330 375
910 309 337 354
911 315 324 361
912 324 324 352
913 337 312 351
914 362 307 331
915 369 299 332
916 378 292 330
917 370 292 338
918 390 293 317
919 395 286 319
920 405 281 314
921 410 283 307
922 411 283 306
923 413 290 297
924 415 295 290
925 415 293 292
926 390 292 318
927 381 324 295
928 365 338 297
929 347 352 301
930 329 370 301
931 320 381 299
932 308 385 307
933 315 399 286
934 302 393 305
935 287 374 339
936 281 375 344
937 281 367 352
938 284 349 367
939 291 335 374
940 286 324 390
941 292 315 393
942 306 315 379
943 311 320 369
944 320 314 366
945 325 313 362
946 315 326 359
947 324 350 326
948 319 352 329
949 298 366 336
950 296 387 317
951 302 384 314
952 292 384 324
953 275 395 330
954 274 399 327
955 267 376 357
956 270 381 349
957 276 364 360
958 281 337 382
959 291 335 374
960 291 325 384
961 295 314 391
962 330 306 364
963 324 294 382
964 337 295 368
965 346 299 355
966 346 317 337
967 355 319 326
968 352 320 328
969 355 334 311
970 344 339 317
971 334 362 304
972 326 371 303
973 294 375 331
974 283 389 328
975 266 398 336
976 247 414 339
977 250 419 331
978 245 411 344
979 258 393 349
980 260 371 369
981 255 365 380
982 255 356 389
983 254 347 399
984 266 332 402
985 266 315 419
986 286 323 391
987 305 321 374
988 303 324 373
989 323 332 345
990 333 321 346
991 341 320 339
992 348 327 325
993 333 337 330
994 328 344 328
995 313 351 336
996 306 363 331
997 315 362 323
998 305 364 331
999 286 375 339
1000 273 387 340
1001 272 390 338
1002 260 384 356
1003 247 389 364
1004 255 390 355
1005 252 383 365
1006 246 384 370
1007 249 379 372
1008 252 364 384
1009 263 358 379
1010 270 353 377
1011 277 341 382
1012 288 333 379
1013 282 329 389
1014 291 334 375
1015 308 330 362
1016 309 328 363
1017 306 333 361
1018 306 341 353
1019 311 353 336
1020 311 356 333
1021 321 360 319
1022 321 345 334
1023 323 349 328
1024 313 349 338
1025 316 354 330
1026 297 343 360
1027 288 350 362
1028 283 356 361
1029 296 357 347
1030 305 359 336
1031 302 346 352
1032 299 349 352
1033 316 347 337
1034 316 341 343
1035 317 334 349
1036 310 327 363
1037 306 333 361
1038 323 335 342
1039 324 331 345
1040 337 327 336
1041 337 316 347
1042 344 322 334
1043 345 322 333
1044 334 328 338
1045 314 333 353
1046 302 351 347
1047 300 367 333
1048 312 373 315
1049 298 372 330
1050 302 380 318
1051 302 376 322
1052 303 370 327
1053 293 364 343
1054 270 356 374
1055 273 363 364
1056 267 354 379
1057 265 361 374
1058 253 355 392
1059 265 371 364
1060 276 365 359
1061 298 360 342
1062 304 346 350
1063 300 333 367
1064 281 346 373
1065 283 358 359
1066 273 362 365
1067 273 356 371
1068 276 362 362
1069 275 364 361
1070 285 379 336
1071 274 382 344
1072 276 380 344
1073 272 366 362
1074 288 366 346
1075 276 356 368
1076 268 362 370
1077 250 368 382
1078 243 371 386
1079 244 375 381
1080 247 376 377
1081 245 387 368
1082 252 389 359
1083 241 392 367
1084 236 397 367
1085 241 396 363
1086 237 388 375
1087 229 388 383
1088 216 395 389
1089 218 397 385
1090 221 393 386
1091 227 387 386
1092 230 376 394
1093 232 374 394
1094 233 380 387
1095 231 379 390
1096 250 374 376
1097 244 353 403
1098 240 363 397
1099 246 373 381
1100 249 378 373
1101 252 377 371
1102 259 368 373
1103 261 362 377
1104 271 365 364
1105 269 376 355
1106 260 368 372
1107 257 367 376
1108 262 365 373
1109 282 361 357
1110 288 350 362
1111 297 350 353
1112 291 338 371
1113 304 333 363
1114 316 328 356
1115 330 317 353
1116 336 305 359
1117 340 303 357
1118 334 310 356
1119 335 316 349
1120 338 327 335
1121 345 329 326
1122 351 327 322
1123 347 332 321
1124 347 348 305
1125 332 350 318
1126 329 358 313
1127 328 355 317
1128 333 345 322
1129 330 338 332
1130 331 343 326
1131 326 337 337
1132 324 326 350
1133 313 326 361
1134 322 329 349
1135 323 323 354
1136 328 332 340
1137 328 334 338
1138 328 329 343
1139 334 335 331
1140 326 340 334
1141 321 348 331
1142 320 350 330
1143 322 357 321
1144 330 346 324
1145 331 336 333
1146 333 340 327
1147 340 332 328
1148 342 320 338
1149 348 310 342
1150 348 302 350
1151 355 295 350
1152 354 299 347
1153 361 310 329
1154 367 299 334
1155 385 301 314
1156 405 295 300
1157 421 285 294
1158 429 277 294
1159 424 276 300
1160 407 277 316
1161 402 283 315
1162 389 299 312
1163 382 310 308
1164 366 323 311
1165 359 349 292
1166 352 364 284
1167 352 372 276
1168 352 371 277
1169 335 365 300
1170 322 366 312
1171 292 368 340
1172 281 385 334
1173 280 370 350
1174 283 356 361
1175 291 345 364
1176 316 338 346
1177 330 319 351
1178 337 304 359
1179 341 295 364
1180 360 274 366
1181 375 270 355
1182 389 269 342
1183 395 266 339
1184 395 267 338
1185 399 286 315
1186 393 297 310
1187 407 312 281
1188 395 319 286
1189 380 335 285
1190 356 351 293
1191 345 378 277
1192 330 388 282
1193 317 384 299
1194 311 386 303
1195 307 377 316
1196 301 374 325
1197 300 364 336
1198 292 349 359
1199 289 330 381
1200 294 323 383
1201 310 322 368
1202 335 304 361
1203 340 288 372
1204 355 286 359
1205 362 281 357
1206 379 289 332
1207 392 291 317
1208 384 285 331
1209 379 294 327
1210 383 317 300
1211 379 329 292
1212 374 335 291
1213 367 345 288
1214 371 344 285
1215 379 338 283
1216 373 336 291
1217 360 333 307
1218 345 323 332
1219 339 326 335
1220 340 326 334
1221 341 315 344
1222 343 315 342
1223 347 319 334
1224 368 317 315
1225 394 299 307
1226 399 283 318
1227 416 275 309
1228 425 258 317
1229 433 260 307
1230 428 252 320
1231 421 253 326
1232 426 262 312
1233 432 275 293
1234 441 285 274
1235 451 284 265
1236 436 291 273
1237 427 304 269
1238 422 321 257
1239 417 325 258
1240 395 321 284
1241 369 330 301
1242 360 346 294
1243 342 356 302
1244 328 367 305
1245 303 368 329
1246 290 376 334
1247 278 385 337
1248 264 401 335
1249 268 406 326
1250 265 386 349
1251 264 379 357
1252 280 369 351
1253 290 352 358
1254 286 334 380
1255 273 329 398
1256 282 326 392
1257 307 312 381
1258 311 307 382
1259 315 310 375
1260 331 316 353
1261 352 317 331
1262 364 314 322
1263 380 307 313
1264 382 294 324
1265 373 306 321
1266 368 320 312
1267 363 322 315
1268 360 321 319
1269 352 323 325
1270 354 334 312
1271 364 339 297
1272 365 342 293
1273 353 329 318
1274 345 327 328
1275 342 333 325
1276 330 337 333
1277 326 347 327
1278 320 340 340
1279 305 341 354
1280 313 353 334
1281 306 358 336
1282 302 367 331
1283 309 365 326
1284 310 354 336
1285 313 343 344
1286 311 347 342
1287 304 348 348
1288 296 343 361
1289 290 346 364
1290 299 343 358
1291 302 336 362
1292 305 344 351
1293 303 352 345
1294 307 350 343
1295 317 345 338
1296 322 340 338
1297 321 332 347
1298 315 336 349
1299 299 349 352
1300 288 357 355
1301 299 360 341
1302 309 351 340
1303 313 346 341
1304 322 347 331
1305 317 346 337
1306 305 347 348
1307 310 346 344
1308 319 333 348
1309 328 321 351
1310 331 321 348
1311 333 323 344
1312 330 320 350
1313 339 324 337
1314 353 314 333
1315 366 301 333
1316 372 301 327
1317 359 307 334
1318 354 320 326
1319 347 323 330
1320 330 333 337
1321 334 346 320
1322 341 352 307
1323 333 358 309
1324 325 366 309
1325 318 368 314
1326 312 362 326
1327 311 365 324
1328 305 356 339
1329 294 349 357
1330 300 354 346
1331 295 342 363
1332 283 339 378
1333 284 349 367
1334 286 354 360
1335 284 349 367
1336 296 360 344
1337 306 355 339
1338 308 340 352
1339 295 350 355
1340 294 366 340
1341 286 357 357
1342 278 360 362
1343 261 373 366
1344 258 379 363
1345 257 387 356
1346 233 403 364
1347 228 417 355
1348 237 406 357
1349 245 406 349
1350 251 395 354
1351 246 376 378
1352 251 375 374
1353 253 362 385
1354 261 344 395
1355 276 322 402
1356 278 318 404
1357 271 316 413
1358 282 334 384
1359 289 342 369
1360 306 336 358
1361 316 332 352
1362 320 340 340
1363 310 358 332
1364 300 372 328
1365 295 384 321
1366 272 371 357
1367 274 386 340
1368 262 390 348
1369 250 406 344
1370 236 410 354
1371 237 406 357
1372 234 391 375
1373 246 382 372
1374 242 383 375
1375 234 372 394
1376 233 376 391
1377 237 361 402
1378 251 353 396
1379 262 343 395
1380 275 347 378
1381 268 343 389
1382 273 349 378
1383 272 355 373
1384 259 352 389
1385 266 380 354
1386 268 381 351
1387 257 389 354
1388 248 396 356
1389 245 409 346
1390 251 406 343
1391 261 394 345
1392 231 387 382
1393 216 389 395
1394 207 403 390
1395 209 404 387
1396 205 395 400
1397 218 386 396
1398 238 376 386
1399 246 368 386
1400 267 367 366
1401 270 344 386
1402 289 327 384
1403 308 307 385
1404 324 297 379
1405 341 290 369
1406 351 283 366
1407 358 281 361
1408 384 275 341
1409 392 272 336
1410 386 281 333
1411 385 307 308
1412 380 318 302
1413 367 330 303
1414 340 350 310
1415 342 379 279
1416 340 383 277
1417 327 388 285
1418 304 392 304
1419 289 389 322
1420 280 393 327
1421 266 390 344
1422 264 384 352
1423 273 357 370
1424 270 344 386
1425 286 342 372
1426 312 322 366
1427 314 299 387
1428 328 293 379
1429 340 282 378
1430 357 276 367
1431 360 286 354
1432 361 296 343
1433 376 297 327
1434 382 302 316
1435 387 319 294
1436 390 320 290
1437 383 328 289
1438 371 341 288
1439 349 343 308
1440 333 355 312
1441 314 370 316
1442 287 384 329
1443 284 394 322
1444 282 396 322
1445 278 390 332
1446 277 381 342
1447 274 380 346
1448 277 371 352
1449 272 353 375
1450 273 344 383
1451 267 333 400
1452 269 337 394
1453 277 341 382
1454 282 342 376
1455 289 338 373
1456 300 340 360
1457 301 347 352
1458 318 355 327
1459 316 349 335
1460 297 347 356
1461 305 362 333
1462 310 353 337
1463 303 352 345
1464 285 357 358
1465 284 368 348
1466 299 361 340
1467 314 352 334
1468 320 339 341
1469 323 318 359
1470 324 324 352
1471 336 324 340
1472 343 307 350
1473 353 289 358
1474 356 286 358
1475 369 292 339
1476 383 292 325
1477 378 299 323
1478 367 298 335
1479 369 309 322
1480 369 324 307
1481 366 342 292
1482 344 348 308
1483 335 364 301
1484 326 373 301
1485 326 375 299
1486 324 376 300
1487 320 367 313
1488 321 356 323
1489 317 337 346
1490 300 335 365
1491 293 336 371
1492 292 334 374
1493 288 333 379
1494 296 336 368
1495 291 337 372
1496 298 353 349
1497 284 365 351
1498 276 381 343
1499 282 388 330
1500 289 384 327
1501 279 378 343
1502 274 385 341
1503 276 389 335
1504 280 371 349
1505 286 355 359
1506 289 333 378
1507 294 323 383
1508 295 322 383
1509 296 327 377
1510 299 319 382
1511 314 312 374
1512 323 315 362
1513 338 322 340
1514 344 329 327
1515 341 333 326
1516 328 337 335
1517 334 345 321
1518 325 347 328
1519 317 363 320
1520 302 368 330
1521 287 376 337
1522 285 384 331
1523 270 382 348
1524 277 393 330
1525 263 378 359
1526 255 390 355
1527 256 382 362
1528 250 376 374
1529 245 374 381
1530 258 371 371
1531 246 360 394
1532 247 361 392
1533 250 375 375
1534 255 360 385
1535 249 363 388
1536 250 375 375
1537 268 376 356
1538 266 361 373
1539 275 374 351
1540 259 364 377
1541 274 366 360
1542 276 366 358
1543 269 361 370
1544 275 356 369
1545 273 349 378
1546 273 366 361
1547 281 353 366
1548 290 355 355
1549 288 344 368
1550 286 346 368
1551 303 353 344
1552 298 341 361
1553 276 353 371
1554 296 358 346
1555 293 351 356
1556 303 352 345
1557 287 353 360
1558 269 367 364
1559 261 378 361
1560 257 398 345
1561 257 390 353
1562 263 385 352
1563 274 386 340
1564 270 374 356
1565 267 377 356
1566 273 366 361
1567 263 349 388
1568 270 339 391
1569 282 340 378
1570 266 333 401
1571 281 348 371
1572 276 345 379
1573 295 347 358
1574 316 339 345
1575 319 335 346
1576 309 342 349
1577 302 351 347
1578 275 365 360
1579 246 377 377
1580 237 409 354
1581 244 416 340
1582 244 417 339
1583 237 421 342
1584 247 421 332
1585 248 402 350
1586 266 387 347
1587 261 357 382
1588 273 330 397
1589 280 311 409
1590 284 303 413
1591 298 295 407
1592 315 281 404
1593 324 283 393
1594 337 289 374
1595 340 306 354
1596 347 330 323
1597 348 342 310
1598 348 349 303
1599 354 357 289
1600 345 365 290
1601 339 372 289
1602 327 372 301
1603 320 367 313
1604 319 350 331
1605 309 339 352
1606 312 342 346
1607 308 331 361
1608 313 327 360
1609 312 315 373
1610 308 316 376
1611 330 325 345
1612 338 320 342
1613 329 323 348
1614 330 329 341
1615 331 339 330
1616 328 342 330
1617 340 357 303
1618 347 344 309
1619 364 328 308
1620 364 316 320
1621 373 313 314
1622 362 298 340
1623 371 299 330
1624 364 287 349
1625 376 279 345
1626 378 280 342
1627 375 294 331
1628 371 309 320
1629 374 316 310
1630 380 328 292
1631 395 321 284
1632 399 318 283
1633 383 322 295
1634 377 337 286
1635 360 329 311
1636 353 331 316
1637 349 331 320
1638 352 323 325
1639 340 327 333
1640 328 342 330
1641 326 350 324
1642 330 337 333
1643 333 341 326
1644 327 336 337
1645 325 342 333
1646 312 352 336
1647 298 361 341
1648 291 360 349
1649 302 359 339
1650 307 361 332
1651 312 352 336
1652 311 352 337
1653 297 347 356
1654 292 351 357
1655 287 347 366
1656 297 353 350
1657 293 344 363
1658 309 346 345
1659 315 339 346
1660 326 333 341
1661 337 327 336
1662 365 312 323
1663 369 288 343
1664 387 278 335
1665 387 269 344
1666 393 267 340
1667 394 268 338
1668 406 273 321
1669 426 267 307
1670 445 262 293
1671 451 267 282
1672 446 271 283
1673 441 285 274
1674 423 292 285
1675 412 309 279
1676 391 315 294
1677 382 342 276
1678 364 356 280
1679 354 369 277
1680 349 375 276
1681 351 366 283
1682 341 357 302
1683 332 350 318
1684 325 353 322
1685 323 333 344
1686 315 321 364
1687 324 316 360
1688 317 301 382
1689 324 317 359
1690 327 319 354
1691 316 323 361
1692 325 331 344
1693 331 342 327
1694 322 348 330
1695 314 362 324
1696 300 385 315
1697 292 383 325
1698 274 389 337
1699 269 403 328
1700 271 400 329
1701 248 387 365
1702 247 404 349
1703 235 391 374
1704 253 380 367
1705 250 364 386
1706 250 361 389
1707 261 347 392
1708 254 339 407
1709 250 359 391
1710 260 346 394
1711 286 349 365
1712 296 334 370
1713 309 340 351
1714 326 330 344
1715 322 327 351
1716 322 339 339
1717 338 319 343
1718 325 316 359
1719 333 326 341
1720 327 333 340
1721 320 333 347
1722 329 350 321
1723 333 344 323
1724 344 328 328
1725 337 337 326
1726 337 347 316
1727 326 337 337
1728 317 341 342
1729 299 350 351
1730 291 351 358
1731 292 365 343
1732 279 380 341
1733 274 384 342
1734 276 379 345
1735 268 387 345
1736 260 391 349
1737 266 390 344
1738 246 383 371
1739 237 389 374
1740 229 383 388
1741 231 387 382
1742 215 390 395
1743 199 398 403
1744 215 410 375
1745 232 395 373
1746 238 385 377
1747 257 373 370
1748 265 360 375
1749 265 348 387
1750 270 345 385
1751 281 332 387
1752 289 309 402
1753 301 316 383
1754 314 314 372
1755 317 313 370
1756 323 323 354
1757 334 329 337
1758 348 321 331
1759 362 320 318
1760 343 329 328
1761 329 341 330
1762 324 357 319
1763 305 363 332
1764 293 372 335
1765 293 378 329
1766 275 386 339
1767 261 405 334
1768 251 410 339
1769 222 408 370
1770 217 421 362
1771 205 420 375
1772 220 423 357
1773 210 402 388
1774 212 404 384
1775 217 383 400
1776 238 373 389
1777 252 354 394
1778 263 327 410
1779 281 317 402
1780 293 296 411
1781 303 305 392
1782 328 293 379
1783 327 289 384
1784 332 300 368
1785 350 314 336
1786 358 323 319
1787 371 325 304
1788 348 333 319
1789 337 347 316
1790 325 370 305
1791 315 386 299
1792 304 385 311
1793 291 382 327
1794 286 386 328
1795 281 389 330
1796 288 386 326
1797 286 365 349
1798 289 344 367
1799 305 325 370
1800 320 310 370
1801 317 298 385
1802 310 297 393
1803 305 301 394
1804 314 309 377
1805 339 321 340
1806 335 317 348
1807 331 340 329
1808 323 359 318
1809 315 379 306
1810 312 388 300
1811 293 387 320
1812 277 398 325
1813 268 402 330
1814 249 415 336
1815 241 411 348
1816 236 400 364
1817 239 385 376
1818 236 373 391
1819 240 377 383
1820 239 362 399
1821 225 359 416
1822 237 360 403
1823 242 352 406
1824 249 358 393
1825 261 366 373
1826 258 366 376
1827 282 365 353
1828 285 356 359
1829 281 356 363
1830 285 359 356
1831 289 363 348
1832 287 353 360
1833 284 347 369
1834 286 350 364
1835 278 349 373
1836 286 366 348
1837 288 358 354
1838 280 353 367
1839 275 357 368
1840 268 372 360
1841 262 385 353
1842 272 388 340
1843 258 379 363
1844 260 376 364
1845 255 382 363
1846 247 392 361
1847 239 396 365
1848 239 389 372
1849 243 376 381
1850 248 369 383
1851 263 373 364
1852 256 361 383
1853 270 362 368
1854 269 338 393
1855 278 335 387
1856 286 333 381
1857 295 338 367
1858 280 336 384
1859 281 347 372
1860 280 358 362
1861 280 358 362
1862 282 382 336
1863 281 383 336
1864 269 386 345
1865 265 393 342
1866 248 399 353
1867 241 405 354
1868 245 401 354
1869 229 397 374
1870 225 389 386
1871 230 392 378
1872 233 384 383
1873 233 374 393
1874 248 368 384
1875 260 347 393
1876 275 339 386
1877 290 328 382
1878 310 321 369
1879 310 298 392
1880 319 306 375
1881 319 307 374
1882 344 313 343
1883 345 309 346
1884 352 316 332
1885 359 320 321
1886 381 320 299
1887 379 321 300
1888 371 315 314
1889 379 322 299
1890 375 308 317
1891 368 316 316
1892 355 316 329
1893 354 325 321
1894 341 326 333
1895 346 338 316
1896 349 339 312
1897 355 329 316
1898 344 337 319
1899 350 340 310
1900 339 334 327
1901 336 336 328
1902 331 338 331
1903 321 331 348
1904 320 340 340
1905 301 351 348
1906 290 362 348
1907 282 370 348
1908 290 384 326
1909 271 374 355
1910 280 391 329
1911 278 389 333
1912 282 382 336
1913 275 367 358
1914 279 363 358
1915 271 351 378
1916 268 345 387
1917 261 358 381
1918 259 348 393
1919 259 352 389
1920 267 359 374
1921 273 366 361
1922 284 364 352
1923 299 365 336
1924 293 356 351
1925 305 349 346
1926 308 347 345
1927 316 340 344
1928 300 325 375
1929 305 334 361
1930 303 331 366
1931 305 332 363
1932 319 339 342
1933 318 332 350
1934 323 335 342
1935 332 337 331
1936 329 343 328
1937 319 337 344
1938 311 350 339
1939 310 357 333
1940 310 351 339
1941 321 358 321
1942 306 344 350
1943 308 357 335
1944 309 349 342
1945 320 354 326
1946 336 330 334
1947 342 307 351
1948 343 307 350
1949 348 299 353
1950 344 308 348
1951 342 299 359
1952 347 309 344
1953 356 299 345
1954 360 314 326
1955 354 333 313
1956 365 339 296
1957 364 336 300
1958 365 328 307
1959 345 336 319
1960 352 346 302
1961 344 349 307
1962 326 342 332
1963 319 341 340
1964 317 342 341
1965 329 347 324
1966 319 343 338
1967 319 345 336
1968 318 335 347
1969 318 333 349
1970 319 340 341
1971 311 340 349
1972 297 347 356
1973 293 356 351
1974 307 364 329
1975 323 348 329
1976 315 342 343
1977 317 352 331
1978 320 343 337
1979 325 340 335
1980 307 328 365
1981 305 337 358
1982 321 331 348
1983 328 331 341
1984 327 330 343
1985 324 321 355
1986 315 333 352
1987 337 345 318
1988 330 335 335
1989 307 333 360
1990 299 362 339
1991 284 370 346
1992 298 386 316
1993 285 381 334
1994 284 382 334
1995 288 371 341
1996 295 377 328
1997 294 372 334
1998 281 344 375
1999 281 349 370
2000 291 333 376
2001 303 328 369
2002 315 315 370
2003 300 314 386
2004 314 323 363
2005 335 314 351
2006 332 321 347
2007 339 319 342
2008 329 328 343
2009 326 343 331
2010 319 359 322
2011 300 367 333
2012 306 377 317
2013 296 380 324
2014 290 383 327
2015 267 391 342
2016 244 405 351
2017 228 413 359
2018 231 413 356
2019 244 402 354
2020 247 379 374
2021 253 373 374
2022 263 364 373
2023 268 346 386
2024 270 327 403
2025 282 317 401
2026 295 305 400
2027 315 303 382
2028 314 306 380
2029 320 313 367
2030 331 316 353
2031 346 323 331
2032 366 327 307
2033 368 317 315
2034 360 327 313
2035 353 337 310
2036 348 341 311
2037 349 339 312
2038 341 335 324
2039 350 336 314
2040 343 323 334
2041 347 340 313
2042 343 326 331
2043 332 320 348
2044 326 327 347
2045 317 335 348
2046 318 348 334
2047 309 346 345
2048 292 368 340
2049 306 368 326
2050 297 368 335
2051 293 383 324
2052 286 380 334
2053 282 379 339
2054 290 370 340
2055 276 364 360
2056 285 356 359
2057 278 347 375
2058 269 354 377
2059 274 348 378
2060 269 346 385
2061 273 352 375
2062 285 357 358
2063 291 351 358
2064 283 353 364
2065 251 370 379
2066 257 395 348
2067 248 395 357
2068 253 406 341
2069 257 395 348
2070 248 386 366
2071 252 401 347
2072 239 395 366
2073 226 391 383
2074 223 379 398
2075 208 382 410
2076 219 386 395
2077 218 386 396
2078 203 396 401
2079 197 396 407
2080 214 408 378
2081 242 395 363
2082 251 379 370
2083 260 367 373
2084 249 354 397
2085 239 365 396
2086 223 365 412
2087 221 381 398
2088 228 371 401
2089 238 377 385
2090 254 383 363
2091 268 379 353
2092 275 378 347
2093 289 360 351
2094 292 346 362
2095 294 327 379
2096 298 335 367
2097 297 325 378
2098 296 320 384
2099 302 325 373
2100 306 320 374
2101 304 334 362
2102 318 350 332
2103 311 355 334
2104 310 354 336
2105 304 365 331
2106 286 376 338
2107 288 389 323
2108 284 392 324
2109 276 382 342
2110 275 374 351
2111 278 370 352
2112 269 368 363
2113 278 366 356
2114 276 346 378
2115 283 335 382
2116 296 325 379
2117 310 322 368
2118 328 316 356
2119 344 302 354
2120 356 288 356
2121 370 278 352
2122 386 284 330
2123 373 279 348
2124 359 302 339
2125 362 319 319
2126 351 322 327
2127 350 347 303
2128 345 362 293
2129 332 377 291
2130 319 384 297
2131 303 402 295
2132 300 395 305
2133 295 381 324
2134 281 383 336
2135 285 372 343
2136 284 353 363
2137 275 339 386
2138 274 341 385
2139 290 324 386
2140 302 315 383
2141 291 317 392
2142 309 326 365
2143 316 319 365
2144 332 331 337
2145 341 329 330
2146 364 318 318
2147 360 312 328
2148 354 325 321
2149 341 329 330
2150 343 333 324
2151 333 338 329
2152 329 336 335
2153 328 342 330
2154 333 354 313
2155 321 355 324
2156 321 354 325
2157 335 350 315
2158 323 332 345
2159 327 339 334
2160 310 337 353
2161 300 348 352
2162 290 346 364
2163 298 355 347
2164 293 348 359
2165 307 357 336
2166 291 361 348
2167 276 370 354
2168 274 387 339
2169 280 378 342
2170 268 374 358
2171 274 377 349
2172 266 378 356
2173 256 377 367
2174 259 383 358
2175 239 371 390
2176 251 374 375
2177 255 371 374
2178 245 371 384
2179 255 378 367
2180 257 367 376
2181 238 366 396
2182 246 379 375
2183 252 383 365
2184 254 374 372
2185 234 375 391
2186 232 395 373
2187 225 390 385
2188 228 408 364
2189 223 406 371
2190 228 398 374
2191 249 389 362
2192 231 377 392
2193 224 394 382
2194 227 381 392
2195 208 383 409
2196 197 384 419
2197 207 397 396
2198 212 395 393
2199 230 399 371
2200 234 393 373
2201 262 372 366
2202 262 357 381
2203 258 355 387
2204 248 358 394
2205 243 355 402
2206 244 362 394
2207 237 357 406
2208 251 370 379
2209 249 377 374
2210 269 394 337
2211 281 376 343
2212 284 361 355
2213 286 361 353
2214 279 352 369
2215 262 364 374
2216 249 368 383
2217 239 374 387
2218 249 367 384
2219 259 375 366
2220 271 380 349
2221 277 368 355
2222 262 371 367
2223 259 374 367
2224 240 373 387
2225 244 386 370
2226 224 389 387
2227 215 401 384
2228 236 405 359
2229 249 396 355
2230 264 380 356
2231 277 362 361
2232 282 350 368
2233 288 332 380
2234 280 323 397
2235 280 319 401
2236 274 315 411
2237 278 330 392
2238 292 342 366
2239 297 346 357
2240 312 353 335
2241 319 356 325
2242 328 358 314
2243 321 353 326
2244 301 364 335
2245 286 369 345
2246 260 372 368
2247 256 394 350
2248 247 391 362
2249 237 397 366
2250 234 405 361
2251 232 413 355
2252 235 404 361
2253 233 396 371
2254 226 395 379
2255 222 380 398
2256 225 387 388
2257 221 378 401
2258 213 374 413
2259 225 374 401
2260 231 371 398
2261 229 373 398
2262 252 376 372
2263 240 368 392
2264 247 373 380
2265 248 375 377
2266 252 378 370
2267 263 374 363
2268 271 366 363
2269 278 356 366
2270 275 346 379
2271 278 357 365
2272 281 349 370
2273 272 344 384
2274 287 350 363
2275 272 339 389
2276 271 362 367
2277 278 373 349
2278 263 376 361
2279 261 380 359
2280 271 390 339
2281 267 385 348
2282 268 383 349
2283 250 393 357
2284 244 388 368
2285 248 383 369
2286 256 376 368
2287 262 364 374
2288 262 348 390
2289 285 353 362
2290 290 332 378
2291 315 317 368
2292 329 297 374
2293 335 288 377
2294 353 289 358
2295 369 283 348
2296 368 283 349
2297 381 279 340
2298 389 287 324
2299 404 294 302
2300 409 299 292
2301 401 303 296
2302 388 310 302
2303 382 329 289
2304 361 335 304
2305 318 360 322
2306 299 395 306
2307 273 407 320
2308 254 428 318
2309 232 443 325
2310 222 458 320
2311 220 449 331
2312 215 445 340
2313 213 425 362
2314 209 392 399
2315 201 384 415
2316 202 371 427
2317 205 355 440
2318 225 337 438
2319 226 326 448
2320 262 329 409
2321 295 313 392
2322 291 313 396
2323 295 325 380
2324 303 334 363
2325 316 342 342
2326 311 347 342
2327 303 363 334
2328 291 368 341
2329 291 396 313
2330 290 396 314
2331 293 385 322
2332 288 373 339
2333 271 370 359
2334 259 382 359
2335 255 378 367
2336 235 377 388
2337 242 369 389
2338 253 362 385
2339 265 362 373
2340 272 362 366
2341 267 358 375
2342 280 351 369
2343 276 342 382
2344 281 347 372
2345 264 350 386
2346 258 374 368
2347 255 380 365
2348 253 383 364
2349 257 389 354
2350 255 392 353
2351 272 403 325
2352 264 381 355
2353 249 386 365
2354 248 377 375
2355 241 372 387
2356 234 376 390
2357 245 377 378
2358 249 363 388
2359 257 348 395
2360 268 362 370
2361 282 346 372
2362 290 341 369
2363 308 338 354
2364 311 316 373
2365 334 312 354
2366 330 303 367
2367 314 322 364
2368 325 324 351
2369 320 329 351
2370 311 339 350
2371 313 351 336
2372 310 371 319
2373 293 378 329
2374 276 404 320
2375 269 402 329
2376 262 407 331
2377 260 409 331
2378 259 401 340
2379 241 390 369
2380 245 388 367
2381 238 377 385
2382 251 358 391
2383 255 347 398
2384 263 338 399
2385 283 328 389
2386 292 316 392
2387 288 318 394
2388 289 324 387
2389 297 334 369
2390 292 345 363
2391 301 361 338
2392 302 361 337
2393 297 370 333
2394 296 387 317
2395 307 386 307
2396 295 369 336
2397 289 371 340
2398 276 366 358
2399 268 363 369
2400 263 371 366
2401 246 367 387
2402 243 367 390
2403 256 371 373
2404 275 375 350
2405 288 354 358
2406 309 346 345
2407 298 328 374
2408 304 331 365
2409 313 329 358
2410 302 320 378
2411 280 327 393
2412 278 345 377
2413 265 368 367
2414 273 389 338
2415 277 399 324
2416 263 392 345
2417 263 408 329
2418 265 417 318
2419 259 408 333
2420 241 396 363
2421 239 391 370
2422 245 372 383
2423 259 356 385
2424 258 349 393
2425 251 334 415
2426 267 332 401
2427 284 325 391
2428 299 320 381
2429 315 310 375
2430 318 313 369
2431 321 326 353
2432 331 330 339
2433 333 335 332
2434 346 335 319
2435 343 329 328
2436 340 337 323
2437 330 350 320
2438 305 357 338
2439 289 369 342
2440 256 381 363
2441 260 409 331
2442 242 405 353
2443 231 429 340
2444 213 432 355
2445 216 437 347
2446 217 427 356
2447 220 414 366
2448 228 399 373
2449 237 363 400
2450 222 358 420
2451 226 349 425
2452 227 342 431
2453 239 336 425
2454 261 334 405
2455 273 325 402
2456 309 328 363
2457 313 328 359
2458 317 329 354
2459 312 334 354
2460 320 346 334
2461 299 344 357
2462 299 367 334
2463 276 376 348
2464 263 396 341
2465 262 409 329
2466 267 409 324
2467 272 399 329
2468 283 382 335
2469 273 373 354
2470 264 360 376
2471 259 360 381
2472 242 345 413
2473 238 349 413
2474 240 353 407
2475 261 361 378
2476 265 357 378
2477 278 362 360
2478 281 362 357
2479 299 359 342
2480 304 356 340
2481 301 347 352
2482 283 346 371
2483 267 356 377
2484 249 376 375
2485 243 389 368
2486 231 395 374
2487 236 410 354
2488 253 408 339
2489 260 400 340
2490 269 394 337
2491 261 375 364
2492 248 363 389
2493 247 363 390
2494 235 358 407
2495 236 355 409
2496 250 356 394
2497 254 350 396
2498 271 352 377
2499 281 354 365
2500 288 356 356
2501 294 349 357
2502 298 348 354
2503 289 347 364
2504 289 355 356
2505 282 361 357
2506 276 366 358
2507 276 370 354
2508 289 368 343
2509 278 362 360
2510 294 374 332
2511 297 359 344
2512 294 348 358
2513 291 345 364
2514 303 343 354
2515 307 327 366
2516 312 325 363
2517 305 326 369
2518 307 321 372
2519 320 334 346
2520 316 332 352
2521 317 339 344
2522 337 340 323
2523 337 336 327
2524 337 338 325
2525 358 337 305
2526 348 321 331
2527 346 318 336
2528 340 322 338
2529 330 321 349
2530 316 330 354
2531 311 348 341
2532 309 351 340
2533 319 354 327
2534 321 360 319
2535 316 361 323
2536 311 362 327
2537 293 368 339
2538 260 377 363
2539 255 392 353
2540 257 394 349
2541 249 389 362
2542 257 391 352
2543 250 382 368
2544 254 388 358
2545 271 378 351
2546 274 352 374
2547 271 334 395
2548 270 335 395
2549 273 341 386
2550 277 336 387
2551 278 341 381
2552 279 334 387
2553 286 343 371
2554 299 362 339
2555 311 367 322
2556 312 354 334
2557 304 347 349
2558 290 360 350
2559 284 369 347
2560 254 382 364
2561 238 403 359
2562 231 400 369
2563 238 402 360
2564 238 408 354
2565 232 415 353
2566 231 408 361
2567 238 400 362
2568 238 380 382
2569 255 359 386
2570 258 345 397
2571 246 340 414
2572 246 346 408
2573 254 339 407
2574 256 338 406
2575 273 344 383
2576 289 347 364
2577 304 352 344
2578 294 351 355
2579 286 366 348
2580 292 368 340
2581 279 369 352
2582 270 383 347
2583 255 386 359
2584 255 398 347
2585 241 393 366
2586 234 408 358
2587 240 400 360
2588 238 392 370
2589 247 393 360
2590 261 370 369
2591 255 353 392
2592 272 347 381
2593 270 335 395
2594 295 322 383
2595 304 305 391
2596 298 304 398
2597 313 309 378
2598 316 317 367
2599 323 331 346
2600 319 330 351
2601 325 346 329
2602 336 353 311
2603 326 359 315
2604 314 370 316
2605 295 377 328
2606 294 388 318
2607 291 375 334
2608 276 379 345
2609 262 378 360
2610 252 385 363
2611 260 389 351
2612 276 370 354
2613 293 347 360
2614 301 319 380
2615 313 324 363
2616 340 308 352
2617 349 282 369
2618 357 266 377
2619 381 254 365
2620 399 249 352
2621 414 254 332
2622 395 267 338
2623 401 281 318
2624 410 291 299
2625 413 308 279
2626 409 321 270
2627 394 337 269
2628 373 357 270
2629 363 373 264
2630 362 370 268
2631 354 357 289
2632 333 355 312
2633 333 359 308
2634 330 346 324
2635 316 333 351
2636 323 327 350
2637 318 304 378
2638 328 312 360
2639 339 315 346
2640 348 306 346
2641 352 293 355
2642 361 302 337
2643 373 306 321
2644 373 300 327
2645 355 323 322
2646 331 333 336
2647 315 354 331
2648 309 379 312
2649 289 398 313
2650 275 409 316
2651 268 419 313
2652 255 432 313
2653 261 422 317
2654 254 406 340
2655 235 392 373
2656 227 386 387
2657 232 375 393
2658 232 359 409
2659 233 349 418
2660 247 335 418
2661 264 331 405
2662 298 330 372
2663 310 310 380
2664 311 304 385
2665 318 314 368
2666 318 323 359
2667 317 333 350
2668 316 348 336
2669 316 353 331
2670 320 354 326
2671 330 370 300
2672 328 366 306
2673 325 358 317
2674 316 352 332
2675 312 351 337
2676 315 340 345
2677 308 332 360
2678 302 338 360
2679 307 328 365
2680 319 327 354
2681 331 323 346
2682 343 317 340
2683 357 306 337
2684 353 303 344
2685 350 315 335
2686 355 312 333
2687 353 317 330
2688 356 320 324
2689 353 321 326
2690 370 330 300
2691 377 324 299
2692 372 320 308
2693 377 313 310
2694 369 311 320
2695 360 314 326
2696 346 320 334
2697 343 333 324
2698 332 327 341
2699 322 344 334
2700 321 358 321
2701 319 366 315
2702 324 370 306
2703 334 362 304
2704 329 346 325
2705 337 338 325
2706 332 336 332
2707 321 324 355
2708 326 321 353
2709 330 308 362
2710 342 300 358
2711 344 296 360
2712 344 310 346
2713 351 318 331
2714 360 313 327
2715 368 316 316
2716 391 311 298
2717 396 301 303
2718 396 304 300
2719 392 308 300
2720 395 298 307
2721 392 287 321
2722 393 295 312
2723 402 291 307
2724 391 287 322
2725 383 308 309
2726 371 313 316
2727 385 321 294
2728 398 317 285
2729 398 315 287
2730 394 307 299
2731 388 315 297
2732 376 325 299
2733 373 316 311
2734 370 314 316
2735 361 309 330
2736 357 322 321
2737 365 328 307
2738 369 328 303
2739 377 316 307
2740 388 298 314
2741 402 296 302
2742 417 284 299
2743 414 274 312
2744 415 264 321
2745 407 257 336
2746 407 265 328
2747 411 277 312
2748 399 291 310
2749 403 305 292
2750 412 313 275
2751 414 314 272
2752 412 322 266
2753 406 331 263
2754 386 329 285
2755 369 337 294
2756 363 340 297
2757 362 332 306
2758 348 325 327
2759 347 338 315
2760 350 331 319
2761 361 319 320
2762 377 310 313
2763 383 286 331
2764 396 277 327
2765 402 272 326
2766 391 273 336
2767 387 271 342
2768 390 282 328
2769 380 291 329
2770 383 310 307
2771 380 331 289
2772 371 343 286
2773 358 357 285
2774 364 369 267
2775 357 365 278
2776 346 361 293
2777 322 363 315
2778 305 368 327
2779 289 364 347
2780 277 368 355
2781 261 366 373
2782 269 370 361
2783 279 366 355
2784 274 360 366
2785 277 363 360
2786 271 355 374
2787 273 365 362
2788 271 359 370
2789 265 363 372
2790 261 365 374
2791 251 373 376
2792 262 389 349
2793 278 375 347
2794 277 367 356
2795 286 358 356
2796 292 355 353
2797 295 345 360
2798 290 340 370
2799 285 337 378
2800 292 326 382
2801 299 333 368
2802 312 334 354
2803 315 330 355
2804 328 330 342
2805 343 327 330
2806 358 317 325
2807 380 305 315
2808 376 294 330
2809 378 291 331
2810 382 288 330
2811 388 288 324
2812 388 282 330
2813 391 285 324
2814 383 292 325
2815 386 312 302
2816 366 320 314
2817 352 343 305
2818 340 360 300
2819 318 372 310
2820 302 400 298
2821 288 413 299
2822 276 420 304
2823 255 412 333
2824 239 425 336
2825 233 418 349
2826 230 407 363
2827 222 398 380
2828 231 378 391
2829 239 356 405
2830 264 341 395
2831 262 324 414
2832 278 313 409
2833 298 304 398
2834 312 295 393
2835 343 290 367
2836 360 279 361
2837 376 284 340
2838 366 283 351
2839 376 310 314
2840 389 311 300
2841 387 307 306
2842 397 318 285
2843 387 313 300
2844 367 334 299
2845 362 349 289
2846 347 355 298
2847 349 343 308
2848 347 340 313
2849 335 346 319
2850 332 347 321
2851 318 355 327
2852 315 348 337
2853 299 336 365
2854 300 346 354
2855 294 357 349
2856 280 366 354
2857 272 374 354
2858 251 381 368
2859 247 394 359
2860 254 405 341
2861 238 410 352
2862 219 416 365
2863 211 424 365
2864 232 423 345
2865 239 394 367
2866 228 380 392
2867 225 378 397
2868 231 370 399
2869 241 359 400
2870 246 343 411
2871 256 330 414
2872 268 321 411
2873 272 338 390
2874 278 348 374
2875 287 344 369
2876 286 343 371
2877 294 355 351
2878 302 363 335
2879 297 368 335
2880 270 382 348
2881 265 392 343
2882 275 387 338
2883 277 381 342
2884 263 380 357
2885 256 382 362
2886 248 381 371
2887 244 384 372
2888 254 374 372
2889 254 354 392
2890 258 359 383
2891 263 361 376
2892 269 357 374
2893 273 349 378
2894 287 346 367
2895 293 329 378
2896 301 333 366
2897 295 345 360
2898 285 346 369
2899 280 354 366
2900 287 363 350
2901 290 364 346
2902 291 364 345
2903 279 380 341
2904 268 388 344
2905 262 387 351
2906 262 392 346
2907 263 384 353
2908 270 374 356
2909 269 366 365
2910 260 367 373
2911 267 360 373
2912 265 345 390
2913 266 348 386
2914 267 342 391
2915 278 349 373
2916 268 348 384
2917 272 366 362
2918 279 361 360
2919 296 361 343
2920 302 359 339
2921 307 350 343
2922 315 351 334
2923 323 336 341
2924 313 329 358
2925 318 321 361
2926 309 321 370
2927 302 330 368
2928 290 339 371
2929 299 360 341
2930 295 350 355
2931 292 369 339
2932 310 379 311
2933 305 369 326
2934 310 374 316
2935 311 360 329
2936 317 350 333
2937 338 323 339
2938 337 312 351
2939 343 294 363
2940 351 278 371
2941 352 280 368
2942 362 274 364
2943 369 278 353
2944 396 281 323
2945 386 281 333
2946 403 302 295
2947 397 303 300
2948 390 325 285
2949 390 330 280
2950 385 336 279
2951 377 337 286
2952 362 342 296
2953 344 357 299
2954 338 354 308
2955 316 359 325
2956 316 359 325
2957 309 354 337
2958 316 355 329
2959 317 347 336
2960 308 341 351
2961 324 335 341
2962 328 322 350
2963 338 313 349
2964 339 303 358
2965 346 307 347
2966 357 299 344
2967 366 296 338
2968 380 293 327
2969 391 285 324
2970 401 287 312
2971 414 286 300
2972 411 283 306
2973 408 282 310
2974 393 293 314
2975 389 311 300
2976 386 318 296
2977 377 329 294
2978 369 336 295
2979 368 345 287
2980 369 349 282
2981 362 349 289
2982 355 345 300
2983 351 334 315
2984 337 331 332
2985 337 334 329
2986 334 327 339
2987 322 321 357
2988 329 329 342
2989 346 322 332
2990 365 309 326
2991 365 301 334
2992 360 304 336
2993 368 306 326
2994 367 305 328
2995 361 312 327
2996 345 310 345
2997 336 333 331
2998 332 355 313
2999 316 367 317
3000 323 380 297
3001 312 371 317
3002 289 383 328
3003 287 399 314
3004 268 403 329
3005 253 399 348
3006 245 392 363
3007 246 388 366
3008 249 374 377
3009 241 380 379
3010 244 376 380
3011 248 357 395
3012 264 349 387
3013 274 337 389
3014 270 334 396
3015 285 342 373
3016 287 341 372
3017 291 333 376
3018 299 333 368
3019 316 344 340
3020 316 335 349
3021 305 347 348
3022 305 361 334
3023 297 353 350
3024 294 362 344
3025 280 373 347
3026 281 387 332
3027 270 375 355
3028 261 395 344
3029 252 392 356
3030 253 387 360
3031 254 394 352
3032 251 384 365
3033 256 376 368
3034 271 357 372
3035 260 354 386
3036 271 345 384
3037 286 337 377
3038 266 327 407
3039 263 340 397
3040 255 353 392
3041 260 369 371
3042 255 383 362
3043 263 391 346
3044 265 392 343
3045 272 398 330
3046 274 401 325
3047 265 386 349
3048 257 382 361
3049 247 374 379
3050 237 370 393
3051 245 372 383
3052 253 363 384
3053 244 349 407
3054 269 355 376
3055 285 345 370
3056 310 333 357
3057 325 316 359
3058 329 305 366
3059 333 299 368
3060 336 304 360
3061 348 315 337
3062 347 297 356
3063 358 308 334
3064 361 309 330
3065 376 323 301
3066 375 319 306
3067 366 326 308
3068 350 330 320
3069 353 335 312
3070 347 350 303
3071 340 345 315
3072 328 351 321
3073 320 349 331
3074 317 361 322
3075 320 357 323
3076 325 350 325
3077 320 340 340
3078 323 330 347
3079 307 332 361
3080 317 342 341
3081 309 334 357
3082 316 330 354
3083 321 327 352
3084 326 329 345
3085 332 334 334
3086 326 338 336
3087 318 342 340
3088 313 340 347
3089 297 353 350
3090 299 373 328
3091 295 374 331
3092 293 376 331
3093 289 373 338
3094 280 373 347
3095 297 378 325
3096 290 363 347
3097 282 357 361
3098 278 345 377
3099 274 348 378
3100 277 350 373
3101 266 350 384
3102 272 361 367
3103 281 350 369
3104 295 356 349
3105 302 348 350
3106 298 353 349
3107 297 354 349
3108 286 353 361
3109 284 364 352
3110 288 355 357
3111 285 362 353
3112 289 359 352
3113 307 363 330
3114 303 340 357
3115 313 343 344
3116 318 334 348
3117 317 318 365
3118 321 328 351
3119 320 317 363
3120 320 321 359
3121 338 317 345
3122 348 322 330
3123 357 309 334
3124 371 309 320
3125 372 311 317
3126 384 300 316
3127 384 299 317
3128 371 295 334
3129 355 312 333
3130 358 323 319
3131 351 333 316
3132 349 340 311
3133 362 340 298
3134 354 338 308
3135 364 347 289
3136 361 341 298
3137 352 327 321
3138 336 325 339
3139 318 331 351
3140 318 342 340
3141 307 342 351
3142 299 355 346
3143 292 354 354
3144 306 367 327
3145 303 367 330
3146 300 372 328
3147 302 369 329
3148 307 356 337
3149 298 351 351
3150 287 347 366
3151 270 359 371
3152 268 363 369
3153 263 365 372
3154 270 365 365
3155 278 361 361
3156 265 366 369
3157 269 384 347
3158 275 384 341
3159 276 366 358
3160 271 361 368
3161 281 364 355
3162 277 354 369
3163 275 362 363
3164 263 359 378
3165 269 353 378
3166 277 347 376
3167 282 357 361
3168 288 357 355
3169 301 348 351
3170 297 345 358
3171 304 341 355
3172 308 337 355
3173 310 339 351
3174 296 343 361
3175 288 347 365
3176 289 355 356
3177 280 363 357
3178 295 375 330
3179 296 364 340
3180 307 367 326
3181 320 354 326
3182 326 337 337
3183 326 327 347
3184 324 319 357
3185 309 313 378
3186 314 316 370
3187 302 322 376
3188 301 331 368
3189 310 345 345
3190 320 353 327
3191 322 353 325
3192 317 359 324
3193 317 370 313
3194 300 367 333
3195 290 378 332
3196 275 379 346
3197 254 380 366
3198 250 393 357
3199 246 397 357
3200 237 395 368
3201 243 393 364
3202 232 390 378
3203 250 390 360
3204 266 371 363
3205 266 354 380
3206 267 341 392
3207 278 336 386
3208 288 327 385
3209 293 319 388
3210 306 317 377
3211 315 304 381
3212 331 314 355
3213 334 315 351
3214 340 325 335
3215 347 324 329
3216 350 326 324
3217 360 331 309
3218 368 323 309
3219 361 328 311
3220 351 325 324
3221 343 334 323
3222 351 332 317
3223 353 325 322
3224 349 321 330
3225 351 320 329
3226 356 326 318
3227 360 316 324
3228 365 315 320
3229 374 301 325
3230 376 294 330
3231 381 299 320
3232 386 298 316
3233 384 294 322
3234 385 290 325
3235 384 299 317
3236 373 301 326
3237 368 326 306
3238 357 338 305
3239 350 344 306
3240 339 352 309
3241 326 367 307
3242 317 384 299
3243 312 384 304
3244 307 387 306
3245 309 367 324
3246 298 353 349
3247 298 358 344
3248 287 350 363
3249 275 346 379
3250 293 341 366
3251 300 323 377
3252 322 313 365
3253 334 311 355
3254 337 313 350
3255 338 305 357
3256 347 312 341
3257 346 307 347
3258 355 313 332
3259 353 322 325
3260 349 334 317
3261 343 340 317
3262 339 344 317
3263 333 356 311
3264 333 355 312
3265 342 360 298
3266 336 345 319
3267 337 342 321
3268 332 329 339
3269 333 328 339
3270 334 323 343
3271 333 310 357
3272 335 312 353
3273 346 305 349
3274 328 309 363
3275 326 330 344
3276 320 345 335
3277 331 352 317
3278 350 346 304
3279 368 340 292
3280 383 320 297
3281 389 312 299
3282 374 302 324
3283 367 296 337
3284 370 288 342
3285 368 278 354
3286 365 286 349
3287 369 295 336
3288 365 311 324
3289 376 323 301
3290 385 322 293
3291 382 319 299
3292 384 330 286
3293 373 338 289
3294 361 341 298
3295 329 344 327
3296 311 360 329
3297 280 366 354
3298 273 398 329
3299 267 408 325
3300 256 403 341
3301 252 406 342
3302 242 407 351
3303 245 414 341
3304 256 395 349
3305 247 378 375
3306 250 355 395
3307 255 342 403
3308 259 342 399
3309 264 335 401
3310 263 329 408
3311 271 323 406
3312 284 334 382
3313 305 338 357
3314 318 340 342
3315 323 340 337
3316 318 335 347
3317 311 347 342
3318 307 360 333
3319 288 370 342
3320 267 378 355
3321 267 395 338
3322 255 393 352
3323 250 405 345
3324 240 415 345
3325 249 413 338
3326 258 391 351
3327 268 372 360
3328 267 354 379
3329 268 338 394
3330 266 339 395
3331 264 329 407
3332 267 321 412
3333 273 320 407
3334 288 336 376
3335 297 340 363
3336 305 349 346
3337 287 357 356
3338 288 374 338
3339 276 383 341
3340 277 403 320
3341 254 403 343
3342 243 410 347
3343 229 417 354
3344 220 422 358
3345 223 423 354
3346 231 403 366
3347 239 386 375
3348 245 358 397
3349 255 352 393
3350 263 335 402
3351 278 320 402
3352 297 300 403
3353 320 280 400
3354 342 277 381
3355 360 272 368
3356 350 282 368
3357 342 298 360
3358 343 323 334
3359 339 337 324
3360 322 361 317
3361 309 398 293
3362 278 414 308
3363 257 450 293
3364 245 461 294
3365 232 457 311
3366 216 445 339
3367 207 447 346
3368 207 432 361
3369 200 395 405
3370 193 386 421
3371 204 357 439
3372 223 335 442
3373 251 320 429
3374 269 304 427
3375 289 284 427
3376 315 279 406
3377 312 290 398
3378 333 302 365
3379 351 310 339
3380 352 314 334
3381 345 328 327
3382 343 351 306
3383 339 373 288
3384 306 382 312
3385 288 404 308
3386 273 410 317
3387 256 417 327
3388 240 430 330
3389 221 432 347
3390 203 428 369
3391 198 424 378
3392 195 420 385
3393 209 401 390
3394 213 381 406
3395 213 370 417
3396 225 357 418
3397 233 343 424
3398 239 339 422
3399 244 337 419
3400 265 336 399
3401 284 334 382
3402 291 335 374
3403 286 339 375
3404 291 357 352
3405 297 366 337
3406 298 364 338
3407 291 365 344
3408 283 373 344
3409 277 383 340
3410 261 388 351
3411 251 400 349
3412 239 392 369
3413 223 395 382
3414 218 413 369
3415 205 417 378
3416 184 422 394
3417 183 433 384
3418 189 429 382
3419 207 411 382
3420 211 401 388
3421 218 394 388
3422 217 369 414
3423 220 366 414
3424 226 358 416
3425 236 341 423
3426 250 335 415
3427 259 339 402
3428 264 340 396
3429 262 342 396
3430 269 369 362
3431 285 365 350
3432 302 357 341
3433 298 357 345
3434 297 367 336
3435 292 364 344
3436 285 368 347
3437 273 373 354
3438 272 358 370
3439 263 363 374
3440 264 380 356
3441 256 379 365
3442 257 377 366
3443 251 379 370
3444 255 381 364
3445 260 372 368
3446 250 382 368
3447 243 387 370
3448 242 377 381
3449 243 379 378
3450 240 380 380
3451 225 381 394
3452 231 394 375
3453 235 397 368
3454 236 383 381
3455 240 377 383
3456 236 383 381
3457 223 385 392
3458 213 397 390
3459 214 406 380
3460 216 392 392
3461 246 387 367
3462 264 371 365
3463 262 359 379
3464 267 355 378
3465 280 348 372
3466 270 323 407
3467 287 324 389
3468 295 321 384
3469 292 318 390
3470 292 337 371
3471 304 349 347
3472 304 341 355
3473 313 348 339
3474 316 364 320
3475 301 360 339
3476 296 378 326
3477 273 386 341
3478 262 390 348
3479 264 389 347
3480 259 395 346
3481 239 393 368
3482 251 397 352
3483 233 389 378
3484 217 389 394
3485 219 397 384
3486 222 391 387
3487 220 389 391
3488 218 385 397
3489 223 389 388
3490 224 380 396
3491 221 387 392
3492 217 390 393
3493 227 386 387
3494 230 382 388
3495 231 381 388
3496 234 384 382
3497 239 377 384
3498 227 381 392
3499 247 386 367
3500 263 363 374
3501 267 351 382
3502 273 351 376
3503 274 346 380
3504 273 342 385
3505 284 350 366
3506 291 335 374
3507 297 323 380
3508 297 340 363
3509 295 352 353
3510 299 354 347
3511 299 355 346
3512 295 359 346
3513 290 355 355
3514 298 375 327
3515 282 379 339
3516 275 378 347
3517 277 373 350
3518 277 369 354
3519 275 368 357
3520 275 366 359
3521 262 370 368
3522 262 363 375
3523 277 359 364
3524 276 345 379
3525 273 351 376
3526 276 358 366
3527 280 356 364
3528 283 354 363
3529 290 347 363
3530 289 347 364
3531 296 352 352
3532 301 359 340
3533 306 348 346
3534 300 336 364
3535 292 344 364
3536 302 354 344
3537 302 351 347
3538 300 351 349
3539 287 348 365
3540 277 354 369
3541 288 375 337
3542 261 376 363
3543 249 395 356
3544 241 397 362
3545 242 408 350
3546 240 407 353
3547 241 412 347
3548 240 405 355
3549 232 385 383
3550 241 392 367
3551 243 364 393
3552 240 360 400
3553 252 352 396
3554 261 341 398
3555 264 327 409
3556 290 331 379
3557 272 325 403
3558 285 336 379
3559 279 351 370
3560 278 361 361
3561 271 370 359
3562 265 388 347
3563 257 408 335
3564 243 412 345
3565 233 432 335
3566 223 431 346
3567 218 426 356
3568 213 421 366
3569 207 417 376
3570 199 405 396
3571 219 393 388
3572 218 369 413
3573 245 350 405
3574 262 324 414
3575 281 312 407
3576 285 298 417
3577 295 298 407
3578 298 300 402
3579 306 309 385
3580 325 325 350
3581 338 325 337
3582 334 338 328
3583 345 354 301
3584 337 357 306
3585 311 365 324
3586 299 389 312
3587 280 392 328
3588 255 395 350
3589 238 420 342
3590 235 424 341
3591 231 411 358
3592 238 412 350
3593 239 397 364
3594 252 372 376
3595 256 356 388
3596 250 349 401
3597 249 330 421
3598 250 327 423
3599 256 339 405
3600 281 332 387
3601 305 322 373
3602 317 323 360
3603 320 327 353
3604 332 331 337
3605 339 338 323
3606 331 334 335
3607 326 330 344
3608 321 342 337
3609 305 357 338
3610 301 372 327
3611 289 372 339
3612 282 380 338
3613 264 380 356
3614 275 402 323
3615 269 395 336
3616 265 389 346
3617 260 378 362
3618 263 368 369
3619 258 365 377
3620 249 362 389
3621 236 371 393
3622 228 362 410
3623 237 377 386
3624 229 374 397
3625 241 393 366
3626 233 391 376
3627 231 402 367
3628 233 407 360
3629 259 396 345
3630 246 379 375
3631 246 377 377
3632 247 380 373
3633 260 360 380
3634 264 349 387
3635 274 334 392
3636 299 319 382
3637 308 305 387
3638 329 313 358
3639 317 294 389
3640 331 303 366
3641 332 309 359
3642 334 319 347
3643 351 332 317
3644 349 330 321
3645 352 346 302
3646 360 335 305
3647 352 346 302
3648 334 345 321
3649 308 357 335
3650 294 373 333
3651 283 374 343
3652 278 387 335
3653 266 376 358
3654 257 399 344
3655 264 397 339
3656 259 391 350
3657 253 384 363
3658 267 374 359
3659 259 359 382
3660 265 354 381
3661 249 359 392
3662 245 352 403
3663 248 358 394
3664 267 361 372
3665 280 349 371
3666 287 346 367
3667 307 354 339
3668 289 339 372
3669 296 352 352
3670 292 352 356
3671 302 350 348
3672 296 337 367
3673 303 355 342
3674 287 351 362
3675 295 359 346
3676 291 366 343
3677 298 357 345
3678 307 350 343
3679 309 343 348
3680 293 354 353
3681 305 352 343
3682 300 344 356
3683 292 341 367
3684 315 342 343
3685 324 328 348
3686 344 326 330
3687 340 313 347
3688 350 306 344
3689 348 298 354
3690 360 308 332
3691 356 299 345
3692 360 302 338
3693 363 312 325
3694 357 311 332
3695 366 330 304
3696 377 328 295
3697 373 325 302
3698 386 319 295
3699 387 315 298
3700 368 311 321
3701 366 320 314
3702 345 323 332
3703 332 325 343
3704 323 340 337
3705 327 352 321
3706 327 354 319
3707 322 358 320
3708 327 367 306
3709 320 353 327
3710 316 357 327
3711 302 359 339
3712 293 358 349
3713 290 355 355
3714 287 356 357
3715 287 355 358
3716 306 346 348
3717 320 341 339
3718 331 323 346
3719 354 310 336
3720 375 288 337
3721 376 270 354
3722 388 268 344
3723 399 257 344
3724 411 255 334
3725 420 248 332
3726 418 257 325
3727 433 272 295
3728 432 279 289
3729 434 298 268
3730 434 298 268
3731 433 309 258
3732 428 312 260
3733 419 324 257
3734 407 324 269
3735 397 321 282
3736 388 324 288
3737 395 314 291
3738 394 307 299
3739 400 297 303
3740 384 288 328
3741 382 292 326
3742 394 294 312
3743 393 285 322
3744 404 283 313
3745 402 282 316
3746 400 291 309
3747 401 303 296
3748 384 311 305
3749 380 324 296
3750 372 326 302
3751 369 343 288
3752 355 348 297
3753 343 363 294
3754 317 366 317
3755 307 380 313
3756 296 382 322
3757 287 380 333
3758 272 387 341
3759 264 385 351
3760 265 388 347
3761 255 372 373
3762 243 379 378
3763 245 377 378
3764 267 373 360
3765 271 353 376
3766 279 342 379
3767 281 336 383
3768 285 331 384
3769 274 343 383
3770 278 347 375
3771 270 345 385
3772 265 357 378
3773 266 382 352
3774 268 392 340
3775 265 396 339
3776 247 404 349
3777 255 410 335
3778 268 398 334
3779 276 387 337
3780 277 367 356
3781 275 341 384
3782 286 333 381
3783 285 318 397
3784 301 311 388
3785 318 289 393
3786 334 284 382
3787 341 279 380
3788 363 292 345
3789 368 296 336
3790 379 299 322
3791 386 303 311
3792 395 303 302
3793 395 316 289
3794 387 321 292
3795 367 334 299
3796 336 341 323
3797 330 368 302
3798 315 371 314
3799 323 382 295
3800 312 374 314
3801 308 372 320
3802 293 371 336
3803 286 373 341
3804 257 373 370
3805 253 375 372
3806 242 376 382
3807 246 376 378
3808 251 380 369
3809 246 377 377
3810 252 383 365
3811 253 375 372
3812 267 374 359
3813 265 358 377
3814 271 359 370
3815 258 353 389
3816 251 362 387
3817 252 372 376
3818 260 365 375
3819 254 365 381
3820 275 372 353
3821 271 367 362
3822 279 370 351
3823 268 368 364
3824 264 370 366
3825 281 364 355
3826 285 354 361
3827 294 350 356
3828 307 334 359
3829 319 326 355
3830 317 311 372
3831 310 315 375
3832 318 320 362
3833 317 318 365
3834 317 329 354
3835 328 333 339
3836 324 338 338
3837 320 350 330
3838 309 369 322
3839 300 376 324
3840 286 380 334
3841 271 396 333
3842 263 400 337
3843 251 404 345
3844 240 411 349
3845 228 410 362
3846 227 403 370
3847 237 397 366
3848 231 383 386
3849 235 373 392
3850 229 365 406
3851 222 367 411
3852 231 367 402
3853 239 359 402
3854 245 358 397
3855 263 358 379
3856 283 354 363
3857 282 344 374
3858 273 353 374
3859 275 360 365
3860 263 358 379
3861 252 378 370
3862 245 390 365
3863 234 397 369
3864 235 412 353
3865 228 421 351
3866 226 419 355
3867 219 414 367
3868 208 423 369
3869 209 414 377
3870 212 401 387
3871 208 391 401
3872 200 380 420
3873 206 379 415
3874 224 375 401
3875 228 362 410
3876 245 349 406
3877 255 341 404
3878 267 344 389
3879 280 342 378
3880 268 340 392
3881 265 353 382
3882 271 360 369
3883 271 367 362
3884 267 380 353
3885 268 392 340
3886 257 388 355
3887 241 401 358
3888 241 419 340
3889 240 406 354
3890 237 400 363
3891 240 396 364
3892 246 380 374
3893 257 362 381
3894 260 355 385
3895 266 339 395
3896 287 315 398
3897 296 307 397
3898 296 304 400
3899 312 308 380
3900 315 308 377
3901 305 323 372
3902 313 340 347
3903 323 348 329
3904 317 362 321
3905 310 376 314
3906 285 386 329
3907 278 407 315
3908 269 414 317
3909 258 408 334
3910 247 402 351
3911 233 405 362
3912 228 405 367
3913 228 396 376
3914 234 386 380
3915 241 359 400
3916 258 345 397
3917 276 334 390
3918 298 322 380
3919 311 297 392
3920 331 284 385
3921 348 273 379
3922 379 266 355
3923 396 262 342
3924 393 259 348
3925 387 273 340
3926 390 291 319
3927 380 313 307
3928 371 336 293
3929 356 356 288
3930 345 378 277
3931 332 393 275
3932 318 409 273
3933 298 409 293
3934 270 411 319
3935 270 417 313
3936 259 394 347
3937 258 385 357
3938 242 364 394
3939 234 365 401
3940 247 357 396
3941 258 344 398
3942 256 331 413
3943 281 327 392
3944 300 325 375
3945 319 315 366
3946 320 317 363
3947 316 315 369
3948 310 327 363
3949 322 346 332
3950 336 347 317
3951 329 337 334
3952 336 346 318
3953 331 349 320
3954 332 352 316
3955 331 353 316
3956 330 342 328
3957 341 324 335
3958 348 312 340
3959 343 315 342
3960 329 311 360
3961 331 322 347
3962 337 317 346
3963 356 310 334
3964 374 302 324
3965 373 302 325
3966 357 315 328
3967 358 328 314
3968 345 331 324
3969 353 333 314
3970 348 330 322
3971 337 342 321
3972 321 361 318
3973 307 377 316
3974 303 378 319
3975 299 369 332
3976 307 370 323
3977 304 360 336
3978 296 366 338
3979 292 362 346
3980 298 347 355
3981 302 325 373
3982 324 320 356
3983 327 307 366
3984 348 303 349
3985 333 292 375
3986 350 301 349
3987 359 288 353
3988 364 294 342
3989 369 311 320
3990 377 311 312
3991 387 316 297
3992 390 310 300
3993 378 318 304
3994 380 321 299
3995 366 332 302
3996 344 340 316
3997 341 345 314
3998 320 348 332
3999 319 364 317
