p=0.015625 p_inf=0.1 time series=0,1,9,17
Format is t, #suscepted, #infected, #recovered
0 998 1 1
1 997 2 1
2 993 3 4
3 989 7 4
4 984 11 5
5 980 16 4
6 972 20 8
7 964 28 8
8 952 35 13
9 941 46 13
10 928 56 16
11 907 65 28
12 885 82 33
13 852 99 49
14 808 128 64
15 761 164 75
16 720 204 76
17 663 234 103
18 616 281 103
19 548 319 133
20 479 370 151
21 397 422 181
22 321 475 204
23 253 515 232
24 199 543 258
25 161 567 272
26 142 558 300
27 135 539 326
28 129 495 376
29 149 449 402
30 180 376 444
31 215 305 480
32 239 242 519
33 279 194 527
34 306 163 531
35 358 155 487
36 398 147 455
37 456 153 391
38 496 168 336
39 524 199 277
40 541 234 225
41 530 265 205
42 515 307 178
43 470 330 200
44 416 383 201
45 356 431 213
46 290 476 234
47 252 511 237
48 219 514 267
49 185 516 299
50 166 508 326
51 149 504 347
52 143 468 389
53 154 426 420
54 179 370 451
55 201 310 489
56 225 285 490
57 264 259 477
58 285 228 487
59 326 211 463
60 377 206 417
61 422 197 381
62 443 208 349
63 438 247 315
64 431 277 292
65 425 310 265
66 418 347 235
67 394 371 235
68 376 400 224
69 339 427 234
70 306 453 241
71 279 447 274
72 253 444 303
73 224 437 339
74 204 429 367
75 208 425 367
76 203 392 405
77 200 370 430
78 236 347 417
79 265 317 418
80 281 291 428
81 303 282 415
82 309 268 423
83 330 266 404
84 350 278 372
85 355 280 365
86 355 298 347
87 366 328 306
88 370 343 287
89 380 348 272
90 368 352 280
91 348 366 286
92 324 374 302
93 293 396 311
94 258 409 333
95 228 414 358
96 228 429 343
97 231 424 345
98 234 417 349
99 256 400 344
100 270 370 360
101 290 334 376
102 316 301 383
103 328 270 402
104 334 243 423
105 330 242 428
106 339 253 408
107 338 261 401
108 347 292 361
109 357 319 324
110 362 342 296
111 361 368 271
112 358 396 246
113 326 400 274
114 310 421 269
115 269 429 302
116 246 439 315
117 227 435 338
118 200 431 369
119 178 432 390
120 174 426 400
121 183 426 391
122 197 396 407
123 213 374 413
124 224 348 428
125 236 341 423
126 249 333 418
127 262 319 419
128 259 312 429
129 283 315 402
130 295 321 384
131 314 331 355
132 320 338 342
133 328 339 333
134 326 339 335
135 324 355 321
136 317 364 319
137 305 368 327
138 287 374 339
139 274 382 344
140 268 388 344
141 274 393 333
142 276 387 337
143 286 369 345
144 294 350 356
145 296 338 366
146 309 330 361
147 298 309 393
148 266 314 420
149 253 341 406
150 267 360 373
151 275 364 361
152 273 375 352
153 281 389 330
154 299 389 312
155 313 392 295
156 315 373 312
157 305 344 351
158 295 335 370
159 275 341 384
160 259 350 391
161 252 352 396
162 240 359 401
163 256 368 376
164 283 371 346
165 294 373 333
166 282 371 347
167 266 377 357
168 261 384 355
169 238 387 375
170 218 403 379
171 199 414 387
172 209 430 361
173 208 418 374
174 198 421 381
175 204 425 371
176 210 412 378
177 215 403 382
178 210 382 408
179 201 376 423
180 208 369 423
181 204 374 422
182 207 375 418
183 227 368 405
184 248 361 391
185 271 349 380
186 275 347 378
187 274 349 377
188 260 357 383
189 245 366 389
190 246 380 374
191 235 386 379
192 240 404 356
193 240 411 349
194 254 413 333
195 248 397 355
196 238 395 367
197 241 396 363
198 241 379 380
199 233 373 394
200 227 363 410
201 220 362 418
202 230 367 403
203 239 373 388
204 240 366 394
205 264 364 372
206 279 357 364
207 301 348 351
208 300 336 364
209 289 338 373
210 274 344 382
211 281 353 366
212 271 353 376
213 267 365 368
214 256 376 368
215 262 396 342
216 260 402 338
217 255 402 343
218 258 401 341
219 252 389 359
220 256 395 349
221 253 379 368
222 260 371 369
223 255 344 401
224 248 343 409
225 254 350 396
226 261 345 394
227 261 350 389
228 275 344 381
229 280 346 374
230 294 349 357
231 298 362 340
232 286 359 355
233 288 364 348
234 262 367 371
235 253 388 359
236 236 403 361
237 214 418 368
238 207 437 356
239 210 431 359
240 212 431 357
241 215 424 361
242 227 418 355
243 245 385 370
244 249 352 399
245 251 333 416
246 247 312 441
247 244 322 434
248 267 325 408
249 268 309 423
250 281 314 405
251 293 334 373
252 304 355 341
253 314 363 323
254 309 374 317
255 300 369 331
256 294 375 331
257 288 397 315
258 269 398 333
259 241 397 362
260 223 404 373
261 214 414 372
262 217 412 371
263 215 414 371
264 205 410 385
265 206 398 396
266 207 396 397
267 218 396 386
268 217 378 405
269 224 369 407
270 216 364 420
271 229 370 401
272 245 361 394
273 244 357 399
274 261 360 379
275 284 343 373
276 295 338 367
277 308 336 356
278 313 328 359
279 304 317 379
280 308 335 357
281 309 335 356
282 318 331 351
283 303 339 358
284 310 359 331
285 304 354 342
286 311 368 321
287 290 372 338
288 274 375 351
289 264 391 345
290 244 405 351
291 223 417 360
292 223 418 359
293 205 423 372
294 191 427 382
295 208 437 355
296 202 417 381
297 208 407 385
298 212 387 401
299 234 371 395
300 235 348 417
301 248 342 410
302 254 325 421
303 279 309 412
304 294 304 402
305 313 299 388
306 315 300 385
307 310 314 376
308 308 342 350
309 305 350 345
310 321 370 309
311 317 370 313
312 312 379 309
313 300 389 311
314 273 400 327
315 247 413 340
316 235 411 354
317 215 415 370
318 201 415 384
319 191 429 380
320 193 430 377
321 196 418 386
322 207 404 389
323 227 380 393
324 232 362 406
325 251 353 396
326 249 334 417
327 230 322 448
328 239 340 421
329 234 343 423
330 241 362 397
331 247 379 374
332 251 391 358
333 264 396 340
334 276 402 322
335 275 402 323
336 259 385 356
337 251 398 351
338 235 387 378
339 213 386 401
340 204 396 400
341 195 400 405
342 189 403 408
343 204 409 387
344 210 411 379
345 228 392 380
346 237 385 378
347 239 377 384
348 229 365 406
349 235 371 394
350 230 362 408
351 223 361 416
352 236 366 398
353 237 372 391
354 257 378 365
355 271 366 363
356 285 364 351
357 285 344 371
358 284 353 363
359 281 355 364
360 263 353 384
361 247 365 388
362 231 375 394
363 237 403 360
364 246 399 355
365 235 410 355
366 238 412 350
367 251 407 342
368 256 396 348
369 269 379 352
370 260 356 384
371 254 337 409
372 246 347 407
373 237 344 419
374 243 351 406
375 251 350 399
376 260 353 387
377 268 361 371
378 283 376 341
379 263 380 357
380 260 390 350
381 256 396 348
382 251 393 356
383 234 399 367
384 222 413 365
385 216 417 367
386 223 408 369
387 237 397 366
388 245 373 382
389 261 359 380
390 267 346 387
391 266 334 400
392 269 321 410
393 268 314 418
394 252 324 424
395 268 351 381
396 275 359 366
397 282 366 352
398 288 372 340
399 303 378 319
400 308 376 316
401 291 378 331
402 276 385 339
403 256 373 371
404 255 385 360
405 232 379 389
406 214 396 390
407 207 408 385
408 203 417 380
409 224 419 357
410 250 391 359
411 251 377 372
412 258 364 378
413 262 363 375
414 266 342 392
415 255 326 419
416 256 328 416
417 265 325 410
418 269 344 387
419 283 354 363
420 279 353 368
421 304 358 338
422 320 354 326
423 321 354 325
424 317 351 332
425 291 358 351
426 270 365 365
427 260 376 364
428 247 387 366
429 237 395 368
430 221 409 370
431 222 425 353
432 224 427 349
433 219 418 363
434 225 416 359
435 218 399 383
436 212 395 393
437 205 393 402
438 194 386 420
439 205 381 414
440 220 368 412
441 223 362 415
442 241 361 398
443 252 360 388
444 262 353 385
445 273 345 382
446 281 341 378
447 280 338 382
448 271 352 377
449 266 367 367
450 257 373 370
451 245 383 372
452 247 402 351
453 233 408 359
454 234 426 340
455 221 428 351
456 214 427 359
457 223 419 358
458 221 404 375
459 223 396 381
460 215 375 410
461 210 377 413
462 208 364 428
463 207 364 429
464 219 366 415
465 223 362 415
466 227 373 400
467 250 377 373
468 244 375 381
469 256 379 365
470 243 380 377
471 239 393 368
472 233 395 372
473 218 405 377
474 215 409 376
475 199 408 393
476 206 426 368
477 202 415 383
478 201 418 381
479 209 406 385
480 205 396 399
481 209 390 401
482 218 382 400
483 217 374 409
484 237 357 406
485 250 348 402
486 261 332 407
487 266 333 401
488 267 338 395
489 281 343 376
490 283 337 380
491 293 343 364
492 293 350 357
493 289 359 352
494 291 379 330
495 286 376 338
496 278 376 346
497 276 379 345
498 266 387 347
499 251 391 358
500 229 399 372
501 210 412 378
502 215 411 374
503 213 409 378
504 223 411 366
505 224 398 378
506 222 389 389
507 218 387 395
508 215 383 402
509 231 373 396
510 229 358 413
511 233 362 405
512 242 356 402
513 254 360 386
514 258 357 385
515 265 355 380
516 267 352 381
517 268 360 372
518 275 374 351
519 276 363 361
520 267 368 365
521 265 373 362
522 263 378 359
523 255 382 363
524 254 393 353
525 237 386 377
526 246 389 365
527 242 391 367
528 233 390 377
529 219 394 387
530 225 403 372
531 234 393 373
532 247 373 380
533 257 367 376
534 251 354 395
535 243 358 399
536 242 367 391
537 238 364 398
538 231 359 410
539 249 376 375
540 251 378 371
541 261 382 357
542 256 385 359
543 250 386 364
544 258 383 359
545 273 378 349
546 256 368 376
547 235 368 397
548 230 387 383
549 225 388 387
550 227 390 383
551 237 387 376
552 229 380 391
553 232 393 375
554 244 400 356
555 239 388 373
556 232 374 394
557 236 380 384
558 242 374 384
559 237 371 392
560 235 383 382
561 216 372 412
562 228 384 388
563 240 384 376
564 235 386 379
565 249 385 366
566 244 377 379
567 256 385 359
568 260 361 379
569 251 368 381
570 240 365 395
571 232 376 392
572 228 382 390
573 220 387 393
574 205 403 392
575 225 410 365
576 229 414 357
577 230 403 367
578 225 405 370
579 230 399 371
580 235 388 377
581 220 378 402
582 230 377 393
583 219 360 421
584 223 367 410
585 230 374 396
586 248 365 387
587 247 353 400
588 261 365 374
589 261 361 378
590 248 362 390
591 240 392 368
592 235 393 372
593 244 391 365
594 239 391 370
595 241 408 351
596 227 394 379
597 229 412 359
598 222 409 369
599 217 386 397
600 223 390 387
601 228 386 386
602 214 381 405
603 224 378 398
604 216 382 402
605 228 372 400
606 248 363 389
607 245 366 389
608 248 365 387
609 245 366 389
610 255 374 371
611 245 367 388
612 252 373 375
613 233 376 391
614 232 404 364
615 252 402 346
616 248 383 369
617 242 386 372
618 259 384 357
619 269 374 357
620 279 358 363
621 282 345 373
622 283 314 403
623 289 315 396
624 295 328 377
625 299 319 382
626 297 317 386
627 284 329 387
628 277 358 365
629 285 378 337
630 265 401 334
631 234 420 346
632 233 438 329
633 213 448 339
634 200 470 330
635 196 471 333
636 185 446 369
637 170 437 393
638 173 429 398
639 174 407 419
640 166 388 446
641 179 386 435
642 198 351 451
643 234 331 435
644 263 320 417
645 278 300 422
646 313 293 394
647 326 280 394
648 327 286 387
649 350 287 363
650 356 299 345
651 322 313 365
652 310 358 332
653 307 390 303
654 284 400 316
655 273 436 291
656 251 441 308
657 215 462 323
658 199 486 315
659 173 488 339
660 161 469 370
661 173 449 378
662 169 427 404
663 195 395 410
664 210 364 426
665 222 328 450
666 226 292 482
667 263 286 451
668 278 268 454
669 288 273 439
670 310 285 405
671 310 295 395
672 322 326 352
673 344 350 306
674 326 364 310
675 331 388 281
676 327 401 272
677 291 400 309
678 272 424 304
679 231 433 336
680 206 443 351
681 184 444 372
682 166 452 382
683 160 446 394
684 175 439 386
685 178 425 397
686 180 398 422
687 188 387 425
688 208 369 423
689 215 348 437
690 228 333 439
691 237 326 437
692 240 324 436
693 262 335 403
694 277 340 383
695 295 336 369
696 303 336 361
697 301 349 350
698 302 366 332
699 289 372 339
700 261 387 352
701 242 404 354
702 231 418 351
703 230 433 337
704 227 434 339
705 226 424 350
706 224 408 368
707 207 404 389
708 212 406 382
709 200 384 416
710 204 382 414
711 207 363 430
712 221 359 420
713 237 355 408
714 243 355 402
715 249 353 398
716 269 345 386
717 279 347 374
718 277 339 384
719 276 360 364
720 266 365 369
721 260 379 361
722 258 385 357
723 278 389 333
724 268 377 355
725 286 385 329
726 273 375 352
727 271 367 362
728 256 364 380
729 262 365 373
730 257 353 390
731 260 354 386
732 250 363 387
733 251 365 384
734 268 374 358
735 269 365 366
736 266 367 367
737 257 369 374
738 259 390 351
739 251 387 362
740 256 386 358
741 236 379 385
742 238 390 372
743 232 397 371
744 232 401 367
745 216 399 385
746 220 394 386
747 226 393 381
748 232 388 380
749 236 389 375
750 243 374 383
751 251 360 389
752 271 348 381
753 275 330 395
754 282 331 387
755 280 325 395
756 273 332 395
757 274 338 388
758 274 352 374
759 260 366 374
760 259 392 349
761 262 411 327
762 263 407 330
763 253 412 335
764 246 415 339
765 241 416 343
766 232 407 361
767 224 402 374
768 217 384 399
769 225 372 403
770 229 368 403
771 233 359 408
772 246 352 402
773 261 338 401
774 270 332 398
775 274 328 398
776 275 342 383
777 275 353 372
778 262 357 381
779 251 379 370
780 257 397 346
781 265 405 330
782 258 403 339
783 247 414 339
784 234 411 355
785 233 413 354
786 229 410 361
787 219 392 389
788 212 384 404
789 211 383 406
790 209 386 405
791 230 377 393
792 236 359 405
793 240 351 409
794 257 350 393
795 262 351 387
796 251 354 395
797 242 366 392
798 246 372 382
799 246 377 377
800 248 395 357
801 239 401 360
802 239 411 350
803 245 410 345
804 246 401 353
805 232 388 380
806 223 396 381
807 219 400 381
808 218 386 396
809 219 381 400
810 221 370 409
811 233 369 398
812 255 366 379
813 277 357 366
814 278 327 395
815 292 322 386
816 293 322 385
817 291 326 383
818 284 339 377
819 280 347 373
820 274 354 372
821 272 369 359
822 285 401 314
823 271 393 336
824 261 407 332
825 253 413 334
826 248 408 344
827 247 405 348
828 241 399 360
829 227 390 383
830 239 372 389
831 244 368 388
832 255 349 396
833 278 332 390
834 297 314 389
835 312 298 390
836 314 289 397
837 337 296 367
838 323 291 386
839 319 309 372
840 321 332 347
841 318 347 335
842 315 368 317
843 313 387 300
844 314 398 288
845 310 390 300
846 295 399 306
847 285 396 319
848 269 383 348
849 252 384 364
850 235 380 385
851 231 378 391
852 237 371 392
853 241 373 386
854 260 360 380
855 294 344 362
856 318 323 359
857 332 298 370
858 338 288 374
859 342 284 374
860 335 287 378
861 334 292 374
862 338 306 356
863 337 318 345
864 340 340 320
865 330 362 308
866 314 382 304
867 288 402 310
868 276 425 299
869 258 432 310
870 224 436 340
871 195 458 347
872 177 465 358
873 169 461 370
874 179 449 372
875 180 419 401
876 191 395 414
877 206 377 417
878 216 358 426
879 236 326 438
880 248 299 453
881 271 291 438
882 293 280 427
883 318 288 394
884 328 287 385
885 336 295 369
886 358 306 336
887 353 316 331
888 328 348 324
889 307 381 312
890 258 413 329
891 238 454 308
892 215 475 310
893 198 490 312
894 181 496 323
895 170 503 327
896 170 482 348
897 183 449 368
898 181 404 415
899 184 365 451
900 192 341 467
901 202 318 480
902 211 302 487
903 232 286 482
904 268 286 446
905 295 283 422
906 341 301 358
907 343 294 363
908 355 316 329
909 357 327 316
910 346 341 313
911 335 368 297
912 309 379 312
913 268 408 324
914 246 431 323
915 235 460 305
916 212 449 339
917 193 461 346
918 183 466 351
919 184 449 367
920 182 437 381
921 186 410 404
922 197 383 420
923 224 343 433
924 232 327 441
925 230 307 463
926 245 304 451
927 252 306 442
928 271 311 418
929 290 319 391
930 303 327 370
931 306 354 340
932 318 367 315
933 313 375 312
934 300 383 317
935 286 394 320
936 263 403 334
937 243 418 339
938 226 430 344
939 199 420 381
940 188 434 378
941 196 437 367
942 189 421 390
943 182 417 401
944 173 415 412
945 180 409 411
946 196 390 414
947 203 384 413
948 198 363 439
949 222 365 413
950 232 357 411
951 241 351 408
952 262 344 394
953 282 329 389
954 275 328 397
955 292 341 367
956 296 345 359
957 291 339 370
958 299 352 349
959 298 350 352
960 303 358 339
961 286 368 346
962 266 386 348
963 253 393 354
964 257 402 341
965 235 404 361
966 216 413 371
967 215 434 351
968 203 427 370
969 208 429 363
970 206 406 388
971 207 401 392
972 204 391 405
973 202 392 406
974 205 385 410
975 221 361 418
976 235 352 413
977 251 336 413
978 266 343 391
979 283 333 384
980 284 326 390
981 297 324 379
982 314 318 368
983 301 325 374
984 301 347 352
985 279 363 358
986 271 378 351
987 257 396 347
988 259 417 324
989 267 417 316
990 258 415 327
991 236 417 347
992 219 417 364
993 199 418 383
994 186 423 391
995 172 418 410
996 172 411 417
997 179 411 410
998 186 406 408
999 218 397 385
1000 238 365 397
1001 254 344 402
1002 276 323 401
1003 298 306 396
1004 314 291 395
1005 311 275 414
1006 312 283 405
1007 314 291 395
1008 298 321 381
1009 305 358 337
1010 293 372 335
1011 285 401 314
1012 279 424 297
1013 256 446 298
1014 241 461 298
1015 208 468 324
1016 189 471 340
1017 177 453 370
1018 170 451 379
1019 169 429 402
1020 162 407 431
1021 172 392 436
1022 185 367 448
1023 218 347 435
1024 245 311 444
1025 262 302 436
1026 290 287 423
1027 303 281 416
1028 314 290 396
1029 323 294 383
1030 338 310 352
1031 352 315 333
1032 354 337 309
1033 344 344 312
1034 336 369 295
1035 312 383 305
1036 298 398 304
1037 265 408 327
1038 253 425 322
1039 227 432 341
1040 222 436 342
1041 211 434 355
1042 212 420 368
1043 221 405 374
1044 229 381 390
1045 240 363 397
1046 235 335 430
1047 222 333 445
1048 215 342 443
1049 237 351 412
1050 235 343 422
1051 253 360 387
1052 267 366 367
1053 288 370 342
1054 284 377 339
1055 283 383 334
1056 282 375 343
1057 271 367 362
1058 261 386 353
1059 234 379 387
1060 219 400 381
1061 207 411 382
1062 214 416 370
1063 229 403 368
1064 245 396 359
1065 231 388 381
1066 236 383 381
1067 230 385 385
1068 222 370 408
1069 219 367 414
1070 225 365 410
1071 223 372 405
1072 218 381 401
1073 228 394 378
1074 226 389 385
1075 237 389 374
1076 250 393 357
1077 264 383 353
1078 245 371 384
1079 246 383 371
1080 246 373 381
1081 260 360 380
1082 262 351 387
1083 245 349 406
1084 254 362 384
1085 258 363 379
1086 258 371 371
1087 262 359 379
1088 248 365 387
1089 242 392 366
1090 244 407 349
1091 245 407 348
1092 231 393 376
1093 227 406 367
1094 240 402 358
1095 234 401 365
1096 212 401 387
1097 204 396 400
1098 212 389 399
1099 227 381 392
1100 223 380 397
1101 220 371 409
1102 222 378 400
1103 214 377 409
1104 238 385 377
1105 249 366 385
1106 247 362 391
1107 248 372 380
1108 259 372 369
1109 252 370 378
1110 262 370 368
1111 266 361 373
1112 287 349 364
1113 281 347 372
1114 267 357 376
1115 258 361 381
1116 252 370 378
1117 248 378 374
1118 239 382 379
1119 254 400 346
1120 246 397 357
1121 236 407 357
1122 225 407 368
1123 223 414 363
1124 208 407 385
1125 203 414 383
1126 192 415 393
1127 189 408 403
1128 185 414 401
1129 192 408 400
1130 196 401 403
1131 201 390 409
1132 196 392 412
1133 198 390 412
1134 203 387 410
1135 198 389 413
1136 197 388 415
1137 209 395 396
1138 231 390 379
1139 227 379 394
1140 241 381 378
1141 244 369 387
1142 244 369 387
1143 239 367 394
1144 230 373 397
1145 229 375 396
1146 234 381 385
1147 246 387 367
1148 260 373 367
1149 258 371 371
1150 256 373 371
1151 262 377 361
1152 266 365 369
1153 260 359 381
1154 246 359 395
1155 253 367 380
1156 247 374 379
1157 237 382 381
1158 238 390 372
1159 251 385 364
1160 250 384 366
1161 236 391 373
1162 228 405 367
1163 201 405 394
1164 185 425 390
1165 180 433 387
1166 195 430 375
1167 188 420 392
1168 191 428 381
1169 189 418 393
1170 194 406 400
1171 195 401 404
1172 195 380 425
1173 213 372 415
1174 213 357 430
1175 212 367 421
1176 222 360 418
1177 235 360 405
1178 244 359 397
1179 275 355 370
1180 283 345 372
1181 287 345 368
1182 275 356 369
1183 282 358 360
1184 274 358 368
1185 252 366 382
1186 250 389 361
1187 242 395 363
1188 238 413 349
1189 223 417 360
1190 223 421 356
1191 221 419 360
1192 224 421 355
1193 240 410 350
1194 249 371 380
1195 236 356 408
1196 251 351 398
1197 248 332 420
1198 249 331 420
1199 248 332 420
1200 253 331 416
1201 276 337 387
1202 279 353 368
1203 276 365 359
1204 273 373 354
1205 256 395 349
1206 238 413 349
1207 223 430 347
1208 203 446 351
1209 185 460 355
1210 183 462 355
1211 181 452 367
1212 181 446 373
1213 188 424 388
1214 205 399 396
1215 203 365 432
1216 214 351 435
1217 219 326 455
1218 236 319 445
1219 255 312 433
1220 266 299 435
1221 293 310 397
1222 308 308 384
1223 314 327 359
1224 326 335 339
1225 320 348 332
1226 291 361 348
1227 273 397 330
1228 245 428 327
1229 234 445 321
1230 215 458 327
1231 216 458 326
1232 205 449 346
1233 187 447 366
1234 170 452 378
1235 166 433 401
1236 179 406 415
1237 179 376 445
1238 202 363 435
1239 206 340 454
1240 211 345 444
1241 226 342 432
1242 259 322 419
1243 287 308 405
1244 309 307 384
1245 313 315 372
1246 306 324 370
1247 295 354 351
1248 287 360 353
1249 285 371 344
1250 281 393 326
1251 263 411 326
1252 231 430 339
1253 222 454 324
1254 199 454 347
1255 204 447 349
1256 192 436 372
1257 189 437 374
1258 181 418 401
1259 185 408 407
1260 183 385 432
1261 207 363 430
1262 225 339 436
1263 226 328 446
1264 233 338 429
1265 249 330 421
1266 253 333 414
1267 264 339 397
1268 271 351 378
1269 265 366 369
1270 253 396 351
1271 242 419 339
1272 241 420 339
1273 239 429 332
1274 221 428 351
1275 203 440 357
1276 189 446 365
1277 172 445 383
1278 173 432 395
1279 187 408 405
1280 184 393 423
1281 203 387 410
1282 208 369 423
1283 211 352 437
1284 207 343 450
1285 217 348 435
1286 243 351 406
1287 252 349 399
1288 261 355 384
1289 251 352 397
1290 252 380 368
1291 263 396 341
1292 257 394 349
1293 241 395 364
1294 234 408 358
1295 221 417 362
1296 226 424 350
1297 200 422 378
1298 204 420 376
1299 211 400 389
1300 221 395 384
1301 221 384 395
1302 218 371 411
1303 220 365 415
1304 224 356 420
1305 229 354 417
1306 257 351 392
1307 255 343 402
1308 264 350 386
1309 277 352 371
1310 272 352 376
1311 268 363 369
1312 257 376 367
1313 270 389 341
1314 251 379 370
1315 228 406 366
1316 219 422 359
1317 224 429 347
1318 204 424 372
1319 204 433 363
1320 201 420 379
1321 215 410 375
1322 188 406 406
1323 194 406 400
1324 194 384 422
1325 204 377 419
1326 199 372 429
1327 222 368 410
1328 239 358 403
1329 227 351 422
1330 233 367 400
1331 245 361 394
1332 256 371 373
1333 254 367 379
1334 253 374 373
1335 243 379 378
1336 240 399 361
1337 237 409 354
1338 247 396 357
1339 230 392 378
1340 247 399 354
1341 246 386 368
1342 268 380 352
1343 259 353 388
1344 263 342 395
1345 283 328 389
1346 294 321 385
1347 305 314 381
1348 310 296 394
1349 311 304 385
1350 325 309 366
1351 325 322 353
1352 312 333 355
1353 287 360 353
1354 264 392 344
1355 257 422 321
1356 235 447 318
1357 223 461 316
1358 197 468 335
1359 187 481 332
1360 178 480 342
1361 172 462 366
1362 162 436 402
1363 170 416 414
1364 174 383 443
1365 187 365 448
1366 202 345 453
1367 224 317 459
1368 253 296 451
1369 287 285 428
1370 328 277 395
1371 332 256 412
1372 345 285 370
1373 352 290 358
1374 370 303 327
1375 377 313 310
1376 370 327 303
1377 337 345 318
1378 321 386 293
1379 278 423 299
1380 255 437 308
1381 233 455 312
1382 214 464 322
1383 189 473 338
1384 172 484 344
1385 164 483 353
1386 160 450 390
1387 179 417 404
1388 183 384 433
1389 196 362 442
1390 199 340 461
1391 204 328 468
1392 222 312 466
1393 259 295 446
1394 287 291 422
1395 313 296 391
1396 342 303 355
1397 345 296 359
1398 339 315 346
1399 344 333 323
1400 342 344 314
1401 316 363 321
1402 288 393 319
1403 271 416 313
1404 258 426 316
1405 233 446 321
1406 220 452 328
1407 215 447 338
1408 198 441 361
1409 190 439 371
1410 191 417 392
1411 201 393 406
1412 196 373 431
1413 211 358 431
1414 229 337 434
1415 252 324 424
1416 256 307 437
1417 274 305 421
1418 285 309 406
1419 282 322 396
1420 275 345 380
1421 272 367 361
1422 271 391 338
1423 249 405 346
1424 239 444 317
1425 220 456 324
1426 213 471 316
1427 203 465 332
1428 195 452 353
1429 194 438 368
1430 195 415 390
1431 184 400 416
1432 194 372 434
1433 204 350 446
1434 223 325 452
1435 242 312 446
1436 255 306 439
1437 263 307 430
1438 274 322 404
1439 299 326 375
1440 305 329 366
1441 313 345 342
1442 307 362 331
1443 299 381 320
1444 287 395 318
1445 267 406 327
1446 239 411 350
1447 218 435 347
1448 210 453 337
1449 193 445 362
1450 174 445 381
1451 172 445 383
1452 173 433 394
1453 191 421 388
1454 185 398 417
1455 176 380 444
1456 198 371 431
1457 213 357 430
1458 230 342 428
1459 244 325 431
1460 255 323 422
1461 266 324 410
1462 279 336 385
1463 289 341 370
1464 287 340 373
1465 276 356 368
1466 268 382 350
1467 265 407 328
1468 255 412 333
1469 231 421 348
1470 224 433 343
1471 233 435 332
1472 232 427 341
1473 215 412 373
1474 213 403 384
1475 216 380 404
1476 221 372 407
1477 224 358 418
1478 231 343 426
1479 220 334 446
1480 226 353 421
1481 235 362 403
1482 242 362 396
1483 239 378 383
1484 239 389 372
1485 248 403 349
1486 254 409 337
1487 245 412 343
1488 226 402 372
1489 228 412 360
1490 207 410 383
1491 202 415 383
1492 207 409 384
1493 212 390 398
1494 203 379 418
1495 217 385 398
1496 204 381 415
1497 222 384 394
1498 224 368 408
1499 242 361 397
1500 243 349 408
1501 255 367 378
1502 255 366 379
1503 257 360 383
1504 257 362 381
1505 264 359 377
1506 272 368 360
1507 269 367 364
1508 258 382 360
1509 254 375 371
1510 261 380 359
1511 260 379 361
1512 249 378 373
1513 222 392 386
1514 216 410 374
1515 200 417 383
1516 206 418 376
1517 203 419 378
1518 212 417 371
1519 225 409 366
1520 232 397 371
1521 227 376 397
1522 225 363 412
1523 226 358 416
1524 217 356 427
1525 210 364 426
1526 207 373 420
1527 211 384 405
1528 228 392 380
1529 253 396 351
1530 258 384 358
1531 247 384 369
1532 235 397 368
1533 213 401 386
1534 194 414 392
1535 172 422 406
1536 162 436 402
1537 163 442 395
1538 179 453 368
1539 178 437 385
1540 208 425 367
1541 219 391 390
1542 223 367 410
1543 219 355 426
1544 227 345 428
1545 218 331 451
1546 226 329 445
1547 237 337 426
1548 252 338 410
1549 271 357 372
1550 276 362 362
1551 280 369 351
1552 285 375 340
1553 278 384 338
1554 264 393 343
1555 266 399 335
1556 241 396 363
1557 234 402 364
1558 235 404 361
1559 231 396 373
1560 230 394 376
1561 222 386 392
1562 211 385 404
1563 209 390 401
1564 212 395 393
1565 227 386 387
1566 239 369 392
1567 242 365 393
1568 254 364 382
1569 271 360 369
1570 253 344 403
1571 243 357 400
1572 246 362 392
1573 246 368 386
1574 232 385 383
1575 231 403 366
1576 221 405 374
1577 233 419 348
1578 240 423 337
1579 245 403 352
1580 232 393 375
1581 208 400 392
1582 195 407 398
1583 200 402 398
1584 193 395 412
1585 191 388 421
1586 214 386 400
1587 214 383 403
1588 214 393 393
1589 214 386 400
1590 225 379 396
1591 229 373 398
1592 228 376 396
1593 221 384 395
1594 213 393 394
1595 209 404 387
1596 220 398 382
1597 233 394 373
1598 238 388 374
1599 241 389 370
1600 245 383 372
1601 242 371 387
1602 236 365 399
1603 254 360 386
1604 258 348 394
1605 258 348 394
1606 260 354 386
1607 261 351 388
1608 262 356 382
1609 268 367 365
1610 268 367 365
1611 258 372 370
1612 252 394 354
1613 242 400 358
1614 232 404 364
1615 212 417 371
1616 214 432 354
1617 227 419 354
1618 224 406 370
1619 219 404 377
1620 220 387 393
1621 237 380 383
1622 253 359 388
1623 262 330 408
1624 274 306 420
1625 274 307 419
1626 285 320 395
1627 302 311 387
1628 302 311 387
1629 304 318 378
1630 313 337 350
1631 329 357 314
1632 306 365 329
1633 288 387 325
1634 291 392 317
1635 280 398 322
1636 268 409 323
1637 230 414 356
1638 204 433 363
1639 195 439 366
1640 203 440 357
1641 204 410 386
1642 208 404 388
1643 216 394 390
1644 224 375 401
1645 227 362 411
1646 229 340 431
1647 235 332 433
1648 260 325 415
1649 246 330 424
1650 254 350 396
1651 270 352 378
1652 288 355 357
1653 317 350 333
1654 336 343 321
1655 334 332 334
1656 325 341 334
1657 323 345 332
1658 312 327 361
1659 291 336 373
1660 291 354 355
1661 279 359 362
1662 277 378 345
1663 262 391 347
1664 249 397 354
1665 273 406 321
1666 273 400 327
1667 277 391 332
1668 276 369 355
1669 277 365 358
1670 280 345 375
1671 291 329 380
1672 288 312 400
1673 286 306 408
1674 288 314 398
1675 296 321 383
1676 290 335 375
1677 294 345 361
1678 300 361 339
1679 314 371 315
1680 320 374 306
1681 300 374 326
1682 287 386 327
1683 265 392 343
1684 238 400 362
1685 224 417 359
1686 211 415 374
1687 213 418 369
1688 215 413 372
1689 220 411 369
1690 235 394 371
1691 238 373 389
1692 237 362 401
1693 253 346 401
1694 253 332 415
1695 254 329 417
1696 255 333 412
1697 277 334 389
1698 292 329 379
1699 319 335 346
1700 331 319 350
1701 341 323 336
1702 332 327 341
1703 304 339 357
1704 281 363 356
1705 258 385 357
1706 234 413 353
1707 231 431 338
1708 226 450 324
1709 198 451 351
1710 193 475 332
1711 188 468 344
1712 200 449 351
1713 198 415 387
1714 192 389 419
1715 181 377 442
1716 197 369 434
1717 198 352 450
1718 223 327 450
1719 260 309 431
1720 287 291 422
1721 319 298 383
1722 344 292 364
1723 347 279 374
1724 354 284 362
1725 366 294 340
1726 364 307 329
1727 361 327 312
1728 345 348 307
1729 333 357 310
1730 329 375 296
1731 316 392 292
1732 299 400 301
1733 276 407 317
1734 241 417 342
1735 210 432 358
1736 195 442 363
1737 190 448 362
1738 175 435 390
1739 180 433 387
1740 193 420 387
1741 214 400 386
1742 227 369 404
1743 240 341 419
1744 251 318 431
1745 255 301 444
1746 256 310 434
1747 247 311 442
1748 265 333 402
1749 277 335 388
1750 294 354 352
1751 300 365 335
1752 310 382 308
1753 296 389 315
1754 297 394 309
1755 280 392 328
1756 249 387 364
1757 210 416 374
1758 188 436 376
1759 173 447 380
1760 169 445 386
1761 182 442 376
1762 192 424 384
1763 202 416 382
1764 192 411 397
1765 209 392 399
1766 212 355 433
1767 211 341 448
1768 218 344 438
1769 224 340 436
1770 223 352 425
1771 240 361 399
1772 256 349 395
1773 274 352 374
1774 280 371 349
1775 276 379 345
1776 253 380 367
1777 236 407 357
1778 226 412 362
1779 225 413 362
1780 213 426 361
1781 210 435 355
1782 213 419 368
1783 225 408 367
1784 217 395 388
1785 229 376 395
1786 236 359 405
1787 226 351 423
1788 232 348 420
1789 240 333 427
1790 253 341 406
1791 252 339 409
1792 274 353 373
1793 268 350 382
1794 267 373 360
1795 271 382 347
1796 276 381 343
1797 248 391 361
1798 237 411 352
1799 224 424 352
1800 231 423 346
1801 218 419 363
1802 214 409 377
1803 224 404 372
1804 222 395 383
1805 229 387 384
1806 233 360 407
1807 236 343 421
1808 226 341 433
1809 247 355 398
1810 255 344 401
1811 263 341 396
1812 282 342 376
1813 304 331 365
1814 296 336 368
1815 296 361 343
1816 286 363 351
1817 284 359 357
1818 273 372 355
1819 254 386 360
1820 239 404 357
1821 218 430 352
1822 199 446 355
1823 203 440 357
1824 219 434 347
1825 212 422 366
1826 212 416 372
1827 203 402 395
1828 201 393 406
1829 197 369 434
1830 215 357 428
1831 225 345 430
1832 226 341 433
1833 230 352 418
1834 240 354 406
1835 244 358 398
1836 260 363 377
1837 272 371 357
1838 286 371 343
1839 286 369 345
1840 272 373 355
1841 261 376 363
1842 244 385 371
1843 252 398 350
1844 236 385 379
1845 238 393 369
1846 245 391 364
1847 250 386 364
1848 246 377 377
1849 247 378 375
1850 237 368 395
1851 246 365 389
1852 235 369 396
1853 235 372 393
1854 220 374 406
1855 212 394 394
1856 206 411 383
1857 222 416 362
1858 237 410 353
1859 229 398 373
1860 240 402 358
1861 245 388 367
1862 244 381 375
1863 232 362 406
1864 249 357 394
1865 248 335 417
1866 248 342 410
1867 238 354 408
1868 242 360 398
1869 251 370 379
1870 261 368 371
1871 269 377 354
1872 269 374 357
1873 247 396 357
1874 231 411 358
1875 226 415 359
1876 222 414 364
1877 216 408 376
1878 202 416 382
1879 216 421 363
1880 215 410 375
1881 214 389 397
1882 233 375 392
1883 246 352 402
1884 265 340 395
1885 268 327 405
1886 275 316 409
1887 282 304 414
1888 293 308 399
1889 306 318 376
1890 320 319 361
1891 321 328 351
1892 308 339 353
1893 300 365 335
1894 302 384 314
1895 272 394 334
1896 251 420 329
1897 256 431 313
1898 236 425 339
1899 216 436 348
1900 191 445 364
1901 174 444 382
1902 168 442 390
1903 174 438 388
1904 186 406 408
1905 190 383 427
1906 194 385 421
1907 200 370 430
1908 215 355 430
1909 223 341 436
1910 240 335 425
1911 270 322 408
1912 283 324 393
1913 271 334 395
1914 288 344 368
1915 304 342 354
1916 315 341 344
1917 310 344 346
1918 302 355 343
1919 282 376 342
1920 256 394 350
1921 241 410 349
1922 232 415 353
1923 229 426 345
1924 225 430 345
1925 223 431 346
1926 212 422 366
1927 210 412 378
1928 216 396 388
1929 215 374 411
1930 212 370 418
1931 209 362 429
1932 210 361 429
1933 221 359 420
1934 240 357 403
1935 260 348 392
1936 276 344 380
1937 279 350 371
1938 273 351 376
1939 266 365 369
1940 263 373 364
1941 264 378 358
1942 243 379 378
1943 209 409 382
1944 197 447 356
1945 204 453 343
1946 199 445 356
1947 216 436 348
1948 214 411 375
1949 207 408 385
1950 192 414 394
1951 181 399 420
1952 181 372 447
1953 189 366 445
1954 204 366 430
1955 221 360 419
1956 223 368 409
1957 212 369 419
1958 226 374 400
1959 251 375 374
1960 249 377 374
1961 244 385 371
1962 236 390 374
1963 224 404 372
1964 222 408 370
1965 225 409 366
1966 231 401 368
1967 236 394 370
1968 231 387 382
1969 236 384 380
1970 232 374 394
1971 218 364 418
1972 206 374 420
1973 210 385 405
1974 207 389 404
1975 212 399 389
1976 216 401 383
1977 223 400 377
1978 235 403 362
1979 243 401 356
1980 264 383 353
1981 270 351 379
1982 269 341 390
1983 278 332 390
1984 277 321 402
1985 270 323 407
1986 281 327 392
1987 300 318 382
1988 305 317 378
1989 303 344 353
1990 297 356 347
1991 292 371 337
1992 295 387 318
1993 298 382 320
1994 293 375 332
1995 281 389 330
1996 256 402 342
1997 252 400 348
1998 256 392 352
1999 243 373 384
2000 251 370 379
2001 249 367 384
2002 233 376 391
2003 223 378 399
2004 232 375 393
2005 246 368 386
2006 259 362 379
2007 259 368 373
2008 243 371 386
2009 239 390 371
2010 235 385 380
2011 236 387 377
2012 246 389 365
2013 243 386 371
2014 237 395 368
2015 244 395 361
2016 231 385 384
2017 242 379 379
2018 247 373 380
2019 241 366 393
2020 241 370 389
2021 232 373 395
2022 225 373 402
2023 216 380 404
2024 227 399 374
2025 240 394 366
2026 258 387 355
2027 257 376 367
2028 250 373 377
2029 261 377 362
2030 272 366 362
2031 255 348 397
2032 264 346 390
2033 251 342 407
2034 242 362 396
2035 239 382 379
2036 233 388 379
2037 241 390 369
2038 253 393 354
2039 267 399 334
2040 273 387 340
2041 258 385 357
2042 241 380 379
2043 242 377 381
2044 237 370 393
2045 231 373 396
2046 225 376 399
2047 238 376 386
2048 236 375 389
2049 232 379 389
2050 233 388 379
2051 245 390 365
2052 251 385 364
2053 258 376 366
2054 253 366 381
2055 256 371 373
2056 261 369 370
2057 271 360 369
2058 272 341 387
2059 277 338 385
2060 288 338 374
2061 287 336 377
2062 292 347 361
2063 282 337 381
2064 284 349 367
2065 301 356 343
2066 309 358 333
2067 303 353 344
2068 290 359 351
2069 253 374 373
2070 240 400 360
2071 234 423 343
2072 206 417 377
2073 188 438 374
2074 200 454 346
2075 191 447 362
2076 192 450 358
2077 198 434 368
2078 193 402 405
2079 217 384 399
2080 225 366 409
2081 213 337 450
2082 210 333 457
2083 217 343 440
2084 236 333 431
2085 265 330 405
2086 274 333 393
2087 277 342 381
2088 281 357 362
2089 272 382 346
2090 249 395 356
2091 243 408 349
2092 230 424 346
2093 214 440 346
2094 199 453 348
2095 168 459 373
2096 161 475 364
2097 176 457 367
2098 171 429 400
2099 176 421 403
2100 177 400 423
2101 179 383 438
2102 184 368 448
2103 190 357 453
2104 220 335 445
2105 250 323 427
2106 265 321 414
2107 284 314 402
2108 295 316 389
2109 295 322 383
2110 309 337 354
2111 304 334 362
2112 295 361 344
2113 278 382 340
2114 270 401 329
2115 255 416 329
2116 242 429 329
2117 245 436 319
2118 247 418 335
2119 238 419 343
2120 231 401 368
2121 220 387 393
2122 228 379 393
2123 224 356 420
2124 231 347 422
2125 255 333 412
2126 251 327 422
2127 275 330 395
2128 276 324 400
2129 281 337 382
2130 299 340 361
2131 305 345 350
2132 309 348 343
2133 307 358 335
2134 305 366 329
2135 295 365 340
2136 283 381 336
2137 283 380 337
2138 272 377 351
2139 267 383 350
2140 262 385 353
2141 249 380 371
2142 255 385 360
2143 247 380 373
2144 256 372 372
2145 259 364 377
2146 256 364 380
2147 248 361 391
2148 257 367 376
2149 242 363 395
2150 245 373 382
2151 254 375 371
2152 265 374 361
2153 274 371 355
2154 287 362 351
2155 290 352 358
2156 277 343 380
2157 272 360 368
2158 271 355 374
2159 274 354 372
2160 269 352 379
2161 269 360 371
2162 272 369 359
2163 283 376 341
2164 285 374 341
2165 286 355 359
2166 276 359 365
2167 278 370 352
2168 255 370 375
2169 241 385 374
2170 220 390 390
2171 215 404 381
2172 218 411 371
2173 229 427 344
2174 226 412 362
2175 233 404 363
2176 245 397 358
2177 234 370 396
2178 231 376 393
2179 224 365 411
2180 219 365 416
2181 234 354 412
2182 251 354 395
2183 266 345 389
2184 294 337 369
2185 304 336 360
2186 325 320 355
2187 332 310 358
2188 336 303 361
2189 330 310 360
2190 328 316 356
2191 320 327 353
2192 300 343 357
2193 312 364 324
2194 309 368 323
2195 302 381 317
2196 267 395 338
2197 243 423 334
2198 220 441 339
2199 205 453 342
2200 194 452 354
2201 191 442 367
2202 189 441 370
2203 190 430 380
2204 204 415 381
2205 213 373 414
2206 224 346 430
2207 225 323 452
2208 242 323 435
2209 246 316 438
2210 247 313 440
2211 259 323 418
2212 283 326 391
2213 289 344 367
2214 291 365 344
2215 286 386 328
2216 296 391 313
2217 286 388 326
2218 271 401 328
2219 261 406 333
2220 242 413 345
2221 226 414 360
2222 203 409 388
2223 192 411 397
2224 187 417 396
2225 186 425 389
2226 205 413 382
2227 212 389 399
2228 231 375 394
2229 252 355 393
2230 265 339 396
2231 280 324 396
2232 270 303 427
2233 292 305 403
2234 310 295 395
2235 307 301 392
2236 328 318 354
2237 345 317 338
2238 358 316 326
2239 365 318 317
2240 355 332 313
2241 340 340 320
2242 318 365 317
2243 300 381 319
2244 279 382 339
2245 271 404 325
2246 258 413 329
2247 244 424 332
2248 257 424 319
2249 251 403 346
2250 237 384 379
2251 249 382 369
2252 239 369 392
2253 235 357 408
2254 242 352 406
2255 251 334 415
2256 258 325 417
2257 274 339 387
2258 276 342 382
2259 291 342 367
2260 300 340 360
2261 285 343 372
2262 287 363 350
2263 271 379 350
2264 248 404 348
2265 249 413 338
2266 260 409 331
2267 265 398 337
2268 251 395 354
2269 240 406 354
2270 239 397 364
2271 241 382 377
2272 235 355 410
2273 216 352 432
2274 212 375 413
2275 201 390 409
2276 207 404 389
2277 230 387 383
2278 246 373 381
2279 275 372 353
2280 281 370 349
2281 268 367 365
2282 260 357 383
2283 250 350 400
2284 261 346 393
2285 269 352 379
2286 256 358 386
2287 259 372 369
2288 278 371 351
2289 306 355 339
2290 315 337 348
2291 316 335 349
2292 298 338 364
2293 268 350 382
2294 242 374 384
2295 225 386 389
2296 222 404 374
2297 213 423 364
2298 213 450 337
2299 226 452 322
2300 227 436 337
2301 226 423 351
2302 235 400 365
2303 220 379 401
2304 213 376 411
2305 203 364 433
2306 202 347 451
2307 222 346 432
2308 239 342 419
2309 270 338 392
2310 287 330 383
2311 306 334 360
2312 315 318 367
2313 322 321 357
2314 310 331 359
2315 281 344 375
2316 270 377 353
2317 258 392 350
2318 261 412 327
2319 272 405 323
2320 278 410 312
2321 261 401 338
2322 249 408 343
2323 227 407 366
2324 225 396 379
2325 204 383 413
2326 201 384 415
2327 191 394 415
2328 191 399 410
2329 203 408 389
2330 227 389 384
2331 244 366 390
2332 263 360 377
2333 276 354 370
2334 269 340 391
2335 272 337 391
2336 261 329 410
2337 281 331 388
2338 294 330 376
2339 305 340 355
2340 304 335 361
2341 320 342 338
2342 317 340 343
2343 325 346 329
2344 323 346 331
2345 316 346 338
2346 307 354 339
2347 306 353 341
2348 292 359 349
2349 291 366 343
2350 286 369 345
2351 284 368 348
2352 296 370 334
2353 304 358 338
2354 319 342 339
2355 327 328 345
2356 334 314 352
2357 335 300 365
2358 343 296 361
2359 328 289 383
2360 322 302 376
2361 317 320 363
2362 315 341 344
2363 306 357 337
2364 301 380 319
2365 284 399 317
2366 287 420 293
2367 281 424 295
2368 255 417 328
2369 234 425 341
2370 216 425 359
2371 189 427 384
2372 191 431 378
2373 177 410 413
2374 175 403 422
2375 186 401 413
2376 203 397 400
2377 219 372 409
2378 224 356 420
2379 239 349 412
2380 241 330 429
2381 254 349 397
2382 262 343 395
2383 262 337 401
2384 283 341 376
2385 296 345 359
2386 302 348 350
2387 317 349 334
2388 301 353 346
2389 317 350 333
2390 316 340 344
2391 303 347 350
2392 296 356 348
2393 278 359 363
2394 272 374 354
2395 261 379 360
2396 272 386 342
2397 276 378 346
2398 260 384 356
2399 265 393 342
2400 252 379 369
2401 238 389 373
2402 225 388 387
2403 235 396 369
2404 249 379 372
2405 245 373 382
2406 249 371 380
2407 257 358 385
2408 258 364 378
2409 276 353 371
2410 272 336 392
2411 269 332 399
2412 257 352 391
2413 244 370 386
2414 264 385 351
2415 265 378 357
2416 273 371 356
2417 284 374 342
2418 290 380 330
2419 270 378 352
2420 259 378 363
2421 261 371 368
2422 267 354 379
2423 266 355 379
2424 257 363 380
2425 255 369 376
2426 270 365 365
2427 288 352 360
2428 303 334 363
2429 303 326 371
2430 285 343 372
2431 279 360 361
2432 275 358 367
2433 261 356 383
2434 257 374 369
2435 269 391 340
2436 275 397 328
2437 272 399 329
2438 272 385 343
2439 288 368 344
2440 295 354 351
2441 291 349 360
2442 294 335 371
2443 287 315 398
2444 295 316 389
2445 303 306 391
2446 307 312 381
2447 304 325 371
2448 306 342 352
2449 315 345 340
2450 322 350 328
2451 310 363 327
2452 296 374 330
2453 278 398 324
2454 259 410 331
2455 231 416 353
2456 223 427 350
2457 209 432 359
2458 180 441 379
2459 181 457 362
2460 166 445 389
2461 169 436 395
2462 181 421 398
2463 195 403 402
2464 207 378 415
2465 205 361 434
2466 213 354 433
2467 234 330 436
2468 256 321 423
2469 268 308 424
2470 283 311 406
2471 301 314 385
2472 296 321 383
2473 309 343 348
2474 318 337 345
2475 307 352 341
2476 299 372 329
2477 293 393 314
2478 286 396 318
2479 270 400 330
2480 257 409 334
2481 272 400 328
2482 259 391 350
2483 244 389 367
2484 224 384 392
2485 230 383 387
2486 229 374 397
2487 217 371 412
2488 224 374 402
2489 215 376 409
2490 228 394 378
2491 245 383 372
2492 253 371 376
2493 257 364 379
2494 245 369 386
2495 245 384 371
2496 248 381 371
2497 228 376 396
2498 234 378 388
2499 220 383 397
2500 220 409 371
2501 209 416 375
2502 203 422 375
2503 206 413 381
2504 213 413 374
2505 227 411 362
2506 221 395 384
2507 217 396 387
2508 222 374 404
2509 226 362 412
2510 246 352 402
2511 253 341 406
2512 254 334 412
2513 270 335 395
2514 279 335 386
2515 299 325 376
2516 302 327 371
2517 310 336 354
2518 307 338 355
2519 313 352 335
2520 294 353 353
2521 270 371 359
2522 251 395 354
2523 247 424 329
2524 241 426 333
2525 237 423 340
2526 235 425 340
2527 239 413 348
2528 238 408 354
2529 229 391 380
2530 210 376 414
2531 217 366 417
2532 221 357 422
2533 235 356 409
2534 248 340 412
2535 250 339 411
2536 259 342 399
2537 270 350 380
2538 286 354 360
2539 283 348 369
2540 288 360 352
2541 278 356 366
2542 253 382 365
2543 228 408 364
2544 219 430 351
2545 219 431 350
2546 233 427 340
2547 230 419 351
2548 244 410 346
2549 235 400 365
2550 234 383 383
2551 228 358 414
2552 232 342 426
2553 228 337 435
2554 229 345 426
2555 241 352 407
2556 236 349 415
2557 254 364 382
2558 274 363 363
2559 289 368 343
2560 294 369 337
2561 288 369 343
2562 273 367 360
2563 253 375 372
2564 235 398 367
2565 226 401 373
2566 203 411 386
2567 215 429 356
2568 218 416 366
2569 236 413 351
2570 242 397 361
2571 243 383 374
2572 248 359 393
2573 256 351 393
2574 260 333 407
2575 266 311 423
2576 261 318 421
2577 254 326 420
2578 259 349 392
2579 271 358 371
2580 262 370 368
2581 256 387 357
2582 266 411 323
2583 255 423 322
2584 249 427 324
2585 224 425 351
2586 212 427 361
2587 200 430 370
2588 207 430 363
2589 192 406 402
2590 191 397 412
2591 195 386 419
2592 215 378 407
2593 238 360 402
2594 246 335 419
2595 258 324 418
2596 285 312 403
2597 302 309 389
2598 310 301 389
2599 315 304 381
2600 309 307 384
2601 326 331 343
2602 320 339 341
2603 300 356 344
2604 279 388 333
2605 273 412 315
2606 254 426 320
2607 239 442 319
2608 212 454 334
2609 197 457 346
2610 174 464 362
2611 157 470 373
2612 153 455 392
2613 159 435 406
2614 175 415 410
2615 182 383 435
2616 199 364 437
2617 200 344 456
2618 218 336 446
2619 235 312 453
2620 241 310 449
2621 238 324 438
2622 257 347 396
2623 245 360 395
2624 251 391 358
2625 257 405 338
2626 253 407 340
2627 250 435 315
2628 232 440 328
2629 215 444 341
2630 200 438 362
2631 194 440 366
2632 194 415 391
2633 204 401 395
2634 206 389 405
2635 224 359 417
2636 233 336 431
2637 242 323 435
2638 234 320 446
2639 256 326 418
2640 266 329 405
2641 266 333 401
2642 280 345 375
2643 278 361 361
2644 287 386 327
2645 279 390 331
2646 276 401 323
2647 258 398 344
2648 246 413 341
2649 233 421 346
2650 214 422 364
2651 196 425 379
2652 199 418 383
2653 196 411 393
2654 201 403 396
2655 209 401 390
2656 211 378 411
2657 215 368 417
2658 227 363 410
2659 252 348 400
2660 259 330 411
2661 268 330 402
2662 273 329 398
2663 283 326 391
2664 295 339 366
2665 292 337 371
2666 299 345 356
2667 294 353 353
2668 282 376 342
2669 291 388 321
2670 270 380 350
2671 257 404 339
2672 238 404 358
2673 226 425 349
2674 204 429 367
2675 187 443 370
2676 189 437 374
2677 197 423 380
2678 198 423 379
2679 208 398 394
2680 207 388 405
2681 219 368 413
2682 223 352 425
2683 234 334 432
2684 239 329 432
2685 246 338 416
2686 271 331 398
2687 283 331 386
2688 289 329 382
2689 295 343 362
2690 312 353 335
2691 316 354 330
2692 304 355 341
2693 288 358 354
2694 276 381 343
2695 255 393 352
2696 245 416 339
2697 229 412 359
2698 230 418 352
2699 232 416 352
2700 245 413 342
2701 242 397 361
2702 240 377 383
2703 237 367 396
2704 254 347 399
2705 268 334 398
2706 268 314 418
2707 273 316 411
2708 267 314 419
2709 288 336 376
2710 300 335 365
2711 307 333 360
2712 301 346 353
2713 316 365 319
2714 317 370 313
2715 306 367 327
2716 290 380 330
2717 271 374 355
2718 249 394 357
2719 236 418 346
2720 224 418 358
2721 198 411 391
2722 200 432 368
2723 200 433 367
2724 214 420 366
2725 214 412 374
2726 218 392 390
2727 231 364 405
2728 253 351 396
2729 257 336 407
2730 268 311 421
2731 293 299 408
2732 304 287 409
2733 316 284 400
2734 328 292 380
2735 340 308 352
2736 342 309 349
2737 329 322 349
2738 307 360 333
2739 280 394 326
2740 270 433 297
2741 256 446 298
2742 233 452 315
2743 234 459 307
2744 218 457 325
2745 215 460 325
2746 202 425 373
2747 196 404 400
2748 196 371 433
2749 203 358 439
2750 220 345 435
2751 222 321 457
2752 240 321 439
2753 265 300 435
2754 287 310 403
2755 312 309 379
2756 317 317 366
2757 311 325 364
2758 313 344 343
2759 309 366 325
2760 302 370 328
2761 276 398 326
2762 262 414 324
2763 230 429 341
2764 215 453 332
2765 196 460 344
2766 182 460 358
2767 183 452 365
2768 176 447 377
2769 192 426 382
2770 198 394 408
2771 207 373 420
2772 215 340 445
2773 237 325 438
2774 252 303 445
2775 252 296 452
2776 262 301 437
2777 285 312 403
2778 300 321 379
2779 310 327 363
2780 294 350 356
2781 297 381 322
2782 284 400 316
2783 272 420 308
2784 254 427 319
2785 234 434 332
2786 214 445 341
2787 200 459 341
2788 206 450 344
2789 204 413 383
2790 211 396 393
2791 209 369 422
2792 214 364 422
2793 217 352 431
2794 216 338 446
2795 230 325 445
2796 259 320 421
2797 266 328 406
2798 275 338 387
2799 270 356 374
2800 280 366 354
2801 285 368 347
2802 292 377 331
2803 285 383 332
2804 260 395 345
2805 234 412 354
2806 223 428 349
2807 206 421 373
2808 186 428 386
2809 178 446 376
2810 184 445 371
2811 185 433 382
2812 185 420 395
2813 196 403 401
2814 209 376 415
2815 225 370 405
2816 235 347 418
2817 234 319 447
2818 240 321 439
2819 254 327 419
2820 259 326 415
2821 269 338 393
2822 267 355 378
2823 285 363 352
2824 283 368 349
2825 284 398 318
2826 270 395 335
2827 247 403 350
2828 222 427 351
2829 196 440 364
2830 189 449 362
2831 184 448 368
2832 180 448 372
2833 190 422 388
2834 199 415 386
2835 201 398 401
2836 221 372 407
2837 244 339 417
2838 255 307 438
2839 273 297 430
2840 294 279 427
2841 293 284 423
2842 295 292 413
2843 300 307 393
2844 308 328 364
2845 317 353 330
2846 313 376 311
2847 293 390 317
2848 266 428 306
2849 245 450 305
2850 232 463 305
2851 213 461 326
2852 194 459 347
2853 177 453 370
2854 176 447 377
2855 152 434 414
2856 170 420 410
2857 181 380 439
2858 211 356 433
2859 229 328 443
2860 250 312 438
2861 266 297 437
2862 288 287 425
2863 319 278 403
2864 347 261 392
2865 364 273 363
2866 358 280 362
2867 358 314 328
2868 341 330 329
2869 315 362 323
2870 274 398 328
2871 263 448 289
2872 229 476 295
2873 222 498 280
2874 200 498 302
2875 198 486 316
2876 174 472 354
2877 167 464 369
2878 155 435 410
2879 140 397 463
2880 146 384 470
2881 162 356 482
2882 193 340 467
2883 217 321 462
2884 249 311 440
2885 288 287 425
2886 344 277 379
2887 364 259 377
2888 376 252 372
2889 359 268 373
2890 343 301 356
2891 338 336 326
2892 344 351 305
2893 330 369 301
2894 295 393 312
2895 282 446 272
2896 241 466 293
2897 207 491 302
2898 175 492 333
2899 158 489 353
2900 160 491 349
2901 148 471 381
2902 147 459 394
2903 166 407 427
2904 181 368 451
2905 222 328 450
2906 246 286 468
2907 251 265 484
2908 276 258 466
2909 300 253 447
2910 333 241 426
2911 339 260 401
2912 355 293 352
2913 357 317 326
2914 363 357 280
2915 347 372 281
2916 319 395 286
2917 300 428 272
2918 266 459 275
2919 227 474 299
2920 209 480 311
2921 179 474 347
2922 180 464 356
2923 186 448 366
2924 186 419 395
2925 181 386 433
2926 189 360 451
2927 205 337 458
2928 225 315 460
2929 245 301 454
2930 263 291 446
2931 278 289 433
2932 291 303 406
2933 310 323 367
2934 321 330 349
2935 329 342 329
2936 321 356 323
2937 324 378 298
2938 305 385 310
2939 279 406 315
2940 249 418 333
2941 239 428 333
2942 241 431 328
2943 244 417 339
2944 249 400 351
2945 256 373 371
2946 242 359 399
2947 251 352 397
2948 244 331 425
2949 236 328 436
2950 237 333 430
2951 237 346 417
2952 247 363 390
2953 246 380 374
2954 253 395 352
2955 261 395 344
2956 276 408 316
2957 272 396 332
2958 261 395 344
2959 251 393 356
2960 232 386 382
2961 221 388 391
2962 224 384 392
2963 226 381 393
2964 237 366 397
2965 253 367 380
2966 259 352 389
2967 277 348 375
2968 285 337 378
2969 286 327 387
2970 288 330 382
2971 307 331 362
2972 312 327 361
2973 326 321 353
2974 324 322 354
2975 326 328 346
2976 328 337 335
2977 326 345 329
2978 320 344 336
2979 289 349 362
2980 281 384 335
2981 271 398 331
2982 266 407 327
2983 248 406 346
2984 248 415 337
2985 247 407 346
2986 251 409 340
2987 249 400 351
2988 249 367 384
2989 246 353 401
2990 235 347 418
2991 233 359 408
2992 232 352 416
2993 233 361 406
2994 248 358 394
2995 270 352 378
2996 286 363 351
2997 277 361 362
2998 275 376 349
2999 268 366 366
3000 247 380 373
3001 243 392 365
3002 228 399 373
3003 219 420 361
3004 210 418 372
3005 214 429 357
3006 226 410 364
3007 226 408 366
3008 217 394 389
3009 222 391 387
3010 216 379 405
3011 224 364 412
3012 220 358 422
3013 246 351 403
3014 259 344 397
3015 290 333 377
3016 304 316 380
3017 310 305 385
3018 329 311 360
3019 327 307 366
3020 322 315 363
3021 296 327 377
3022 276 360 364
3023 275 391 334
3024 279 409 312
3025 275 416 309
3026 263 414 323
3027 244 430 326
3028 238 441 321
3029 220 435 345
3030 213 420 367
3031 193 396 411
3032 191 398 411
3033 191 393 416
3034 186 395 419
3035 197 384 419
3036 214 362 424
3037 247 351 402
3038 270 333 397
3039 273 334 393
3040 281 329 390
3041 283 326 391
3042 284 322 394
3043 284 332 384
3044 270 354 376
3045 261 379 360
3046 257 406 337
3047 248 409 343
3048 247 423 330
3049 246 427 327
3050 239 432 329
3051 242 429 329
3052 226 404 370
3053 201 395 404
3054 193 393 414
3055 194 398 408
3056 200 383 417
3057 194 373 433
3058 208 374 418
3059 219 363 418
3060 234 377 389
3061 242 371 387
3062 231 365 404
3063 235 371 394
3064 230 382 388
3065 219 397 384
3066 212 407 381
3067 194 425 381
3068 198 429 373
3069 203 431 366
3070 213 432 355
3071 219 416 365
3072 226 399 375
3073 235 377 388
3074 225 358 417
3075 227 350 423
3076 234 344 422
3077 244 335 421
3078 260 324 416
3079 278 324 398
3080 291 323 386
3081 303 332 365
3082 312 339 349
3083 310 338 352
3084 311 346 343
3085 289 354 357
3086 267 387 346
3087 243 409 348
3088 222 434 344
3089 202 446 352
3090 201 459 340
3091 195 461 344
3092 188 459 353
3093 182 458 360
3094 188 431 381
3095 186 403 411
3096 184 380 436
3097 191 370 439
3098 202 350 448
3099 223 337 440
3100 223 318 459
3101 263 319 418
3102 282 306 412
3103 298 315 387
3104 306 322 372
3105 302 324 374
3106 298 348 354
3107 299 365 336
3108 292 383 325
3109 283 389 328
3110 261 411 328
3111 246 424 330
3112 245 432 323
3113 226 431 343
3114 210 426 364
3115 195 425 380
3116 183 422 395
3117 169 428 403
3118 173 420 407
3119 172 403 425
3120 176 396 428
3121 211 393 396
3122 239 363 398
3123 247 336 417
3124 250 331 419
3125 269 322 409
3126 277 311 412
3127 275 320 405
3128 273 329 398
3129 275 334 391
3130 282 362 356
3131 280 382 338
3132 288 389 323
3133 281 390 329
3134 269 408 323
3135 254 411 335
3136 237 417 346
3137 215 429 356
3138 193 423 384
3139 188 425 387
3140 197 423 380
3141 191 413 396
3142 209 401 390
3143 225 380 395
3144 236 358 406
3145 251 335 414
3146 247 326 427
3147 258 328 414
3148 269 319 412
3149 267 318 415
3150 260 332 408
3151 281 360 359
3152 282 361 357
3153 264 383 353
3154 264 410 326
3155 254 408 338
3156 245 427 328
3157 228 437 335
3158 208 440 352
3159 187 432 381
3160 174 452 374
3161 172 443 385
3162 167 418 415
3163 167 425 408
3164 176 406 418
3165 189 387 424
3166 221 371 408
3167 232 347 421
3168 254 316 430
3169 283 303 414
3170 283 299 418
3171 299 292 409
3172 303 295 402
3173 307 310 383
3174 305 322 373
3175 301 348 351
3176 298 383 319
3177 284 399 317
3178 285 417 298
3179 261 423 316
3180 239 444 317
3181 220 451 329
3182 190 458 352
3183 171 462 367
3184 170 446 384
3185 181 431 388
3186 203 402 395
3187 211 374 415
3188 214 345 441
3189 239 335 426
3190 256 303 441
3191 282 282 436
3192 280 272 448
3193 296 289 415
3194 299 302 399
3195 317 327 356
3196 321 338 341
3197 336 344 320
3198 344 361 295
3199 335 374 291
3200 317 393 290
3201 290 394 316
3202 258 408 334
3203 244 415 341
3204 239 418 343
3205 225 417 358
3206 209 414 377
3207 210 417 373
3208 217 397 386
3209 219 389 392
3210 232 373 395
3211 237 353 410
3212 251 345 404
3213 249 332 419
3214 255 337 408
3215 282 328 390
3216 297 321 382
3217 309 314 377
3218 321 318 361
3219 331 326 343
3220 321 324 355
3221 307 347 346
3222 311 356 333
3223 299 361 340
3224 282 380 338
3225 254 404 342
3226 237 428 335
3227 224 437 339
3228 206 452 342
3229 215 447 338
3230 202 429 369
3231 187 437 376
3232 186 433 381
3233 197 410 393
3234 202 375 423
3235 202 361 437
3236 217 346 437
3237 238 336 426
3238 247 333 420
3239 253 316 431
3240 271 314 415
3241 298 319 383
3242 295 327 378
3243 294 344 362
3244 277 360 363
3245 252 387 361
3246 264 415 321
3247 262 420 318
3248 250 424 326
3249 242 431 327
3250 247 431 322
3251 249 409 342
3252 252 391 357
3253 251 361 388
3254 258 334 408
3255 265 322 413
3256 272 311 417
3257 271 297 432
3258 298 298 404
3259 319 293 388
3260 347 290 363
3261 370 292 338
3262 357 296 347
3263 355 321 324
3264 360 334 306
3265 345 343 312
3266 326 357 317
3267 307 381 312
3268 291 403 306
3269 279 417 304
3270 257 425 318
3271 238 422 340
3272 238 428 334
3273 236 419 345
3274 236 407 357
3275 228 383 389
3276 228 369 403
3277 220 355 425
3278 240 355 405
3279 242 338 420
3280 243 330 427
3281 240 338 422
3282 249 353 398
3283 266 368 366
3284 269 365 366
3285 281 376 343
3286 298 364 338
3287 298 364 338
3288 280 372 348
3289 267 382 351
3290 247 380 373
3291 233 385 382
3292 226 402 372
3293 230 398 372
3294 218 406 376
3295 223 418 359
3296 236 405 359
3297 249 382 369
3298 256 371 373
3299 250 359 391
3300 251 348 401
3301 236 351 413
3302 226 358 416
3303 233 356 411
3304 248 362 390
3305 255 370 375
3306 275 374 351
3307 289 366 345
3308 290 363 347
3309 288 359 353
3310 276 354 370
3311 269 368 363
3312 244 369 387
3313 236 386 378
3314 215 390 395
3315 205 419 376
3316 222 432 346
3317 241 419 340
3318 254 405 341
3319 274 378 348
3320 275 357 368
3321 281 339 380
3322 260 329 411
3323 255 321 424
3324 257 313 430
3325 253 324 423
3326 279 342 379
3327 284 343 373
3328 299 359 342
3329 298 362 340
3330 307 373 320
3331 315 372 313
3332 312 372 316
3333 298 364 338
3334 284 360 356
3335 257 373 370
3336 256 384 360
3337 254 382 364
3338 259 373 368
3339 254 369 377
3340 250 374 376
3341 263 386 351
3342 257 377 366
3343 257 370 373
3344 255 359 386
3345 271 363 366
3346 282 356 362
3347 283 349 368
3348 273 343 384
3349 277 341 382
3350 273 346 381
3351 268 357 375
3352 262 373 365
3353 250 375 375
3354 244 394 362
3355 238 407 355
3356 238 419 343
3357 223 421 356
3358 210 431 359
3359 198 433 369
3360 194 429 377
3361 181 431 388
3362 173 425 402
3363 179 420 401
3364 182 402 416
3365 184 397 419
3366 184 385 431
3367 204 383 413
3368 210 367 423
3369 218 359 423
3370 218 357 425
3371 239 362 399
3372 244 359 397
3373 260 359 381
3374 257 355 388
3375 262 360 378
3376 260 371 369
3377 259 381 360
3378 256 384 360
3379 256 382 362
3380 253 385 362
3381 244 388 368
3382 259 401 340
3383 253 381 366
3384 258 376 366
3385 259 361 380
3386 264 357 379
3387 244 354 402
3388 240 371 389
3389 231 372 397
3390 233 368 399
3391 245 386 369
3392 256 379 365
3393 252 383 365
3394 251 391 358
3395 251 395 354
3396 247 378 375
3397 268 381 351
3398 260 364 376
3399 263 354 383
3400 248 358 394
3401 245 369 386
3402 236 364 400
3403 238 369 393
3404 239 384 377
3405 235 380 385
3406 250 401 349
3407 248 396 356
3408 243 394 363
3409 259 388 353
3410 277 377 346
3411 273 354 373
3412 267 343 390
3413 252 353 395
3414 262 347 391
3415 260 342 398
3416 262 346 392
3417 264 350 386
3418 268 359 373
3419 281 378 341
3420 276 376 348
3421 273 371 356
3422 258 380 362
3423 246 400 354
3424 248 408 344
3425 220 402 378
3426 193 421 386
3427 190 429 381
3428 204 434 362
3429 202 425 373
3430 189 418 393
3431 200 411 389
3432 209 392 399
3433 211 389 400
3434 228 368 404
3435 225 343 432
3436 230 341 429
3437 239 345 416
3438 253 343 404
3439 267 336 397
3440 275 341 384
3441 304 336 360
3442 313 328 359
3443 288 344 368
3444 270 371 359
3445 262 385 353
3446 252 395 353
3447 220 412 368
3448 212 439 349
3449 216 452 332
3450 200 456 344
3451 198 456 346
3452 199 431 370
3453 215 416 369
3454 226 390 384
3455 226 362 412
3456 225 335 440
3457 227 323 450
3458 244 317 439
3459 272 300 428
3460 297 297 406
3461 311 287 402
3462 326 299 375
3463 352 312 336
3464 360 313 327
3465 357 317 326
3466 349 326 325
3467 339 351 310
3468 343 364 293
3469 333 370 297
3470 306 368 326
3471 295 382 323
3472 276 392 332
3473 260 407 333
3474 243 414 343
3475 242 406 352
3476 247 394 359
3477 242 383 375
3478 233 390 377
3479 225 385 390
3480 239 383 378
3481 250 354 396
3482 266 336 398
3483 292 328 380
3484 282 314 404
3485 270 335 395
3486 269 340 391
3487 267 346 387
3488 271 350 379
3489 267 375 358
3490 270 397 333
3491 270 402 328
3492 243 416 341
3493 245 422 333
3494 237 415 348
3495 235 417 348
3496 219 415 366
3497 195 406 399
3498 188 408 404
3499 174 410 416
3500 180 410 410
3501 193 398 409
3502 201 392 407
3503 213 382 405
3504 221 372 407
3505 236 373 391
3506 239 356 405
3507 234 351 415
3508 239 356 405
3509 247 363 390
3510 252 361 387
3511 243 366 391
3512 237 385 378
3513 251 390 359
3514 256 393 351
3515 250 393 357
3516 257 394 349
3517 251 380 369
3518 253 388 359
3519 243 381 376
3520 235 372 393
3521 226 375 399
3522 208 381 411
3523 208 399 393
3524 220 398 382
3525 209 400 391
3526 217 403 380
3527 235 402 363
3528 232 393 375
3529 221 393 386
3530 225 398 377
3531 241 376 383
3532 245 361 394
3533 243 355 402
3534 258 354 388
3535 271 340 389
3536 294 336 370
3537 292 313 395
3538 312 310 378
3539 324 312 364
3540 312 315 373
3541 315 333 352
3542 316 331 353
3543 309 344 347
3544 312 355 333
3545 310 375 315
3546 294 380 326
3547 271 394 335
3548 242 414 344
3549 233 425 342
3550 206 436 358
3551 181 450 369
3552 170 464 366
3553 185 455 360
3554 191 435 374
3555 195 415 390
3556 206 391 403
3557 207 369 424
3558 217 357 426
3559 225 333 442
3560 236 311 453
3561 264 309 427
3562 281 301 418
3563 300 304 396
3564 318 309 373
3565 314 313 373
3566 324 329 347
3567 338 343 319
3568 317 351 332
3569 290 374 336
3570 269 409 322
3571 245 427 328
3572 231 446 323
3573 222 456 322
3574 213 449 338
3575 201 444 355
3576 199 448 353
3577 193 427 380
3578 190 398 412
3579 194 383 423
3580 192 360 448
3581 210 352 438
3582 227 341 432
3583 229 329 442
3584 238 323 439
3585 255 335 410
3586 269 347 384
3587 290 348 362
3588 311 350 339
3589 323 337 340
3590 314 336 350
3591 322 357 321
3592 314 355 331
3593 301 351 348
3594 298 352 350
3595 279 354 367
3596 269 371 360
3597 252 394 354
3598 229 412 359
3599 233 414 353
3600 238 412 350
3601 237 411 352
3602 240 411 349
3603 234 406 360
3604 216 395 389
3605 202 390 408
3606 218 386 396
3607 220 368 412
3608 236 368 396
3609 240 353 407
3610 244 349 407
3611 256 350 394
3612 264 349 387
3613 260 346 394
3614 260 354 386
3615 243 372 385
3616 243 389 368
3617 242 404 354
3618 236 409 355
3619 228 414 358
3620 232 423 345
3621 237 422 341
3622 222 409 369
3623 215 406 379
3624 205 396 399
3625 203 391 406
3626 197 388 415
3627 193 389 418
3628 214 384 402
3629 237 364 399
3630 253 354 393
3631 277 341 382
3632 271 327 402
3633 282 338 380
3634 270 330 400
3635 269 341 390
3636 260 347 393
3637 263 376 361
3638 260 383 357
3639 257 399 344
3640 245 416 339
3641 250 417 333
3642 249 420 331
3643 238 410 352
3644 203 415 382
3645 196 421 383
3646 191 421 388
3647 188 410 402
3648 197 396 407
3649 195 386 419
3650 221 385 394
3651 232 369 399
3652 260 353 387
3653 268 319 413
3654 286 311 403
3655 291 304 405
3656 293 313 394
3657 284 321 395
3658 281 331 388
3659 275 350 375
3660 300 372 328
3661 294 381 325
3662 286 395 319
3663 270 410 320
3664 256 417 327
3665 243 423 334
3666 224 426 350
3667 212 426 362
3668 199 416 385
3669 191 420 389
3670 178 414 408
3671 183 412 405
3672 190 400 410
3673 206 387 407
3674 213 368 419
3675 222 361 417
3676 208 362 430
3677 216 372 412
3678 224 370 406
3679 228 364 408
3680 249 372 379
3681 259 364 377
3682 266 373 361
3683 273 373 354
3684 264 365 371
3685 264 364 372
3686 262 366 372
3687 249 374 377
3688 243 379 378
3689 226 393 381
3690 224 401 375
3691 217 403 380
3692 207 418 375
3693 203 429 368
3694 195 431 374
3695 200 431 369
3696 191 421 388
3697 181 416 403
3698 176 418 406
3699 179 421 400
3700 190 403 407
3701 203 381 416
3702 199 366 435
3703 215 370 415
3704 215 364 421
3705 217 369 414
3706 217 365 418
3707 226 362 412
3708 243 371 386
3709 246 376 378
3710 253 388 359
3711 244 377 379
3712 240 392 368
3713 237 391 372
3714 241 398 361
3715 221 397 382
3716 218 408 374
3717 187 406 407
3718 191 425 384
3719 175 432 393
3720 191 433 376
3721 187 418 395
3722 194 415 391
3723 196 409 395
3724 195 396 409
3725 195 399 406
3726 192 380 428
3727 201 376 423
3728 214 366 420
3729 234 368 398
3730 244 351 405
3731 264 347 389
3732 265 340 395
3733 282 336 382
3734 289 338 373
3735 289 335 376
3736 269 345 386
3737 278 363 359
3738 269 371 360
3739 266 384 350
3740 273 394 333
3741 273 391 336
3742 280 389 331
3743 265 385 350
3744 263 390 347
3745 248 374 378
3746 233 381 386
3747 222 383 395
3748 221 384 395
3749 228 388 384
3750 223 383 394
3751 230 392 378
3752 236 380 384
3753 234 390 376
3754 235 385 380
3755 250 382 368
3756 241 366 393
3757 240 371 389
3758 225 377 398
3759 240 383 377
3760 221 380 399
3761 226 389 385
3762 233 389 378
3763 239 385 376
3764 226 395 379
3765 201 403 396
3766 208 422 370
3767 218 409 373
3768 224 402 374
3769 229 387 384
3770 227 382 391
3771 215 388 397
3772 215 390 395
3773 206 382 412
3774 209 372 419
3775 208 382 410
3776 230 390 380
3777 231 383 386
3778 222 387 391
3779 224 390 386
3780 238 386 376
3781 261 380 359
3782 248 367 385
3783 238 370 392
3784 223 372 405
3785 215 394 391
3786 209 398 393
3787 210 401 389
3788 213 404 383
3789 218 407 375
3790 221 415 364
3791 216 409 375
3792 214 412 374
3793 221 392 387
3794 246 381 373
3795 255 353 392
3796 263 341 396
3797 259 330 411
3798 286 326 388
3799 289 305 406
3800 301 299 400
3801 289 307 404
3802 291 330 379
3803 284 356 360
3804 265 375 360
3805 255 405 340
3806 247 419 334
3807 257 448 295
3808 240 444 316
3809 225 453 322
3810 212 445 343
3811 200 432 368
3812 187 425 388
3813 186 408 406
3814 168 395 437
3815 175 384 441
3816 196 381 423
3817 225 351 424
3818 247 330 423
3819 273 321 406
3820 300 302 398
3821 320 292 388
3822 337 285 378
3823 324 279 397
3824 316 295 389
3825 301 333 366
3826 283 369 348
3827 271 396 333
3828 265 427 308
3829 253 443 304
3830 253 462 285
3831 240 468 292
3832 212 465 323
3833 204 455 341
3834 196 427 377
3835 188 408 404
3836 187 385 428
3837 186 370 444
3838 191 352 457
3839 205 341 454
3840 233 330 437
3841 260 312 428
3842 277 313 410
3843 290 315 395
3844 295 325 380
3845 301 335 364
3846 307 347 346
3847 301 352 347
3848 301 369 330
3849 272 387 341
3850 244 415 341
3851 223 441 336
3852 210 452 338
3853 186 455 359
3854 177 467 356
3855 179 471 350
3856 172 452 376
3857 167 441 392
3858 174 418 408
3859 182 385 433
3860 194 366 440
3861 209 351 440
3862 221 324 455
3863 236 308 456
3864 247 312 441
3865 272 312 416
3866 307 310 383
3867 326 308 366
3868 315 308 377
3869 318 334 348
3870 291 358 351
3871 274 401 325
3872 257 414 329
3873 246 431 323
3874 230 444 326
3875 222 462 316
3876 207 470 323
3877 194 459 347
3878 177 448 375
3879 166 422 412
3880 169 420 411
3881 176 400 424
3882 172 380 448
3883 169 366 465
3884 196 361 443
3885 218 345 437
3886 259 334 407
3887 272 319 409
3888 283 308 409
3889 277 317 406
3890 276 343 381
3891 274 358 368
3892 272 365 363
3893 257 383 360
3894 251 409 340
3895 268 430 302
3896 262 424 314
3897 247 421 332
3898 243 410 347
3899 235 399 366
3900 225 400 375
3901 217 392 391
3902 208 374 418
3903 203 362 435
3904 211 373 416
3905 227 368 405
3906 246 363 391
3907 245 355 400
3908 259 355 386
3909 273 349 378
3910 252 353 395
3911 222 386 392
3912 209 405 386
3913 205 423 372
3914 190 432 378
3915 181 455 364
3916 180 464 356
3917 185 471 344
3918 185 462 353
3919 192 429 379
3920 197 403 400
3921 200 380 420
3922 208 368 424
3923 218 337 445
3924 219 318 463
3925 215 310 475
3926 246 323 431
3927 267 325 408
3928 265 330 405
3929 267 355 378
3930 267 365 368
3931 269 396 335
3932 258 413 329
3933 237 432 331
3934 219 440 341
3935 220 456 324
3936 211 450 339
3937 210 434 356
3938 204 425 371
3939 205 400 395
3940 203 382 415
3941 213 365 422
3942 216 347 437
3943 224 328 448
3944 234 326 440
3945 247 332 421
3946 262 328 410
3947 268 338 394
3948 288 350 362
3949 306 347 347
3950 319 347 334
3951 299 353 348
3952 289 375 336
3953 271 379 350
3954 240 401 359
3955 226 422 352
3956 208 424 368
3957 197 445 358
3958 186 456 358
3959 179 461 360
3960 189 446 365
3961 189 432 379
3962 198 410 392
3963 213 380 407
3964 209 363 428
3965 214 346 440
3966 214 330 456
3967 222 325 453
3968 224 332 444
3969 245 344 411
3970 274 345 381
3971 290 346 364
3972 302 347 351
3973 310 352 338
3974 304 360 336
3975 304 371 325
3976 292 364 344
3977 276 364 360
3978 243 379 378
3979 225 411 364
3980 209 428 363
3981 202 439 359
3982 197 438 365
3983 196 432 372
3984 202 440 358
3985 197 434 369
3986 186 424 390
3987 184 403 413
3988 182 388 430
3989 188 379 433
3990 207 374 419
3991 208 361 431
3992 217 352 431
3993 230 349 421
3994 255 346 399
3995 264 342 394
3996 269 348 383
3997 264 352 384
3998 266 362 372
3999 266 373 361
