p=0.000244140625 p_inf=0.1 time series=0,1,9,17
Format is t, #suscepted, #infected, #recovered
0 998 1 1
1 997 2 1
2 995 3 2
3 991 5 4
4 986 9 5
5 979 14 7
6 976 21 3
7 972 24 4
8 968 27 5
9 964 30 6
10 960 33 7
11 955 35 10
12 950 36 14
13 946 36 18
14 940 33 27
15 932 36 32
16 931 41 28
17 927 39 34
18 928 40 32
19 929 37 34
20 932 35 33
21 936 32 32
22 936 31 33
23 938 28 34
24 939 21 40
25 939 22 39
26 940 21 39
27 942 23 35
28 941 23 36
29 940 27 33
30 943 29 28
31 950 29 21
32 949 29 22
33 949 29 22
34 944 30 26
35 941 33 26
36 942 36 22
37 942 31 27
38 941 29 30
39 941 30 29
40 941 30 29
41 938 30 32
42 936 32 32
43 933 31 36
44 935 31 34
45 935 34 31
46 930 36 34
47 927 40 33
48 926 43 31
49 923 44 33
50 926 45 29
51 929 43 28
52 928 40 32
53 928 38 34
54 928 36 36
55 923 32 45
56 922 34 44
57 920 34 46
58 920 35 45
59 920 37 43
60 921 40 39
61 918 41 41
62 919 46 35
63 920 49 31
64 921 46 33
65 925 45 30
66 923 40 37
67 922 40 38
68 913 38 49
69 913 46 41
70 914 41 45
71 919 37 44
72 919 35 46
73 924 36 40
74 927 36 37
75 931 33 36
76 931 31 38
77 938 23 39
78 941 21 38
79 940 22 38
80 940 25 35
81 942 24 34
82 943 22 35
83 945 24 31
84 953 24 23
85 951 24 25
86 949 28 23
87 950 29 21
88 951 25 24
89 952 25 23
90 951 26 23
91 945 25 30
92 947 31 22
93 942 29 29
94 940 30 30
95 943 31 26
96 943 32 25
97 943 32 25
98 946 31 23
99 944 29 27
100 943 25 32
101 946 28 26
102 944 24 32
103 939 25 36
104 939 29 32
105 939 29 32
106 942 30 28
107 945 29 26
108 945 30 25
109 947 27 26
110 952 29 19
111 951 23 26
112 949 20 31
113 948 22 30
114 948 22 30
115 949 23 28
116 949 21 30
117 946 24 30
118 951 25 24
119 953 26 21
120 952 27 21
121 953 26 21
122 946 25 29
123 948 31 21
124 945 31 24
125 943 31 26
126 939 32 29
127 934 35 31
128 934 39 27
129 934 40 26
130 925 41 34
131 924 44 32
132 924 45 31
133 927 45 28
134 923 41 36
135 917 42 41
136 911 44 45
137 906 49 45
138 909 53 38
139 903 47 50
140 901 52 47
141 901 54 45
142 901 58 41
143 903 57 40
144 897 53 50
145 895 54 51
146 894 52 54
147 889 59 52
148 877 59 64
149 862 69 69
150 856 80 64
151 858 87 55
152 853 89 58
153 845 93 62
154 843 103 54
155 846 98 56
156 840 95 65
157 834 91 75
158 821 86 93
159 811 92 97
160 802 100 98
161 795 105 100
162 794 102 104
163 789 108 103
164 796 116 88
165 799 113 88
166 801 115 84
167 801 107 92
168 804 99 97
169 805 91 104
170 801 93 106
171 792 91 117
172 786 92 122
173 787 101 112
174 793 98 109
175 800 100 100
176 806 101 93
177 811 103 86
178 811 96 93
179 809 98 93
180 810 99 91
181 813 89 98
182 814 89 97
183 817 86 97
184 811 82 107
185 808 86 106
186 808 96 96
187 813 94 93
188 820 88 92
189 816 91 93
190 819 95 86
191 815 95 90
192 817 103 80
193 809 97 94
194 804 95 101
195 814 102 84
196 809 98 93
197 803 100 97
198 796 102 102
199 787 109 104
200 793 110 97
201 792 110 98
202 788 113 99
203 785 110 105
204 781 117 102
205 775 119 106
206 766 123 111
207 760 125 115
208 755 130 115
209 750 135 115
210 749 137 114
211 743 141 116
212 740 140 120
213 731 141 128
214 728 146 126
215 727 147 126
216 724 143 133
217 723 141 136
218 718 140 142
219 717 141 142
220 721 143 136
221 726 138 136
222 732 128 140
223 731 121 148
224 734 126 140
225 739 125 136
226 743 121 136
227 740 116 144
228 740 117 143
229 748 122 130
230 755 124 121
231 751 124 125
232 750 123 127
233 758 125 117
234 764 121 115
235 760 120 120
236 754 123 123
237 756 124 120
238 748 120 132
239 750 128 122
240 751 127 122
241 748 124 128
242 741 131 128
243 735 139 126
244 726 142 132
245 718 150 132
246 708 162 130
247 705 164 131
248 695 168 137
249 688 181 131
250 679 181 140
251 674 182 144
252 667 184 149
253 650 183 167
254 638 188 174
255 628 198 174
256 610 204 186
257 607 209 184
258 603 212 185
259 596 215 189
260 600 220 180
261 605 217 178
262 604 207 189
263 599 198 203
264 599 197 204
265 588 192 220
266 580 200 220
267 579 205 216
268 584 201 215
269 594 199 207
270 612 199 189
271 619 190 191
272 627 184 189
273 626 181 193
274 629 174 197
275 641 166 193
276 642 158 200
277 647 159 194
278 658 154 188
279 667 152 181
280 672 149 179
281 678 147 175
282 678 148 174
283 675 156 169
284 669 167 164
285 659 172 169
286 653 187 160
287 653 195 152
288 650 198 152
289 653 203 144
290 651 199 150
291 641 193 166
292 637 192 171
293 628 191 181
294 615 185 200
295 611 190 199
296 618 191 191
297 622 179 199
298 633 179 188
299 649 174 177
300 651 159 190
301 662 158 180
302 668 153 179
303 673 142 185
304 684 136 180
305 688 137 175
306 683 133 184
307 677 143 180
308 678 164 158
309 690 164 146
310 694 157 149
311 695 164 141
312 680 169 151
313 679 183 138
314 673 188 139
315 666 184 150
316 665 170 165
317 666 171 163
318 647 177 176
319 635 189 176
320 627 196 177
321 608 190 202
322 612 204 184
323 611 204 185
324 601 219 180
325 585 228 187
326 587 238 175
327 587 224 189
328 593 217 190
329 578 217 205
330 575 218 207
331 558 221 221
332 547 223 230
333 525 225 250
334 522 237 241
335 512 254 234
336 505 271 224
337 508 278 214
338 499 274 227
339 506 280 214
340 515 271 214
341 513 260 227
342 504 250 246
343 493 242 265
344 486 236 278
345 486 236 278
346 490 240 270
347 499 230 271
348 495 230 275
349 503 245 252
350 499 247 254
351 510 259 231
352 506 254 240
353 502 258 240
354 497 258 245
355 490 273 237
356 474 280 246
357 472 281 247
358 454 281 265
359 446 287 267
360 442 300 258
361 445 300 255
362 437 297 266
363 439 290 271
364 445 281 274
365 437 274 289
366 448 282 270
367 438 265 297
368 427 262 311
369 426 273 301
370 418 277 305
371 401 292 307
372 401 318 281
373 382 325 293
374 391 336 273
375 395 344 261
376 393 343 264
377 385 334 281
378 385 338 277
379 367 323 310
380 366 315 319
381 376 309 315
382 360 288 352
383 356 296 348
384 362 301 337
385 341 304 355
386 332 321 347
387 342 345 313
388 344 343 313
389 353 347 300
390 336 359 305
391 326 368 306
392 322 373 305
393 328 374 298
394 324 351 325
395 330 331 339
396 320 327 353
397 307 333 360
398 314 334 352
399 318 318 364
400 318 309 373
401 348 308 344
402 379 301 320
403 383 290 327
404 375 290 335
405 384 292 324
406 392 282 326
407 409 290 301
408 415 282 303
409 411 277 312
410 415 288 297
411 405 295 300
412 414 305 281
413 420 294 286
414 411 298 291
415 403 299 298
416 403 315 282
417 379 320 301
418 369 333 298
419 362 336 302
420 360 333 307
421 349 346 305
422 339 353 308
423 324 362 314
424 310 361 329
425 295 370 335
426 278 372 350
427 280 386 334
428 271 387 342
429 262 383 355
430 268 385 347
431 277 370 353
432 271 362 367
433 284 359 357
434 280 344 376
435 273 334 393
436 264 340 396
437 254 353 393
438 264 361 375
439 263 366 371
440 265 375 360
441 280 376 344
442 286 376 338
443 274 380 346
444 279 386 335
445 274 368 358
446 269 365 366
447 259 365 376
448 272 366 362
449 270 352 378
450 266 354 380
451 280 354 366
452 304 334 362
453 321 328 351
454 312 314 374
455 316 323 361
456 325 318 357
457 320 323 357
458 328 326 346
459 354 318 328
460 364 312 324
461 389 308 303
462 396 297 307
463 397 281 322
464 372 285 343
465 370 305 325
466 364 304 332
467 349 318 333
468 330 339 331
469 316 362 322
470 317 387 296
471 302 402 296
472 285 413 302
473 279 410 311
474 260 417 323
475 245 422 333
476 224 416 360
477 215 414 371
478 210 398 392
479 217 388 395
480 232 370 398
481 227 358 415
482 234 356 410
483 242 344 414
484 248 342 410
485 254 338 408
486 273 348 379
487 287 339 374
488 297 343 360
489 297 345 358
490 294 347 359
491 292 362 346
492 280 366 354
493 254 382 364
494 238 398 364
495 232 423 345
496 227 425 348
497 232 428 340
498 228 421 351
499 230 410 360
500 226 404 370
501 230 392 378
502 219 372 409
503 227 358 415
504 227 348 425
505 233 345 422
506 237 346 417
507 239 353 408
508 260 357 383
509 273 348 379
510 284 355 361
511 283 358 359
512 280 369 351
513 283 375 342
514 287 371 342
515 285 360 355
516 297 358 345
517 282 355 363
518 290 363 347
519 280 352 368
520 270 351 379
521 256 355 389
522 268 373 359
523 265 372 363
524 267 377 356
525 271 378 351
526 281 366 353
527 287 367 346
528 289 362 349
529 286 356 358
530 282 341 377
531 271 346 383
532 271 352 377
533 278 351 371
534 280 356 364
535 276 353 371
536 283 362 355
537 287 361 352
538 281 372 347
539 276 373 351
540 259 372 369
541 255 390 355
542 246 389 365
543 249 401 350
544 254 389 357
545 244 385 371
546 248 384 368
547 252 379 369
548 233 376 391
549 236 377 387
550 222 375 403
551 232 377 391
552 232 379 389
553 237 383 380
554 249 379 372
555 268 372 360
556 280 356 364
557 292 343 365
558 291 333 376
559 286 332 382
560 282 335 383
561 285 335 380
562 264 336 400
563 269 364 367
564 279 375 346
565 277 378 345
566 287 390 323
567 280 381 339
568 282 385 333
569 281 383 336
570 274 383 343
571 262 362 376
572 264 363 373
573 252 358 390
574 257 358 385
575 248 362 390
576 256 367 377
577 277 361 362
578 297 340 363
579 295 341 364
580 293 342 365
581 293 349 358
582 289 349 362
583 287 349 364
584 281 346 373
585 282 358 360
586 289 378 333
587 292 370 338
588 288 366 346
589 294 363 343
590 298 357 345
591 303 353 344
592 293 351 356
593 283 349 368
594 292 339 369
595 287 338 375
596 283 347 370
597 280 354 366
598 283 363 354
599 275 364 361
600 275 374 351
601 276 376 348
602 270 385 345
603 266 392 342
604 274 387 339
605 270 372 358
606 269 367 364
607 275 367 358
608 295 351 354
609 298 329 373
610 303 317 380
611 315 305 380
612 337 298 365
613 350 291 359
614 352 283 365
615 366 281 353
616 379 283 338
617 392 292 316
618 393 291 316
619 402 302 296
620 399 300 301
621 407 310 283
622 410 310 280
623 405 309 286
624 398 312 290
625 398 310 292
626 389 311 300
627 396 309 295
628 393 304 303
629 398 297 305
630 401 292 307
631 408 290 302
632 419 280 301
633 412 271 317
634 412 277 311
635 406 279 315
636 396 290 314
637 386 307 307
638 391 322 287
639 399 319 282
640 399 321 280
641 392 330 278
642 389 331 280
643 377 332 291
644 359 333 308
645 340 334 326
646 337 338 325
647 341 344 315
648 326 338 336
649 336 344 320
650 338 333 329
651 353 330 317
652 374 314 312
653 386 292 322
654 380 276 344
655 368 276 356
656 354 294 352
657 346 302 352
658 336 321 343
659 330 334 336
660 345 356 299
661 367 363 270
662 359 357 284
663 359 365 276
664 350 347 303
665 338 348 314
666 340 341 319
667 336 326 338
668 327 308 365
669 324 310 366
670 324 319 357
671 345 311 344
672 355 308 337
673 364 297 339
674 365 295 340
675 361 309 330
676 337 331 332
677 322 353 325
678 323 359 318
679 307 366 327
680 311 385 304
681 308 392 300
682 296 397 307
683 274 395 331
684 273 395 332
685 266 374 360
686 268 375 357
687 256 366 378
688 259 359 382
689 270 349 381
690 288 333 379
691 305 317 378
692 319 300 381
693 318 307 375
694 323 307 370
695 324 311 365
696 333 317 350
697 329 318 353
698 327 338 335
699 334 356 310
700 322 366 312
701 321 371 308
702 307 372 321
703 293 382 325
704 289 390 321
705 277 393 330
706 272 385 343
707 268 372 360
708 277 366 357
709 285 352 363
710 286 343 371
711 291 332 377
712 282 319 399
713 294 325 381
714 303 321 376
715 312 325 363
716 327 322 351
717 333 321 346
718 339 324 337
719 348 329 323
720 348 333 319
721 350 327 323
722 359 329 312
723 363 316 321
724 369 315 316
725 371 310 319
726 363 305 332
727 369 308 323
728 377 298 325
729 366 296 338
730 355 305 340
731 350 329 321
732 337 335 328
733 330 353 317
734 351 365 284
735 360 341 299
736 359 342 299
737 356 345 299
738 342 339 319
739 342 329 329
740 335 323 342
741 326 312 362
742 340 309 351
743 338 319 343
744 330 320 350
745 347 325 328
746 361 314 325
747 368 310 322
748 372 309 319
749 381 316 303
750 361 310 329
751 352 320 328
752 357 328 315
753 345 318 337
754 340 341 319
755 331 350 319
756 325 360 315
757 334 359 307
758 322 356 322
759 313 358 329
760 313 359 328
761 308 369 323
762 315 351 334
763 318 335 347
764 331 322 347
765 329 310 361
766 335 315 350
767 332 307 361
768 331 309 360
769 336 300 364
770 341 313 346
771 345 324 331
772 341 333 326
773 322 349 329
774 317 363 320
775 315 376 309
776 316 376 308
777 310 384 306
778 294 377 329
779 281 382 337
780 263 386 351
781 259 388 353
782 265 378 357
783 274 359 367
784 268 350 382
785 280 348 372
786 283 343 374
787 280 335 385
788 279 334 387
789 296 333 371
790 314 326 360
791 315 327 358
792 308 335 357
793 322 344 334
794 318 335 347
795 321 347 332
796 332 345 323
797 331 335 334
798 322 343 335
799 311 351 338
800 320 354 326
801 318 336 346
802 306 347 347
803 314 347 339
804 316 341 343
805 310 349 341
806 302 347 351
807 298 347 355
808 307 348 345
809 292 357 351
810 306 361 333
811 303 347 350
812 300 356 344
813 314 351 335
814 312 339 349
815 310 341 349
816 294 342 364
817 295 349 356
818 308 344 348
819 300 345 355
820 301 344 355
821 295 348 357
822 296 366 338
823 305 363 332
824 307 353 340
825 304 344 352
826 309 352 339
827 311 346 343
828 308 345 347
829 305 344 351
830 314 329 357
831 318 323 359
832 325 329 346
833 317 331 352
834 312 331 357
835 320 342 338
836 324 335 341
837 340 332 328
838 337 331 332
839 331 340 329
840 332 340 328
841 330 337 333
842 300 339 361
843 296 358 346
844 294 369 337
845 283 374 343
846 269 386 345
847 274 391 335
848 268 386 346
849 269 395 336
850 278 392 330
851 281 364 355
852 289 350 361
853 281 337 382
854 279 333 388
855 294 330 376
856 299 320 381
857 300 306 394
858 312 308 380
859 317 324 359
860 321 333 346
861 324 342 334
862 323 343 334
863 312 347 341
864 313 368 319
865 317 381 302
866 309 375 316
867 304 367 329
868 308 363 329
869 310 350 340
870 317 347 336
871 308 336 356
872 305 324 371
873 311 314 375
874 321 314 365
875 325 312 363
876 327 312 361
877 333 323 344
878 342 320 338
879 350 322 328
880 366 326 308
881 349 320 331
882 352 337 311
883 344 336 320
884 334 344 322
885 340 343 317
886 349 340 311
887 355 329 316
888 360 319 321
889 365 320 315
890 371 298 331
891 374 293 333
892 378 282 340
893 385 279 336
894 393 275 332
895 400 278 322
896 400 281 319
897 423 280 297
898 437 279 284
899 455 270 275
900 464 263 273
901 458 257 285
902 450 267 283
903 446 272 282
904 445 273 282
905 440 275 285
906 439 281 280
907 434 291 275
908 434 303 263
909 424 309 267
910 414 309 277
911 431 314 255
912 422 296 282
913 407 303 290
914 397 312 291
915 389 312 299
916 375 308 317
917 379 316 305
918 382 312 306
919 379 304 317
920 376 325 299
921 371 321 308
922 368 317 315
923 375 320 305
924 367 317 316
925 360 317 323
926 358 328 314
927 342 338 320
928 346 333 321
929 354 333 313
930 348 329 323
931 348 332 320
932 352 335 313
933 346 331 323
934 348 326 326
935 343 314 343
936 328 324 348
937 337 339 324
938 330 334 336
939 323 338 339
940 331 342 327
941 340 338 322
942 342 334 324
943 328 344 328
944 328 348 324
945 312 333 355
946 299 354 347
947 296 363 341
948 299 362 339
949 305 363 332
950 290 361 349
951 304 366 330
952 316 348 336
953 309 351 340
954 309 337 354
955 311 328 361
956 305 327 368
957 303 332 365
958 294 336 370
959 313 340 347
960 305 339 356
961 313 344 343
962 323 350 327
963 319 349 332
964 310 354 336
965 298 358 344
966 308 366 326
967 300 352 348
968 302 361 337
969 312 354 334
970 308 338 354
971 307 343 350
972 304 339 357
973 301 338 361
974 305 333 362
975 302 343 355
976 304 337 359
977 307 342 351
978 299 355 346
979 288 358 354
980 296 373 331
981 293 366 341
982 282 374 344
983 291 375 334
984 290 372 338
985 277 368 355
986 283 368 349
987 270 359 371
988 277 357 366
989 272 357 371
990 272 354 374
991 256 353 391
992 253 372 375
993 264 379 357
994 271 368 361
995 271 370 359
996 260 372 368
997 263 383 354
998 261 383 356
999 239 386 375
1000 237 389 374
1001 245 384 371
1002 246 387 367
1003 254 384 362
1004 255 374 371
1005 259 362 379
1006 243 358 399
1007 247 371 382
1008 248 364 388
1009 251 368 381
1010 251 362 387
1011 266 365 369
1012 282 360 358
1013 288 356 356
1014 303 354 343
1015 318 326 356
1016 319 318 363
1017 314 313 373
1018 320 324 356
1019 327 315 358
1020 325 313 362
1021 328 319 353
1022 353 318 329
1023 365 321 314
1024 368 317 315
1025 364 319 317
1026 364 312 324
1027 359 321 320
1028 342 328 330
1029 330 339 331
1030 325 352 323
1031 313 354 333
1032 301 370 329
1033 302 380 318
1034 288 386 326
1035 285 391 324
1036 282 387 331
1037 272 379 349
1038 267 376 357
1039 257 379 364
1040 265 373 362
1041 264 355 381
1042 272 350 378
1043 282 337 381
1044 292 331 377
1045 311 329 360
1046 314 313 373
1047 313 307 380
1048 320 314 366
1049 311 325 364
1050 319 339 342
1051 317 344 339
1052 321 352 327
1053 339 350 311
1054 344 348 308
1055 342 349 309
1056 339 344 317
1057 340 336 324
1058 335 321 344
1059 329 321 350
1060 332 319 349
1061 314 318 368
1062 313 338 349
1063 326 338 336
1064 329 330 341
1065 345 335 320
1066 333 334 333
1067 338 346 316
1068 332 343 325
1069 323 350 327
1070 326 339 335
1071 334 336 330
1072 335 336 329
1073 327 330 343
1074 318 339 343
1075 306 336 358
1076 305 351 344
1077 318 345 337
1078 318 343 339
1079 323 346 331
1080 330 341 329
1081 323 340 337
1082 334 338 328
1083 336 330 334
1084 350 313 337
1085 353 305 342
1086 345 304 351
1087 342 309 349
1088 330 317 353
1089 333 330 337
1090 348 329 323
1091 364 322 314
1092 359 323 318
1093 361 336 303
1094 355 335 310
1095 342 336 322
1096 319 341 340
1097 314 351 335
1098 308 357 335
1099 295 370 335
1100 282 382 336
1101 279 382 339
1102 289 386 325
1103 292 375 333
1104 305 367 328
1105 307 344 349
1106 302 336 362
1107 292 328 380
1108 306 326 368
1109 311 312 377
1110 313 303 384
1111 319 312 369
1112 334 314 352
1113 348 322 330
1114 365 316 319
1115 382 307 311
1116 391 292 317
1117 392 297 311
1118 382 305 313
1119 368 306 326
1120 355 318 327
1121 349 323 328
1122 340 335 325
1123 347 353 300
1124 331 361 308
1125 333 372 295
1126 337 362 301
1127 324 357 319
1128 333 358 309
1129 335 344 321
1130 330 330 340
1131 329 317 354
1132 322 310 368
1133 331 306 363
1134 334 307 359
1135 332 309 359
1136 340 310 350
1137 337 316 347
1138 343 333 324
1139 332 340 328
1140 332 358 310
1141 321 362 317
1142 314 372 314
1143 310 377 313
1144 297 380 323
1145 285 387 328
1146 283 382 335
1147 274 377 349
1148 282 368 350
1149 279 356 365
1150 283 349 368
1151 298 340 362
1152 299 322 379
1153 315 314 371
1154 322 303 375
1155 331 301 368
1156 329 301 370
1157 329 315 356
1158 330 322 348
1159 356 330 314
1160 360 322 318
1161 359 326 315
1162 361 338 301
1163 371 338 291
1164 358 328 314
1165 343 327 330
1166 344 335 321
1167 351 326 323
1168 347 327 326
1169 336 327 337
1170 333 326 341
1171 327 329 344
1172 337 345 318
1173 336 336 328
1174 347 329 324
1175 340 327 333
1176 340 333 327
1177 323 333 344
1178 310 351 339
1179 289 361 350
1180 284 366 350
1181 272 380 348
1182 257 399 344
1183 242 416 342
1184 239 425 336
1185 232 428 340
1186 237 417 346
1187 249 402 349
1188 249 385 366
1189 244 371 385
1190 234 357 409
1191 235 350 415
1192 243 340 417
1193 268 329 403
1194 282 315 403
1195 305 316 379
1196 320 310 370
1197 343 309 348
1198 357 300 343
1199 364 293 343
1200 368 296 336
1201 372 303 325
1202 356 313 331
1203 355 328 317
1204 344 335 321
1205 348 347 305
1206 348 352 300
1207 345 359 296
1208 336 359 305
1209 331 361 308
1210 319 356 325
1211 302 353 345
1212 301 363 336
1213 298 352 350
1214 295 350 355
1215 304 346 350
1216 305 337 358
1217 304 334 362
1218 314 340 346
1219 302 333 365
1220 312 335 353
1221 303 336 361
1222 302 347 351
1223 294 352 354
1224 293 369 338
1225 285 373 342
1226 275 375 350
1227 278 392 330
1228 264 387 349
1229 255 400 345
1230 252 398 350
1231 243 396 361
1232 240 388 372
1233 257 387 356
1234 246 368 386
1235 255 362 383
1236 260 358 382
1237 283 340 377
1238 298 319 383
1239 306 306 388
1240 316 306 378
1241 333 297 370
1242 352 299 349
1243 361 286 353
1244 367 281 352
1245 371 293 336
1246 369 310 321
1247 369 325 306
1248 378 325 297
1249 371 325 304
1250 385 330 285
1251 378 329 293
1252 367 341 292
1253 357 340 303
1254 340 333 327
1255 334 335 331
1256 328 341 331
1257 325 347 328
1258 328 345 327
1259 333 343 324
1260 345 326 329
1261 354 315 331
1262 359 313 328
1263 364 306 330
1264 364 295 341
1265 371 289 340
1266 370 284 346
1267 383 287 330
1268 394 291 315
1269 404 291 305
1270 419 283 298
1271 433 275 292
1272 443 272 285
1273 434 268 298
1274 430 282 288
1275 422 283 295
1276 421 287 292
1277 422 288 290
1278 418 295 287
1279 404 307 289
1280 397 324 279
1281 377 335 288
1282 361 341 298
1283 351 356 293
1284 339 362 299
1285 333 373 294
1286 315 372 313
1287 311 378 311
1288 310 365 325
1289 325 355 320
1290 333 334 333
1291 349 311 340
1292 343 289 368
1293 331 284 385
1294 333 297 370
1295 334 289 377
1296 340 301 359
1297 350 305 345
1298 375 316 309
1299 382 314 304
1300 389 329 282
1301 380 327 293
1302 387 323 290
1303 388 324 288
1304 369 311 320
1305 341 326 333
1306 334 343 323
1307 317 352 331
1308 326 354 320
1309 347 347 306
1310 347 330 323
1311 365 329 306
1312 370 324 306
1313 377 304 319
1314 368 280 352
1315 362 280 358
1316 361 284 355
1317 358 292 350
1318 361 312 327
1319 343 310 347
1320 351 333 316
1321 356 345 299
1322 366 364 270
1323 367 354 279
1324 361 349 290
1325 345 347 308
1326 337 343 320
1327 326 353 321
1328 322 341 337
1329 325 333 342
1330 333 311 356
1331 336 313 351
1332 337 315 348
1333 342 316 342
1334 337 315 348
1335 347 310 343
1336 348 312 340
1337 356 319 325
1338 337 333 330
1339 322 350 328
1340 316 363 321
1341 324 368 308
1342 338 361 301
1343 320 352 328
1344 318 368 314
1345 300 363 337
1346 288 367 345
1347 307 362 331
1348 314 330 356
1349 317 318 365
1350 317 322 361
1351 321 331 348
1352 332 311 357
1353 347 305 348
1354 355 286 359
1355 372 283 345
1356 385 298 317
1357 386 297 317
1358 362 292 346
1359 392 307 301
1360 378 297 325
1361 374 317 309
1362 360 340 300
1363 331 357 312
1364 311 371 318
1365 301 392 307
1366 301 407 292
1367 295 392 313
1368 292 408 300
1369 273 391 336
1370 272 387 341
1371 272 371 357
1372 253 357 390
1373 232 355 413
1374 239 361 400
1375 219 369 412
1376 233 373 394
1377 247 376 377
1378 262 366 372
1379 262 367 371
1380 281 381 338
1381 282 364 354
1382 261 357 382
1383 255 370 375
1384 229 372 399
1385 223 395 382
1386 209 411 380
1387 193 424 383
1388 206 426 368
1389 224 430 346
1390 228 419 353
1391 236 402 362
1392 227 392 381
1393 221 378 401
1394 218 368 414
1395 224 358 418
1396 215 350 435
1397 223 355 422
1398 242 358 400
1399 241 356 403
1400 268 367 365
1401 280 354 366
1402 299 352 349
1403 311 343 346
1404 292 339 369
1405 272 353 375
1406 264 370 366
1407 259 380 361
1408 255 374 371
1409 258 391 351
1410 259 390 351
1411 259 398 343
1412 243 402 355
1413 244 404 352
1414 239 386 375
1415 242 381 377
1416 238 384 378
1417 242 371 387
1418 224 368 408
1419 212 378 410
1420 224 386 390
1421 244 372 384
1422 249 370 381
1423 251 370 379
1424 259 365 376
1425 255 370 375
1426 264 377 359
1427 272 358 370
1428 294 342 364
1429 290 334 376
1430 304 340 356
1431 315 326 359
1432 305 320 375
1433 294 325 381
1434 300 329 371
1435 298 342 360
1436 301 360 339
1437 281 365 354
1438 274 379 347
1439 268 400 332
1440 262 412 326
1441 264 413 323
1442 249 407 344
1443 220 409 371
1444 210 420 370
1445 217 425 358
1446 203 404 393
1447 201 397 402
1448 204 387 409
1449 215 383 402
1450 216 378 406
1451 226 375 399
1452 217 354 429
1453 220 358 422
1454 234 376 390
1455 238 369 393
1456 238 375 387
1457 235 379 386
1458 235 387 378
1459 255 390 355
1460 258 391 351
1461 250 384 366
1462 260 374 366
1463 252 371 377
1464 259 373 368
1465 250 362 388
1466 249 363 388
1467 261 361 378
1468 262 348 390
1469 275 354 371
1470 281 351 368
1471 286 348 366
1472 295 341 364
1473 298 343 359
1474 316 339 345
1475 318 323 359
1476 320 334 346
1477 325 326 349
1478 330 324 346
1479 343 322 335
1480 344 316 340
1481 354 313 333
1482 358 307 335
1483 347 319 334
1484 345 319 336
1485 344 329 327
1486 327 332 341
1487 324 351 325
1488 309 360 331
1489 304 378 318
1490 299 389 312
1491 293 382 325
1492 301 388 311
1493 301 370 329
1494 307 367 326
1495 301 342 357
1496 296 339 365
1497 284 326 390
1498 282 327 391
1499 272 336 392
1500 285 340 375
1501 286 345 369
1502 292 347 361
1503 280 366 354
1504 295 381 324
1505 299 379 322
1506 306 374 320
1507 323 358 319
1508 321 337 342
1509 325 334 341
1510 314 328 358
1511 308 320 372
1512 298 311 391
1513 313 323 364
1514 317 313 370
1515 330 325 345
1516 306 333 361
1517 297 360 343
1518 304 375 321
1519 313 376 311
1520 304 376 320
1521 295 373 332
1522 272 392 336
1523 256 403 341
1524 256 411 333
1525 255 384 361
1526 254 370 376
1527 266 370 364
1528 288 358 354
1529 276 339 385
1530 274 332 394
1531 277 323 400
1532 295 312 393
1533 310 321 369
1534 298 320 382
1535 294 332 374
1536 287 348 365
1537 302 374 324
1538 313 366 321
1539 312 364 324
1540 290 376 334
1541 272 389 339
1542 276 408 316
1543 259 392 349
1544 244 393 363
1545 249 382 369
1546 266 385 349
1547 267 370 363
1548 273 357 370
1549 275 338 387
1550 296 317 387
1551 293 312 395
1552 300 314 386
1553 298 318 384
1554 292 317 391
1555 287 338 375
1556 302 356 342
1557 301 360 339
1558 283 382 335
1559 282 405 313
1560 277 404 319
1561 273 405 322
1562 262 410 328
1563 251 400 349
1564 248 393 359
1565 238 392 370
1566 229 380 391
1567 241 366 393
1568 245 355 400
1569 242 350 408
1570 238 348 414
1571 246 362 392
1572 248 361 391
1573 257 360 383
1574 260 363 377
1575 271 374 355
1576 279 374 347
1577 284 371 345
1578 264 368 368
1579 264 374 362
1580 257 375 368
1581 264 383 353
1582 266 373 361
1583 277 360 363
1584 279 349 372
1585 272 350 378
1586 281 360 359
1587 290 345 365
1588 287 335 378
1589 287 330 383
1590 295 340 365
1591 294 345 361
1592 299 357 344
1593 304 351 345
1594 318 336 346
1595 307 337 356
1596 307 358 335
1597 301 363 336
1598 292 359 349
1599 279 363 358
1600 280 364 356
1601 283 369 348
1602 284 381 335
1603 281 379 340
1604 279 361 360
1605 292 358 350
1606 304 349 347
1607 304 333 363
1608 307 332 361
1609 304 324 372
1610 307 315 378
1611 318 314 368
1612 327 321 352
1613 332 315 353
1614 326 319 355
1615 328 341 331
1616 331 340 329
1617 326 345 329
1618 305 359 336
1619 291 381 328
1620 267 388 345
1621 259 418 323
1622 249 422 329
1623 241 410 349
1624 222 419 359
1625 215 433 352
1626 216 426 358
1627 213 403 384
1628 203 399 398
1629 205 379 416
1630 217 373 410
1631 225 373 402
1632 217 356 427
1633 225 350 425
1634 245 349 406
1635 257 352 391
1636 286 344 370
1637 268 335 397
1638 256 359 385
1639 258 371 371
1640 264 386 350
1641 257 386 357
1642 252 394 354
1643 254 396 350
1644 258 402 340
1645 243 407 350
1646 233 398 369
1647 209 396 395
1648 215 405 380
1649 220 399 381
1650 222 386 392
1651 215 382 403
1652 210 383 407
1653 231 383 386
1654 251 371 378
1655 264 353 383
1656 279 331 390
1657 301 322 377
1658 319 313 368
1659 322 299 379
1660 317 295 388
1661 327 300 373
1662 329 302 369
1663 338 318 344
1664 321 331 348
1665 319 357 324
1666 313 368 319
1667 306 388 306
1668 303 399 298
1669 286 397 317
1670 267 412 321
1671 254 415 331
1672 230 415 355
1673 197 413 390
1674 175 435 390
1675 180 437 383
1676 191 421 388
1677 195 412 393
1678 198 393 409
1679 211 387 402
1680 235 374 391
1681 239 352 409
1682 247 326 427
1683 258 316 426
1684 252 321 427
1685 253 336 411
1686 261 354 385
1687 261 352 387
1688 281 365 354
1689 290 367 343
1690 286 384 330
1691 273 398 329
1692 266 406 328
1693 251 398 351
1694 247 395 358
1695 243 401 356
1696 233 392 375
1697 218 400 382
1698 209 398 393
1699 222 393 385
1700 239 372 389
1701 260 363 377
1702 263 345 392
1703 267 336 397
1704 262 341 397
1705 275 338 387
1706 284 327 389
1707 304 323 373
1708 313 324 363
1709 328 324 348
1710 349 327 324
1711 349 315 336
1712 346 310 344
1713 359 316 325
1714 364 314 322
1715 358 313 329
1716 363 318 319
1717 355 313 332
1718 374 318 308
1719 397 311 292
1720 405 293 302
1721 418 279 303
1722 422 268 310
1723 414 265 321
1724 406 268 326
1725 400 281 319
1726 391 282 327
1727 372 298 330
1728 376 335 289
1729 367 345 288
1730 369 365 266
1731 349 366 285
1732 334 383 283
1733 331 385 284
1734 306 387 307
1735 273 396 331
1736 260 392 348
1737 245 395 360
1738 241 390 369
1739 239 393 368
1740 245 378 377
1741 247 370 383
1742 242 366 392
1743 262 362 376
1744 262 346 392
1745 279 343 378
1746 284 331 385
1747 304 323 373
1748 310 318 372
1749 316 320 364
1750 327 318 355
1751 342 311 347
1752 342 312 346
1753 343 315 342
1754 342 326 332
1755 335 335 330
1756 337 347 316
1757 338 343 319
1758 350 344 306
1759 353 339 308
1760 358 335 307
1761 348 327 325
1762 343 326 331
1763 331 322 347
1764 336 322 342
1765 340 321 339
1766 334 316 350
1767 343 327 330
1768 352 322 326
1769 357 321 322
1770 362 317 321
1771 359 316 325
1772 354 319 327
1773 362 325 313
1774 348 322 330
1775 345 325 330
1776 334 333 333
1777 327 345 328
1778 314 356 330
1779 315 370 315
1780 292 366 342
1781 282 383 335
1782 285 396 319
1783 282 390 328
1784 290 385 325
1785 289 365 346
1786 294 355 351
1787 303 336 361
1788 298 331 371
1789 289 319 392
1790 295 315 390
1791 301 315 384
1792 300 314 386
1793 316 335 349
1794 320 329 351
1795 324 344 332
1796 335 345 320
1797 337 346 317
1798 336 348 316
1799 328 349 323
1800 316 358 326
1801 316 349 335
1802 308 355 337
1803 311 348 341
1804 324 344 332
1805 310 330 360
1806 317 342 341
1807 302 334 364
1808 313 340 347
1809 303 338 359
1810 326 342 332
1811 335 326 339
1812 357 321 322
1813 365 313 322
1814 379 293 328
1815 390 287 323
1816 390 270 340
1817 391 272 337
1818 389 267 344
1819 391 285 324
1820 387 288 325
1821 402 300 298
1822 386 305 309
1823 386 327 287
1824 379 344 277
1825 380 349 271
1826 359 353 288
1827 345 356 299
1828 324 367 309
1829 315 376 309
1830 296 380 324
1831 284 377 339
1832 280 372 348
1833 279 371 350
1834 289 368 343
1835 283 355 362
1836 279 350 371
1837 274 345 381
1838 288 346 366
1839 290 335 375
1840 292 338 370
1841 297 337 366
1842 313 335 352
1843 322 332 346
1844 321 328 351
1845 324 334 342
1846 333 330 337
1847 329 332 339
1848 328 333 339
1849 323 335 342
1850 314 342 344
1851 313 354 333
1852 308 359 333
1853 310 358 332
1854 301 360 339
1855 316 367 317
1856 309 351 340
1857 309 356 335
1858 299 349 352
1859 299 347 354
1860 311 342 347
1861 310 331 359
1862 306 330 364
1863 317 327 356
1864 320 332 348
1865 315 324 361
1866 303 336 361
1867 312 350 338
1868 323 346 331
1869 323 346 331
1870 328 347 325
1871 308 345 347
1872 310 360 330
1873 298 366 336
1874 300 366 334
1875 293 350 357
1876 294 361 345
1877 288 360 352
1878 294 365 341
1879 287 361 352
1880 284 353 363
1881 293 350 357
1882 312 341 347
1883 304 338 358
1884 292 335 373
1885 299 348 353
1886 298 336 366
1887 319 341 340
1888 334 328 338
1889 339 316 345
1890 327 320 353
1891 334 335 331
1892 327 331 342
1893 322 325 353
1894 308 342 350
1895 294 351 355
1896 287 378 335
1897 261 397 342
1898 249 419 332
1899 260 416 324
1900 274 409 317
1901 253 401 346
1902 248 405 347
1903 239 401 360
1904 232 383 385
1905 239 371 390
1906 248 342 410
1907 258 336 406
1908 271 333 396
1909 288 328 384
1910 301 307 392
1911 316 298 386
1912 327 301 372
1913 347 302 351
1914 340 311 349
1915 331 324 345
1916 318 336 346
1917 323 354 323
1918 323 370 307
1919 316 379 305
1920 308 383 309
1921 306 390 304
1922 295 383 322
1923 274 381 345
1924 259 390 351
1925 249 387 364
1926 253 381 366
1927 268 368 364
1928 278 349 373
1929 299 332 369
1930 329 318 353
1931 334 290 376
1932 356 276 368
1933 367 257 376
1934 374 252 374
1935 376 258 366
1936 381 275 344
1937 388 287 325
1938 402 294 304
1939 413 308 279
1940 405 311 284
1941 395 338 267
1942 377 353 270
1943 355 365 280
1944 344 370 286
1945 325 369 306
1946 318 381 301
1947 324 374 302
1948 307 365 328
1949 313 355 332
1950 316 334 350
1951 329 319 352
1952 333 301 366
1953 326 298 376
1954 330 293 377
1955 338 296 366
1956 348 297 355
1957 369 297 334
1958 383 297 320
1959 396 298 306
1960 398 303 299
1961 405 304 291
1962 404 302 294
1963 402 300 298
1964 402 301 297
1965 404 301 295
1966 396 299 305
1967 392 306 302
1968 401 305 294
1969 412 295 293
1970 412 286 302
1971 415 288 297
1972 415 284 301
1973 413 284 303
1974 407 288 305
1975 411 287 302
1976 414 284 302
1977 418 291 291
1978 427 296 277
1979 432 285 283
1980 440 284 276
1981 437 276 287
1982 447 275 278
1983 449 266 285
1984 440 267 293
1985 426 269 305
1986 429 278 293
1987 420 286 294
1988 425 296 279
1989 432 299 269
1990 444 293 263
1991 435 290 275
1992 424 298 278
1993 425 307 268
1994 410 297 293
1995 403 304 293
1996 409 301 290
1997 410 292 298
1998 414 297 289
1999 408 296 296
2000 413 294 293
2001 422 280 298
2002 421 281 298
2003 427 275 298
2004 420 272 308
2005 420 288 292
2006 413 283 304
2007 421 291 288
2008 434 285 281
2009 432 286 282
2010 436 287 277
2011 435 289 276
2012 438 293 269
2013 426 274 300
2014 414 291 295
2015 414 295 291
2016 402 301 297
2017 397 312 291
2018 389 316 295
2019 383 322 295
2020 401 324 275
2021 392 325 283
2022 391 317 292
2023 391 314 295
2024 392 308 300
2025 391 296 313
2026 387 293 320
2027 383 291 326
2028 371 293 336
2029 388 304 308
2030 380 295 325
2031 376 306 318
2032 383 316 301
2033 385 321 294
2034 391 322 287
2035 391 318 291
2036 370 316 314
2037 367 326 307
2038 367 338 295
2039 353 327 320
2040 343 331 326
2041 338 336 326
2042 344 340 316
2043 349 338 313
2044 339 335 326
2045 330 335 335
2046 346 332 322
2047 354 327 319
2048 352 315 333
2049 345 312 343
2050 339 315 346
2051 348 323 329
2052 360 317 323
2053 358 305 337
2054 360 310 330
2055 362 313 325
2056 359 323 318
2057 351 329 320
2058 329 334 337
2059 330 348 322
2060 348 353 299
2061 351 347 302
2062 356 339 305
2063 362 331 307
2064 349 315 336
2065 347 322 331
2066 334 319 347
2067 314 318 368
2068 306 333 361
2069 304 347 349
2070 302 357 341
2071 309 367 324
2072 323 376 301
2073 334 355 311
2074 346 347 307
2075 339 336 325
2076 320 328 352
2077 308 333 359
2078 292 335 373
2079 275 341 384
2080 290 349 361
2081 295 355 350
2082 308 358 334
2083 325 356 319
2084 330 347 323
2085 341 337 322
2086 350 324 326
2087 355 309 336
2088 358 296 346
2089 365 287 348
2090 373 277 350
2091 387 271 342
2092 397 266 337
2093 408 266 326
2094 418 268 314
2095 419 273 308
2096 417 285 298
2097 428 296 276
2098 426 295 279
2099 422 303 275
2100 421 312 267
2101 422 313 265
2102 414 310 276
2103 416 313 271
2104 400 299 301
2105 398 304 298
2106 398 307 295
2107 378 299 323
2108 375 310 315
2109 376 312 312
2110 369 314 317
2111 376 318 306
2112 375 325 300
2113 363 321 316
2114 365 330 305
2115 364 336 300
2116 362 326 312
2117 365 326 309
2118 359 321 320
2119 355 323 322
2120 355 320 325
2121 339 324 337
2122 329 331 340
2123 335 335 330
2124 343 339 318
2125 333 331 336
2126 332 346 322
2127 321 345 334
2128 324 359 317
2129 327 352 321
2130 319 342 339
2131 317 346 337
2132 330 344 326
2133 325 339 336
2134 325 329 346
2135 313 330 357
2136 311 328 361
2137 322 337 341
2138 317 336 347
2139 326 337 337
2140 317 330 353
2141 334 344 322
2142 344 337 319
2143 361 326 313
2144 356 311 333
2145 357 307 336
2146 359 307 334
2147 342 304 354
2148 323 328 349
2149 324 333 343
2150 310 339 351
2151 310 364 326
2152 320 379 301
2153 318 373 309
2154 324 375 301
2155 321 372 307
2156 315 351 334
2157 299 352 349
2158 269 362 369
2159 249 367 384
2160 245 372 383
2161 245 382 373
2162 255 380 365
2163 271 373 356
2164 272 378 350
2165 255 376 369
2166 270 383 347
2167 262 363 375
2168 241 366 393
2169 230 377 393
2170 217 390 393
2171 209 410 381
2172 215 413 372
2173 216 409 375
2174 238 401 361
2175 246 399 355
2176 237 388 375
2177 217 386 397
2178 213 393 394
2179 213 377 410
2180 223 374 403
2181 235 368 397
2182 231 364 405
2183 260 370 370
2184 269 352 379
2185 282 345 373
2186 298 325 377
2187 297 325 378
2188 288 329 383
2189 278 344 378
2190 270 358 372
2191 265 360 375
2192 278 383 339
2193 284 377 339
2194 269 391 340
2195 267 406 327
2196 247 404 349
2197 242 409 349
2198 233 400 367
2199 205 407 388
2200 207 412 381
2201 204 416 380
2202 199 405 396
2203 220 395 385
2204 220 376 404
2205 225 371 404
2206 229 375 396
2207 228 364 408
2208 219 360 421
2209 231 365 404
2210 241 364 395
2211 242 364 394
2212 240 382 378
2213 234 389 377
2214 234 391 375
2215 239 402 359
2216 241 401 358
2217 228 394 378
2218 227 408 365
2219 207 409 384
2220 216 411 373
2221 218 395 387
2222 216 391 393
2223 226 382 392
2224 240 373 387
2225 227 366 407
2226 231 365 404
2227 230 360 410
2228 245 359 396
2229 253 360 387
2230 272 356 372
2231 275 346 379
2232 273 352 375
2233 271 361 368
2234 268 364 368
2235 262 372 366
2236 259 379 362
2237 257 381 362
2238 241 387 372
2239 228 413 359
2240 224 420 356
2241 227 415 358
2242 225 409 366
2243 219 403 378
2244 208 402 390
2245 206 411 383
2246 200 407 393
2247 208 387 405
2248 220 372 408
2249 241 365 394
2250 254 350 396
2251 267 343 390
2252 263 331 406
2253 264 326 410
2254 277 329 394
2255 275 336 389
2256 271 353 376
2257 269 364 367
2258 259 381 360
2259 254 398 348
2260 263 415 322
2261 262 411 327
2262 260 409 331
2263 249 404 347
2264 230 398 372
2265 218 406 376
2266 211 401 388
2267 209 391 400
2268 227 376 397
2269 245 362 393
2270 263 346 391
2271 287 333 380
2272 291 315 394
2273 311 303 386
2274 323 288 389
2275 347 286 367
2276 356 277 367
2277 357 282 361
2278 360 297 343
2279 379 307 314
2280 384 306 310
2281 386 313 301
2282 384 326 290
2283 369 330 301
2284 348 354 298
2285 323 370 307
2286 313 380 307
2287 311 380 309
2288 319 383 298
2289 298 368 334
2290 298 376 326
2291 287 372 341
2292 294 359 347
2293 298 336 366
2294 303 322 375
2295 294 317 389
2296 313 323 364
2297 328 319 353
2298 345 296 359
2299 365 283 352
2300 387 276 337
2301 403 277 320
2302 405 275 320
2303 392 278 330
2304 388 285 327
2305 406 293 301
2306 408 298 294
2307 409 309 282
2308 404 315 281
2309 403 319 278
2310 400 322 278
2311 393 322 285
2312 392 322 286
2313 384 315 301
2314 379 318 303
2315 379 312 309
2316 367 306 327
2317 360 314 326
2318 360 318 322
2319 357 318 325
2320 358 321 321
2321 353 327 320
2322 348 329 323
2323 351 340 309
2324 350 343 307
2325 338 336 326
2326 332 344 324
2327 332 350 318
2328 318 347 335
2329 322 355 323
2330 306 349 345
2331 301 354 345
2332 297 356 347
2333 294 367 339
2334 288 362 350
2335 303 362 335
2336 295 350 355
2337 289 350 361
2338 294 362 344
2339 273 352 375
2340 259 371 370
2341 270 374 356
2342 274 368 358
2343 292 364 344
2344 307 358 335
2345 293 343 364
2346 302 345 353
2347 303 346 351
2348 310 326 364
2349 325 316 359
2350 334 307 359
2351 336 302 362
2352 352 306 342
2353 364 305 331
2354 371 291 338
2355 402 283 315
2356 415 272 313
2357 412 269 319
2358 410 281 309
2359 394 288 318
2360 387 300 313
2361 402 308 290
2362 401 307 292
2363 393 316 291
2364 382 335 283
2365 374 349 277
2366 369 345 286
2367 356 343 301
2368 358 344 298
2369 336 334 330
2370 328 357 315
2371 316 356 328
2372 314 349 337
2373 324 337 339
2374 323 331 346
2375 326 334 340
2376 324 330 346
2377 308 342 350
2378 302 335 363
2379 312 342 346
2380 314 339 347
2381 311 349 340
2382 312 358 330
2383 298 354 348
2384 272 372 356
2385 268 386 346
2386 269 397 334
2387 263 389 348
2388 250 398 352
2389 238 401 361
2390 229 404 367
2391 220 417 363
2392 221 408 371
2393 229 393 378
2394 232 374 394
2395 234 379 387
2396 241 368 391
2397 247 358 395
2398 252 349 399
2399 270 331 399
2400 284 322 394
2401 295 323 382
2402 294 331 375
2403 293 327 380
2404 315 339 346
2405 325 327 348
2406 336 326 338
2407 339 333 328
2408 329 339 332
2409 321 348 331
2410 322 348 330
2411 311 351 338
2412 313 350 337
2413 309 360 331
2414 294 365 341
2415 298 373 329
2416 311 363 326
2417 317 341 342
2418 308 335 357
2419 307 341 352
2420 282 343 375
2421 282 358 360
2422 294 353 353
2423 314 333 353
2424 324 323 353
2425 330 335 335
2426 331 335 334
2427 325 328 347
2428 314 332 354
2429 310 328 362
2430 327 337 336
2431 317 340 343
2432 305 360 335
2433 299 360 341
2434 313 366 321
2435 310 359 331
2436 324 358 318
2437 320 348 332
2438 315 343 342
2439 303 345 352
2440 316 337 347
2441 318 324 358
2442 329 316 355
2443 354 312 334
2444 364 288 348
2445 378 288 334
2446 364 279 357
2447 369 291 340
2448 365 294 341
2449 364 311 325
2450 362 320 318
2451 371 326 303
2452 381 341 278
2453 382 331 287
2454 373 339 288
2455 375 336 289
2456 353 331 316
2457 347 336 317
2458 327 333 340
2459 306 347 347
2460 318 353 329
2461 309 351 340
2462 325 352 323
2463 333 339 328
2464 330 336 334
2465 342 334 324
2466 335 325 340
2467 334 318 348
2468 320 313 367
2469 310 329 361
2470 310 338 352
2471 311 351 338
2472 322 353 325
2473 318 344 338
2474 319 357 324
2475 324 363 313
2476 310 363 327
2477 314 361 325
2478 292 348 360
2479 292 357 351
2480 306 355 339
2481 303 350 347
2482 316 340 344
2483 319 321 360
2484 329 318 353
2485 338 310 352
2486 346 314 340
2487 340 297 363
2488 339 305 356
2489 343 311 346
2490 349 317 334
2491 338 330 332
2492 337 344 319
2493 328 353 319
2494 331 358 311
2495 293 372 335
2496 277 402 321
2497 272 412 316
2498 263 411 326
2499 261 407 332
2500 253 395 352
2501 263 394 343
2502 271 379 350
2503 283 357 360
2504 275 315 410
2505 279 313 408
2506 283 310 407
2507 300 310 390
2508 297 305 398
2509 310 309 381
2510 320 311 369
2511 357 323 320
2512 358 328 314
2513 356 329 315
2514 355 334 311
2515 354 335 311
2516 346 341 313
2517 336 345 319
2518 331 353 316
2519 327 346 327
2520 330 345 325
2521 337 341 322
2522 339 329 332
2523 331 326 343
2524 334 328 338
2525 322 321 357
2526 316 325 359
2527 307 338 355
2528 313 348 339
2529 316 346 338
2530 321 355 324
2531 325 353 322
2532 335 347 318
2533 339 344 317
2534 334 336 330
2535 328 328 344
2536 318 324 358
2537 319 336 345
2538 320 326 354
2539 319 327 354
2540 321 334 345
2541 323 335 342
2542 323 341 336
2543 333 349 318
2544 344 343 313
2545 355 320 325
2546 349 319 332
2547 342 324 334
2548 349 324 327
2549 357 316 327
2550 358 302 340
2551 366 293 341
2552 382 291 327
2553 380 298 322
2554 386 301 313
2555 398 290 312
2556 392 278 330
2557 402 292 306
2558 406 296 298
2559 403 301 296
2560 380 306 314
2561 365 322 313
2562 367 334 299
2563 376 343 281
2564 366 346 288
2565 349 342 309
2566 349 355 296
2567 340 350 310
2568 339 354 307
2569 330 339 331
2570 318 336 346
2571 323 339 338
2572 337 331 332
2573 332 321 347
2574 338 313 349
2575 348 312 340
2576 381 298 321
2577 391 280 329
2578 396 273 331
2579 400 265 335
2580 406 269 325
2581 416 273 311
2582 410 271 319
2583 406 278 316
2584 396 296 308
2585 400 324 276
2586 389 327 284
2587 378 346 276
2588 365 353 282
2589 360 362 278
2590 352 369 279
2591 340 370 290
2592 325 364 311
2593 312 351 337
2594 302 361 337
2595 284 352 364
2596 270 363 367
2597 262 368 370
2598 248 369 383
2599 239 382 379
2600 253 397 350
2601 247 396 357
2602 275 392 333
2603 272 373 355
2604 289 365 346
2605 289 343 368
2606 292 342 366
2607 295 326 379
2608 285 308 407
2609 295 319 386
2610 295 313 392
2611 303 332 365
2612 307 332 361
2613 305 350 345
2614 327 353 320
2615 333 347 320
2616 332 359 309
2617 335 349 316
2618 305 352 343
2619 299 363 338
2620 276 369 355
2621 281 374 345
2622 286 366 348
2623 273 367 360
2624 272 368 360
2625 273 379 348
2626 291 375 334
2627 286 346 368
2628 289 345 366
2629 297 337 366
2630 282 337 381
2631 271 351 378
2632 271 361 368
2633 266 350 384
2634 287 359 354
2635 284 367 349
2636 276 371 353
2637 274 387 339
2638 258 389 353
2639 271 391 338
2640 258 368 374
2641 258 392 350
2642 243 383 374
2643 250 390 360
2644 254 379 367
2645 251 359 390
2646 264 360 376
2647 289 345 366
2648 286 343 371
2649 303 322 375
2650 292 314 394
2651 305 318 377
2652 317 316 367
2653 314 324 362
2654 321 326 353
2655 309 334 357
2656 327 348 325
2657 328 351 321
2658 312 358 330
2659 290 370 340
2660 284 394 322
2661 286 392 322
2662 277 388 335
2663 266 389 345
2664 265 386 349
2665 264 384 352
2666 270 378 352
2667 264 360 376
2668 270 342 388
2669 271 338 391
2670 274 341 385
2671 277 337 386
2672 285 337 378
2673 291 331 378
2674 316 331 353
2675 339 324 337
2676 351 319 330
2677 336 311 353
2678 337 323 340
2679 341 326 333
2680 341 322 337
2681 331 328 341
2682 328 338 334
2683 331 348 321
2684 345 350 305
2685 352 344 304
2686 363 325 312
2687 371 311 318
2688 371 307 322
2689 365 301 334
2690 366 297 337
2691 377 286 337
2692 382 273 345
2693 405 274 321
2694 426 270 304
2695 436 263 301
2696 439 257 304
2697 439 260 301
2698 452 264 284
2699 454 262 284
2700 434 273 293
2701 427 292 281
2702 413 303 284
2703 414 324 262
2704 415 329 256
2705 426 325 249
2706 425 310 265
2707 419 313 268
2708 421 308 271
2709 413 287 300
2710 407 284 309
2711 406 269 325
2712 407 265 328
2713 410 268 322
2714 407 280 313
2715 416 280 304
2716 418 276 306
2717 426 295 279
2718 432 290 278
2719 424 299 277
2720 421 311 268
2721 408 311 281
2722 396 312 292
2723 388 324 288
2724 377 336 287
2725 377 328 295
2726 361 333 306
2727 344 340 316
2728 328 345 327
2729 332 361 307
2730 315 356 329
2731 307 361 332
2732 308 357 335
2733 306 364 330
2734 298 361 341
2735 302 362 336
2736 299 353 348
2737 308 340 352
2738 318 336 346
2739 326 321 353
2740 326 317 357
2741 322 310 368
2742 327 317 356
2743 350 311 339
2744 360 297 343
2745 347 300 353
2746 349 317 334
2747 335 330 335
2748 337 348 315
2749 339 353 308
2750 348 344 308
2751 342 341 317
2752 347 361 292
2753 351 353 296
2754 356 332 312
2755 347 314 339
2756 346 305 349
2757 349 301 350
2758 354 307 339
2759 340 305 355
2760 337 299 364
2761 339 310 351
2762 345 329 326
2763 344 341 315
2764 341 351 308
2765 326 358 316
2766 313 367 320
2767 312 382 306
2768 301 389 310
2769 290 389 321
2770 280 381 339
2771 287 379 334
2772 283 362 355
2773 280 359 361
2774 273 353 374
2775 273 345 382
2776 265 338 397
2777 274 346 380
2778 270 345 385
2779 280 351 369
2780 296 358 346
2781 302 345 353
2782 317 345 338
2783 321 338 341
2784 321 341 338
2785 313 333 354
2786 310 342 348
2787 310 339 351
2788 313 332 355
2789 313 342 345
2790 305 342 353
2791 296 357 347
2792 308 363 329
2793 308 359 333
2794 314 350 336
2795 309 347 344
2796 302 359 339
2797 300 356 344
2798 304 358 338
2799 310 339 351
2800 317 327 356
2801 325 324 351
2802 333 325 342
2803 331 320 349
2804 334 310 356
2805 346 310 344
2806 368 296 336
2807 375 293 332
2808 369 298 333
2809 376 307 317
2810 371 299 330
2811 385 309 306
2812 387 305 308
2813 404 303 293
2814 408 300 292
2815 406 299 295
2816 417 296 287
2817 421 276 303
2818 423 280 297
2819 415 268 317
2820 410 280 310
2821 400 287 313
2822 392 300 308
2823 398 309 293
2824 409 306 285
2825 405 315 280
2826 408 315 277
2827 412 324 264
2828 414 308 278
2829 404 299 297
2830 397 296 307
2831 404 294 302
2832 387 290 323
2833 384 298 318
2834 380 301 319
2835 392 296 312
2836 398 300 302
2837 404 303 293
2838 407 300 293
2839 408 299 293
2840 405 302 293
2841 400 297 303
2842 402 299 299
2843 382 302 316
2844 374 318 308
2845 371 323 306
2846 372 329 299
2847 361 329 310
2848 361 337 302
2849 355 342 303
2850 354 346 300
2851 354 344 302
2852 348 328 324
2853 340 329 331
2854 341 331 328
2855 344 330 326
2856 351 319 330
2857 360 307 333
2858 363 294 343
2859 389 293 318
2860 396 283 321
2861 406 275 319
2862 404 263 333
2863 418 266 316
2864 420 263 317
2865 421 273 306
2866 422 285 293
2867 418 285 297
2868 419 299 282
2869 430 306 264
2870 428 307 265
2871 428 306 266
2872 415 309 276
2873 403 312 285
2874 400 312 288
2875 388 315 297
2876 384 313 303
2877 369 310 321
2878 361 324 315
2879 352 333 315
2880 366 339 295
2881 370 322 308
2882 368 318 314
2883 377 317 306
2884 382 310 308
2885 375 308 317
2886 367 301 332
2887 358 300 342
2888 377 303 320
2889 389 301 310
2890 398 293 309
2891 388 285 327
2892 388 302 310
2893 413 304 283
2894 418 286 296
2895 426 282 292
2896 421 271 308
2897 430 278 292
2898 431 277 292
2899 422 284 294
2900 423 276 301
2901 439 273 288
2902 450 275 275
2903 462 268 270
2904 455 267 278
2905 460 267 273
2906 456 263 281
2907 471 260 269
2908 486 253 261
2909 475 241 284
2910 486 250 264
2911 487 246 267
2912 485 246 269
2913 484 248 268
2914 489 253 258
2915 491 251 258
2916 483 256 261
2917 455 276 269
2918 441 295 264
2919 417 313 270
2920 402 337 261
2921 388 350 262
2922 382 359 259
2923 366 367 267
2924 358 378 264
2925 352 366 282
2926 346 353 301
2927 338 341 321
2928 342 325 333
2929 348 308 344
2930 355 293 352
2931 356 278 366
2932 375 266 359
2933 397 259 344
2934 401 250 349
2935 419 258 323
2936 428 256 316
2937 426 264 310
2938 427 281 292
2939 421 295 284
2940 417 313 270
2941 401 324 275
2942 382 349 269
2943 379 360 261
2944 378 365 257
2945 353 358 289
2946 341 366 293
2947 348 364 288
2948 336 339 325
2949 328 340 332
2950 317 323 360
2951 308 323 369
2952 293 327 380
2953 294 349 357
2954 289 340 371
2955 299 347 354
2956 292 362 346
2957 296 368 336
2958 310 381 309
2959 306 367 327
2960 281 367 352
2961 289 370 341
2962 288 371 341
2963 279 365 356
2964 286 359 355
2965 297 346 357
2966 319 322 359
2967 324 314 362
2968 334 309 357
2969 329 296 375
2970 338 300 362
2971 341 297 362
2972 343 300 357
2973 353 311 336
2974 354 325 321
2975 358 332 310
2976 376 333 291
2977 378 328 294
2978 367 322 311
2979 368 336 296
2980 358 332 310
2981 341 331 328
2982 337 334 329
2983 329 331 340
2984 337 338 325
2985 345 335 320
2986 344 333 323
2987 345 320 335
2988 356 323 321
2989 359 313 328
2990 362 307 331
2991 363 307 330
2992 364 299 337
2993 365 301 334
2994 375 302 323
2995 373 305 322
2996 385 304 311
2997 396 302 302
2998 396 297 307
2999 410 297 293
3000 411 291 298
3001 409 288 303
3002 405 289 306
3003 402 290 308
3004 387 294 319
3005 383 311 306
3006 382 320 298
3007 373 321 306
3008 369 336 295
3009 370 343 287
3010 379 341 280
3011 391 331 278
3012 380 315 305
3013 375 309 316
3014 381 305 314
3015 388 298 314
3016 397 276 327
3017 407 260 333
3018 422 252 326
3019 429 247 324
3020 449 256 295
3021 460 242 298
3022 462 235 303
3023 468 240 292
3024 470 256 274
3025 479 270 251
3026 480 269 251
3027 486 273 241
3028 492 258 250
3029 489 266 245
3030 480 276 244
3031 463 280 257
3032 451 281 268
3033 441 279 280
3034 424 290 286
3035 413 303 284
3036 405 329 266
3037 401 329 270
3038 398 323 279
3039 403 322 275
3040 409 316 275
3041 393 312 295
3042 387 317 296
3043 364 310 326
3044 362 307 331
3045 365 309 326
3046 373 312 315
3047 386 305 309
3048 385 298 317
3049 395 303 302
3050 412 288 300
3051 432 278 290
3052 435 261 304
3053 447 256 297
3054 461 241 298
3055 472 234 294
3056 484 230 286
3057 511 213 276
3058 525 201 274
3059 534 197 269
3060 537 205 258
3061 549 207 244
3062 551 210 239
3063 558 215 227
3064 568 212 220
3065 571 219 210
3066 556 228 216
3067 554 247 199
3068 556 241 203
3069 554 237 209
3070 548 236 216
3071 548 237 215
3072 536 240 224
3073 521 245 234
3074 508 251 241
3075 511 245 244
3076 509 248 243
3077 497 254 249
3078 489 267 244
3079 490 274 236
3080 479 270 251
3081 471 276 253
3082 482 278 240
3083 486 273 241
3084 475 266 259
3085 460 271 269
3086 452 273 275
3087 448 274 278
3088 440 282 278
3089 445 284 271
3090 441 277 282
3091 444 286 270
3092 442 290 268
3093 444 287 269
3094 454 283 263
3095 446 272 282
3096 448 272 280
3097 445 268 287
3098 437 278 285
3099 425 277 298
3100 431 285 284
3101 436 282 282
3102 436 281 283
3103 430 292 278
3104 435 298 267
3105 423 297 280
3106 436 299 265
3107 437 287 276
3108 428 278 294
3109 424 290 286
3110 397 295 308
3111 394 311 295
3112 388 308 304
3113 380 315 305
3114 373 321 306
3115 362 340 298
3116 353 360 287
3117 345 357 298
3118 332 360 308
3119 328 357 315
3120 326 364 310
3121 331 359 310
3122 320 348 332
3123 304 340 356
3124 310 336 354
3125 316 333 351
3126 341 324 335
3127 335 302 363
3128 346 301 353
3129 361 295 344
3130 364 291 345
3131 371 296 333
3132 372 293 335
3133 384 295 321
3134 406 292 302
3135 425 292 283
3136 429 274 297
3137 434 276 290
3138 434 275 291
3139 435 270 295
3140 443 272 285
3141 435 262 303
3142 421 273 306
3143 415 287 298
3144 408 311 281
3145 386 316 298
3146 399 339 262
3147 395 331 274
3148 406 333 261
3149 395 332 273
3150 377 332 291
3151 356 336 308
3152 346 333 321
3153 331 338 331
3154 338 330 332
3155 350 331 319
3156 345 317 338
3157 355 323 322
3158 368 313 319
3159 382 296 322
3160 376 285 339
3161 393 286 321
3162 396 277 327
3163 408 273 319
3164 382 275 343
3165 376 295 329
3166 379 311 310
3167 388 325 287
3168 390 327 283
3169 404 324 272
3170 392 319 289
3171 382 335 283
3172 376 343 281
3173 370 329 301
3174 364 319 317
3175 360 311 329
3176 368 313 319
3177 367 308 325
3178 362 314 324
3179 356 303 341
3180 377 301 322
3181 392 294 314
3182 393 289 318
3183 378 296 326
3184 369 309 322
3185 351 323 326
3186 352 335 313
3187 357 345 298
3188 362 342 296
3189 368 344 288
3190 373 343 284
3191 366 331 303
3192 363 325 312
3193 365 314 321
3194 359 300 341
3195 367 296 337
3196 364 291 345
3197 364 292 344
3198 375 293 332
3199 385 294 321
3200 397 290 313
3201 413 289 298
3202 402 287 311
3203 394 302 304
3204 384 315 301
3205 364 324 312
3206 353 343 304
3207 350 353 297
3208 353 360 287
3209 345 358 297
3210 339 368 293
3211 328 359 313
3212 326 357 317
3213 321 350 329
3214 311 336 353
3215 318 336 346
3216 322 322 356
3217 322 320 358
3218 339 310 351
3219 357 302 341
3220 380 286 334
3221 397 270 333
3222 406 267 327
3223 398 258 344
3224 393 280 327
3225 398 287 315
3226 404 292 304
3227 412 294 294
3228 423 302 275
3229 425 307 268
3230 436 308 256
3231 423 306 271
3232 428 297 275
3233 419 285 296
3234 407 289 304
3235 387 299 314
3236 374 311 315
3237 368 319 313
3238 358 324 318
3239 373 336 291
3240 378 330 292
3241 377 337 286
3242 379 334 287
3243 380 322 298
3244 370 309 321
3245 376 311 313
3246 363 300 337
3247 361 301 338
3248 354 309 337
3249 360 309 331
3250 377 306 317
3251 379 301 320
3252 377 312 311
3253 382 312 306
3254 385 318 297
3255 377 314 309
3256 375 314 311
3257 372 316 312
3258 366 322 312
3259 361 333 306
3260 358 327 315
3261 358 330 312
3262 364 324 312
3263 380 322 298
3264 378 306 316
3265 381 306 313
3266 370 297 333
3267 384 297 319
3268 380 289 331
3269 380 290 330
3270 371 296 333
3271 388 307 305
3272 390 306 304
3273 393 304 303
3274 387 310 303
3275 382 316 302
3276 377 329 294
3277 365 333 302
3278 363 339 298
3279 360 330 310
3280 362 334 304
3281 351 334 315
3282 346 339 315
3283 322 338 340
3284 312 349 339
3285 301 355 344
3286 308 360 332
3287 287 362 351
3288 277 379 344
3289 267 389 344
3290 262 394 344
3291 257 400 343
3292 273 394 333
3293 269 372 359
3294 255 371 374
3295 244 383 373
3296 226 377 397
3297 228 385 387
3298 233 378 389
3299 236 367 397
3300 240 370 390
3301 245 388 367
3302 239 384 377
3303 248 378 374
3304 256 375 369
3305 264 359 377
3306 262 358 380
3307 255 371 374
3308 227 375 398
3309 224 385 391
3310 230 392 378
3311 240 392 368
3312 255 385 360
3313 258 386 356
3314 243 384 373
3315 237 386 377
3316 238 388 374
3317 227 377 396
3318 226 381 393
3319 230 382 388
3320 236 385 379
3321 234 378 388
3322 242 382 376
3323 264 372 364
3324 286 348 366
3325 299 337 364
3326 307 320 373
3327 296 311 393
3328 299 319 382
3329 291 323 386
3330 309 327 364
3331 326 319 355
3332 328 326 346
3333 337 335 328
3334 326 343 331
3335 311 363 326
3336 297 370 333
3337 289 380 331
3338 299 384 317
3339 287 382 331
3340 277 387 336
3341 276 388 336
3342 270 381 349
3343 274 367 359
3344 266 356 378
3345 270 354 376
3346 273 346 381
3347 265 345 390
3348 265 348 387
3349 269 347 384
3350 293 350 357
3351 298 340 362
3352 309 346 345
3353 316 337 347
3354 308 338 354
3355 308 347 345
3356 323 344 333
3357 317 330 353
3358 322 333 345
3359 327 338 335
3360 329 327 344
3361 324 334 342
3362 317 338 345
3363 312 336 352
3364 308 344 348
3365 296 362 342
3366 267 371 362
3367 267 395 338
3368 262 406 332
3369 256 404 340
3370 264 406 330
3371 263 400 337
3372 263 393 344
3373 259 375 366
3374 256 370 374
3375 248 349 403
3376 262 346 392
3377 266 334 400
3378 267 328 405
3379 277 333 390
3380 286 330 384
3381 291 339 370
3382 307 339 354
3383 309 344 347
3384 309 345 346
3385 307 357 336
3386 295 365 340
3387 284 372 344
3388 263 386 351
3389 270 398 332
3390 270 391 339
3391 264 386 350
3392 240 391 369
3393 225 403 372
3394 214 410 376
3395 208 414 378
3396 213 406 381
3397 219 389 392
3398 227 390 383
3399 223 387 390
3400 220 386 394
3401 234 377 389
3402 241 356 403
3403 253 345 402
3404 261 341 398
3405 254 350 396
3406 252 356 392
3407 249 361 390
3408 256 365 379
3409 262 367 371
3410 263 382 355
3411 255 392 353
3412 247 404 349
3413 242 403 355
3414 244 402 354
3415 261 395 344
3416 268 374 358
3417 264 365 371
3418 270 354 376
3419 285 338 377
3420 293 311 396
3421 294 304 402
3422 309 304 387
3423 325 296 379
3424 327 301 372
3425 337 308 355
3426 338 309 353
3427 347 324 329
3428 339 342 319
3429 331 357 312
3430 328 365 307
3431 308 376 316
3432 289 391 320
3433 282 403 315
3434 267 409 324
3435 260 409 331
3436 262 398 340
3437 262 381 357
3438 251 373 376
3439 240 373 387
3440 247 369 384
3441 248 350 402
3442 268 343 389
3443 281 323 396
3444 297 321 382
3445 307 322 371
3446 309 320 371
3447 320 318 362
3448 339 311 350
3449 346 311 343
3450 358 311 331
3451 342 319 339
3452 326 337 337
3453 316 352 332
3454 308 364 328
3455 305 374 321
3456 292 384 324
3457 290 397 313
3458 285 399 316
3459 273 396 331
3460 261 390 349
3461 271 387 342
3462 281 365 354
3463 285 345 370
3464 281 331 388
3465 285 322 393
3466 285 316 399
3467 298 319 383
3468 306 312 382
3469 298 307 395
3470 293 337 370
3471 299 362 339
3472 295 370 335
3473 292 383 325
3474 285 392 323
3475 280 396 324
3476 280 408 312
3477 267 413 320
3478 256 396 348
3479 253 382 365
3480 247 377 376
3481 239 370 391
3482 231 369 400
3483 233 373 394
3484 244 359 397
3485 268 343 389
3486 279 336 385
3487 270 339 391
3488 276 353 371
3489 270 354 376
3490 267 361 372
3491 269 360 371
3492 271 372 357
3493 259 386 355
3494 245 405 350
3495 239 416 345
3496 235 408 357
3497 235 411 354
3498 235 404 361
3499 230 405 365
3500 218 398 384
3501 209 396 395
3502 212 386 402
3503 222 372 406
3504 225 370 405
3505 248 364 388
3506 248 348 404
3507 255 347 398
3508 253 347 400
3509 271 351 378
3510 284 343 373
3511 273 344 383
3512 281 357 362
3513 273 355 372
3514 272 379 349
3515 275 381 344
3516 278 378 344
3517 280 371 349
3518 261 377 362
3519 250 395 355
3520 241 393 366
3521 201 404 395
3522 204 420 376
3523 189 415 396
3524 194 433 373
3525 195 435 370
3526 194 428 378
3527 209 411 380
3528 212 398 390
3529 216 384 400
3530 231 364 405
3531 220 354 426
3532 212 347 441
3533 217 353 430
3534 242 355 403
3535 251 347 402
3536 277 351 372
3537 310 339 351
3538 307 326 367
3539 327 339 334
3540 323 326 351
3541 320 324 356
3542 319 325 356
3543 311 334 355
3544 315 338 347
3545 321 346 333
3546 301 353 346
3547 321 360 319
3548 329 353 318
3549 339 347 314
3550 330 336 334
3551 337 336 327
3552 327 325 348
3553 319 327 354
3554 322 328 350
3555 320 318 362
3556 333 327 340
3557 347 320 333
3558 348 317 335
3559 358 316 326
3560 341 317 342
3561 347 332 321
3562 354 325 321
3563 337 328 335
3564 323 336 341
3565 309 357 334
3566 308 374 318
3567 308 376 316
3568 306 375 319
3569 305 362 333
3570 316 370 314
3571 311 356 333
3572 297 353 350
3573 285 346 369
3574 283 341 376
3575 280 341 379
3576 296 345 359
3577 294 342 364
3578 300 336 364
3579 310 344 346
3580 337 337 326
3581 347 317 336
3582 349 312 339
3583 356 310 334
3584 349 299 352
3585 361 309 330
3586 359 303 338
3587 373 297 330
3588 387 290 323
3589 393 296 311
3590 405 295 300
3591 410 285 305
3592 410 291 299
3593 411 281 308
3594 414 286 300
3595 406 289 305
3596 400 304 296
3597 391 304 305
3598 397 314 289
3599 391 318 291
3600 399 318 283
3601 399 320 281
3602 384 315 301
3603 373 327 300
3604 369 323 308
3605 364 327 309
3606 355 322 323
3607 346 327 327
3608 346 336 318
3609 345 334 321
3610 351 340 309
3611 366 322 312
3612 366 311 323
3613 384 307 309
3614 371 294 335
3615 378 302 320
3616 381 286 333
3617 375 285 340
3618 379 285 336
3619 371 299 330
3620 378 318 304
3621 378 315 307
3622 374 328 298
3623 382 324 294
3624 373 332 295
3625 364 342 294
3626 344 351 305
3627 325 357 318
3628 309 357 334
3629 286 376 338
3630 302 386 312
3631 287 374 339
3632 282 381 337
3633 295 376 329
3634 306 354 340
3635 325 337 338
3636 320 318 362
3637 319 304 377
3638 329 295 376
3639 333 297 370
3640 344 286 370
3641 350 280 370
3642 367 296 337
3643 376 296 328
3644 396 306 298
3645 412 300 288
3646 395 293 312
3647 395 308 297
3648 385 319 296
3649 366 335 299
3650 350 338 312
3651 337 354 309
3652 327 357 316
3653 335 373 292
3654 326 372 302
3655 317 366 317
3656 313 364 323
3657 324 352 324
3658 323 338 339
3659 325 323 352
3660 315 318 367
3661 305 312 383
3662 315 323 362
3663 315 319 366
3664 320 321 359
3665 304 328 368
3666 296 358 346
3667 303 381 316
3668 305 379 316
3669 287 383 330
3670 289 390 321
3671 284 392 324
3672 286 395 319
3673 277 386 337
3674 274 365 361
3675 273 345 382
3676 279 348 373
3677 291 338 371
3678 296 319 385
3679 295 312 393
3680 294 310 396
3681 319 320 361
3682 340 316 344
3683 337 315 348
3684 331 315 354
3685 338 331 331
3686 330 343 327
3687 327 358 315
3688 313 363 324
3689 301 367 332
3690 291 383 326
3691 283 394 323
3692 273 402 325
3693 264 396 340
3694 265 393 342
3695 277 377 346
3696 292 360 348
3697 282 341 377
3698 278 335 387
3699 277 328 395
3700 285 321 394
3701 284 319 397
3702 286 323 391
3703 298 337 365
3704 313 342 345
3705 322 346 332
3706 330 343 327
3707 334 342 324
3708 332 345 323
3709 321 349 330
3710 305 356 339
3711 291 358 351
3712 273 367 360
3713 272 381 347
3714 264 385 351
3715 267 394 339
3716 260 388 352
3717 247 391 362
3718 249 397 354
3719 243 393 364
3720 239 390 371
3721 242 380 378
3722 226 373 401
3723 220 380 400
3724 218 392 390
3725 226 391 383
3726 236 377 387
3727 241 371 388
3728 245 369 386
3729 252 375 373
3730 257 375 368
3731 244 363 393
3732 250 364 386
3733 270 359 371
3734 274 353 373
3735 265 355 380
3736 252 366 382
3737 254 373 373
3738 271 371 358
3739 280 366 354
3740 282 356 362
3741 275 359 366
3742 275 372 353
3743 272 370 358
3744 277 362 361
3745 275 350 375
3746 289 354 357
3747 307 345 348
3748 301 337 362
3749 304 340 356
3750 301 324 375
3751 308 329 363
3752 324 330 346
3753 315 326 359
3754 320 331 349
3755 312 335 353
3756 320 351 329
3757 332 340 328
3758 324 344 332
3759 345 347 308
3760 343 325 332
3761 348 331 321
3762 336 321 343
3763 333 329 338
3764 347 316 337
3765 337 313 350
3766 343 319 338
3767 351 310 339
3768 355 324 321
3769 367 314 319
3770 370 312 318
3771 379 301 320
3772 372 305 323
3773 376 315 309
3774 384 305 311
3775 376 306 318
3776 379 300 321
3777 386 307 307
3778 391 302 307
3779 395 308 297
3780 390 300 310
3781 391 295 314
3782 384 304 312
3783 384 310 306
3784 372 316 312
3785 358 321 321
3786 353 340 307
3787 343 339 318
3788 345 357 298
3789 352 360 288
3790 343 344 313
3791 329 347 324
3792 317 355 328
3793 298 362 340
3794 298 362 340
3795 284 363 353
3796 272 359 369
3797 263 368 369
3798 259 393 348
3799 251 394 355
3800 260 394 346
3801 263 378 359
3802 260 375 365
3803 262 377 361
3804 248 379 373
3805 235 384 381
3806 250 372 378
3807 267 356 377
3808 277 339 384
3809 293 345 362
3810 287 332 381
3811 278 336 386
3812 279 343 378
3813 298 337 365
3814 318 330 352
3815 315 326 359
3816 293 346 361
3817 292 362 346
3818 286 376 338
3819 279 378 343
3820 286 378 336
3821 281 377 342
3822 266 389 345
3823 258 408 334
3824 262 396 342
3825 251 376 373
3826 252 373 375
3827 268 370 362
3828 268 354 378
3829 252 355 393
3830 241 359 400
3831 261 351 388
3832 268 343 389
3833 264 356 380
3834 260 363 377
3835 268 370 362
3836 287 378 335
3837 288 358 354
3838 288 353 359
3839 282 361 357
3840 270 375 355
3841 275 374 351
3842 260 362 378
3843 250 370 380
3844 262 372 366
3845 273 380 347
3846 274 374 352
3847 265 365 370
3848 269 360 371
3849 270 357 373
3850 260 368 372
3851 254 370 376
3852 234 374 392
3853 227 386 387
3854 233 399 368
3855 237 402 361
3856 250 403 347
3857 248 393 359
3858 267 384 349
3859 267 363 370
3860 262 359 379
3861 266 352 382
3862 271 335 394
3863 281 327 392
3864 277 316 407
3865 288 330 382
3866 313 328 359
3867 317 324 359
3868 321 324 355
3869 321 327 352
3870 306 344 350
3871 291 367 342
3872 268 393 339
3873 253 402 345
3874 239 419 342
3875 242 437 321
3876 228 434 338
3877 221 445 334
3878 218 435 347
3879 207 415 378
3880 227 400 373
3881 222 371 407
3882 222 359 419
3883 237 341 422
3884 253 329 418
3885 259 302 439
3886 273 306 421
3887 276 312 412
3888 297 324 379
3889 303 332 365
3890 299 338 363
3891 296 360 344
3892 303 375 322
3893 287 395 318
3894 275 407 318
3895 258 413 329
3896 231 418 351
3897 238 437 325
3898 230 424 346
3899 221 410 369
3900 202 404 394
3901 207 403 390
3902 205 386 409
3903 218 382 400
3904 197 364 439
3905 201 366 433
3906 207 375 418
3907 212 383 405
3908 222 384 394
3909 239 375 386
3910 242 375 383
3911 265 376 359
3912 273 371 356
3913 262 361 377
3914 249 363 388
3915 238 368 394
3916 242 378 380
3917 231 383 386
3918 231 394 375
3919 231 393 376
3920 249 398 353
3921 248 390 362
3922 254 389 357
3923 243 378 379
3924 239 379 382
3925 228 378 394
3926 233 378 389
3927 225 374 401
3928 234 377 389
3929 243 376 381
3930 252 368 380
3931 263 370 367
3932 245 358 397
3933 247 377 376
3934 251 375 374
3935 243 375 382
3936 233 380 387
3937 237 391 372
3938 234 395 371
3939 247 396 357
3940 251 395 354
3941 264 372 364
3942 261 361 378
3943 246 364 390
3944 235 374 391
3945 222 374 404
3946 219 383 398
3947 208 385 407
3948 226 397 377
3949 225 402 373
3950 227 414 359
3951 233 409 358
3952 244 393 363
3953 237 382 381
3954 228 380 392
3955 213 387 400
3956 200 390 410
3957 193 398 409
3958 197 393 410
3959 208 394 398
3960 220 399 381
3961 235 398 367
3962 244 385 371
3963 259 369 372
3964 260 351 389
3965 258 342 400
3966 253 349 398
3967 248 353 399
3968 234 353 413
3969 244 368 388
3970 249 371 380
3971 254 382 364
3972 254 395 351
3973 249 404 347
3974 226 402 372
3975 219 421 360
3976 205 428 367
3977 191 427 382
3978 193 438 369
3979 195 425 380
3980 197 410 393
3981 193 399 408
3982 200 405 395
3983 193 379 428
3984 196 379 425
3985 183 377 440
3986 198 379 423
3987 204 377 419
3988 208 386 406
3989 216 393 391
3990 238 379 383
3991 251 383 366
3992 250 370 380
3993 253 373 374
3994 236 368 396
3995 223 387 390
3996 215 391 394
3997 221 392 387
3998 216 400 384
3999 223 401 376
