p=0.5 p_inf=0.1 time series=0,1,9,17
Format is t, #suscepted, #infected, #recovered
0 999 1 0
1 999 1 0
2 999 1 0
3 999 1 0
4 999 1 0
5 998 1 1
6 995 2 3
7 989 5 6
8 981 10 9
9 968 18 14
10 941 31 28
11 893 58 49
12 801 106 93
13 682 198 120
14 535 316 149
15 372 460 168
16 232 618 150
17 123 750 127
18 66 846 88
19 42 876 82
20 27 852 121
21 20 775 205
22 15 664 321
23 18 525 457
24 23 364 613
25 33 227 740
26 58 121 821
27 104 66 830
28 193 44 763
29 302 32 666
30 437 34 529
31 589 38 373
32 699 47 254
33 753 74 173
34 723 126 151
35 628 211 161
36 500 328 172
37 338 468 194
38 201 628 171
39 103 761 136
40 56 850 94
41 25 870 105
42 19 849 132
43 13 770 217
44 11 659 330
45 19 521 460
46 23 353 624
47 29 216 755
48 56 121 823
49 101 74 825
50 175 50 775
51 277 55 668
52 393 64 543
53 519 86 395
54 601 128 271
55 627 183 190
56 559 252 189
57 453 367 180
58 289 497 214
59 175 656 169
60 86 761 153
61 42 828 130
62 32 830 138
63 24 785 191
64 16 724 260
65 21 617 362
66 27 482 491
67 39 317 644
68 57 200 743
69 93 115 792
70 146 77 777
71 200 69 731
72 296 76 628
73 400 87 513
74 519 118 363
75 568 164 268
76 553 232 215
77 461 332 207
78 318 462 220
79 201 613 186
80 120 723 157
81 66 793 141
82 47 816 137
83 39 789 172
84 35 729 236
85 30 633 337
86 28 508 464
87 43 359 598
88 58 234 708
89 89 149 762
90 130 95 775
91 189 81 730
92 278 82 640
93 384 89 527
94 494 108 398
95 565 147 288
96 541 201 258
97 446 310 244
98 331 459 210
99 203 588 209
100 131 715 154
101 75 780 145
102 51 817 132
103 37 802 161
104 28 762 210
105 24 662 314
106 28 517 455
107 38 384 578
108 47 247 706
109 74 173 753
110 120 109 771
111 172 78 750
112 276 66 658
113 411 62 527
114 518 72 410
115 614 98 288
116 626 139 235
117 583 201 216
118 462 308 230
119 330 460 210
120 229 604 167
121 139 709 152
122 69 789 142
123 42 833 125
124 36 819 145
125 25 763 212
126 19 667 314
127 21 521 458
128 31 375 594
129 46 260 694
130 72 165 763
131 108 95 797
132 171 73 756
133 265 66 669
134 396 68 536
135 517 83 400
136 584 108 308
137 597 156 247
138 540 238 222
139 394 365 241
140 255 533 212
141 172 679 149
142 107 760 133
143 62 810 128
144 34 830 136
145 24 810 166
146 18 738 244
147 20 617 363
148 22 447 531
149 35 299 666
150 53 205 742
151 74 137 789
152 113 96 791
153 189 77 734
154 306 73 621
155 456 77 467
156 562 97 341
157 579 139 282
158 552 216 232
159 461 311 228
160 357 443 200
161 234 566 200
162 147 693 160
163 95 776 129
164 64 808 128
165 36 797 167
166 30 748 222
167 29 659 312
168 37 528 435
169 35 397 568
170 44 272 684
171 65 180 755
172 102 127 771
173 177 101 722
174 261 75 664
175 382 80 538
176 476 90 434
177 547 127 326
178 563 181 256
179 495 257 248
180 390 378 232
181 289 509 202
182 187 636 177
183 123 733 144
184 68 787 145
185 46 805 149
186 30 773 197
187 19 713 268
188 24 603 373
189 24 467 509
190 35 340 625
191 50 232 718
192 82 163 755
193 137 113 750
194 210 90 700
195 310 77 613
196 423 87 490
197 507 110 383
198 534 153 313
199 486 234 280
200 425 351 224
201 326 462 212
202 209 584 207
203 140 714 146
204 83 773 144
205 47 807 146
206 35 800 165
207 26 731 243
208 24 623 353
209 24 514 462
210 29 392 579
211 45 257 698
212 68 182 750
213 112 125 763
214 191 88 721
215 285 78 637
216 378 92 530
217 465 108 427
218 547 143 310
219 552 196 252
220 497 266 237
221 392 378 230
222 267 520 213
223 176 655 169
224 105 732 163
225 67 787 146
226 48 790 162
227 40 756 204
228 31 694 275
229 28 591 381
230 33 452 515
231 56 312 632
232 73 212 715
233 112 140 748
234 164 98 738
235 237 80 683
236 334 69 597
237 448 75 477
238 545 100 355
239 590 143 267
240 583 198 219
241 509 277 214
242 397 393 210
243 266 523 211
244 179 665 156
245 104 746 150
246 52 796 152
247 34 805 161
248 25 768 207
249 20 698 282
250 23 587 390
251 24 454 522
252 44 311 645
253 70 210 720
254 113 134 753
255 160 82 758
256 238 72 690
257 341 64 595
258 456 72 472
259 567 90 343
260 596 122 282
261 586 194 220
262 502 280 218
263 365 416 219
264 246 563 191
265 144 690 166
266 88 784 128
267 53 822 125
268 30 825 145
269 27 776 197
270 19 693 288
271 26 565 409
272 25 411 564
273 40 285 675
274 56 176 768
275 86 122 792
276 149 89 762
277 231 75 694
278 357 76 567
279 473 78 449
280 539 116 345
281 575 176 249
282 516 249 235
283 416 362 222
284 288 495 217
285 165 637 198
286 99 759 142
287 59 823 118
288 46 825 129
289 27 778 195
290 23 724 253
291 26 615 359
292 30 479 491
293 37 333 630
294 46 204 750
295 83 131 786
296 146 92 762
297 199 76 725
298 298 77 625
299 403 87 510
300 516 118 366
301 575 151 274
302 536 221 243
303 465 333 202
304 328 443 229
305 219 596 185
306 122 704 174
307 68 791 141
308 44 814 142
309 32 805 163
310 24 747 229
311 21 643 336
312 23 536 441
313 42 381 577
314 52 254 694
315 81 157 762
316 109 105 786
317 174 86 740
318 277 79 644
319 367 80 553
320 496 97 407
321 562 123 315
322 556 184 260
323 485 287 228
324 359 410 231
325 248 555 197
326 159 673 168
327 80 761 159
328 40 823 137
329 29 837 134
330 25 787 188
331 25 688 287
332 28 565 407
333 29 417 554
334 40 298 662
335 54 199 747
336 75 123 802
337 137 88 775
338 235 76 689
339 345 77 578
340 464 90 446
341 528 119 353
342 541 174 285
343 530 260 210
344 440 347 213
345 322 472 206
346 220 602 178
347 138 703 159
348 90 772 138
349 51 791 158
350 34 775 191
351 38 706 256
352 39 615 346
353 34 489 477
354 39 364 597
355 45 258 697
356 75 183 742
357 130 134 736
358 207 95 698
359 285 87 628
360 383 100 517
361 464 128 408
362 506 172 322
363 500 236 264
364 438 317 245
365 310 428 262
366 214 595 191
367 125 699 176
368 69 775 156
369 54 803 143
370 45 774 181
371 41 719 240
372 31 642 327
373 29 541 430
374 36 376 588
375 52 265 683
376 82 173 745
377 124 115 761
378 178 102 720
379 247 103 650
380 342 111 547
381 468 117 415
382 528 156 316
383 534 207 259
384 478 293 229
385 350 407 243
386 241 548 211
387 171 656 173
388 123 718 159
389 79 760 161
390 47 765 188
391 36 746 218
392 30 671 299
393 30 563 407
394 46 422 532
395 51 298 651
396 63 231 706
397 105 177 718
398 153 130 717
399 238 101 661
400 336 91 573
401 453 101 446
402 522 125 353
403 529 180 291
404 509 240 251
405 440 314 246
406 353 430 217
407 228 546 226
408 126 681 193
409 85 773 142
410 54 790 156
411 59 766 175
412 48 701 251
413 34 638 328
414 32 536 432
415 33 422 545
416 47 286 667
417 74 180 746
418 122 136 742
419 183 112 705
420 242 116 642
421 333 120 547
422 412 131 457
423 498 166 336
424 508 216 276
425 442 312 246
426 328 422 250
427 209 560 231
428 147 675 178
429 99 733 168
430 58 770 172
431 44 776 180
432 35 740 225
433 28 653 319
434 30 550 420
435 39 410 551
436 59 286 655
437 77 208 715
438 110 153 737
439 145 114 741
440 235 115 650
441 323 112 565
442 441 127 432
443 524 149 327
444 517 190 293
445 474 275 251
446 406 373 221
447 294 480 226
448 201 591 208
449 131 687 182
450 80 742 178
451 53 771 176
452 43 757 200
453 41 682 277
454 38 586 376
455 51 482 467
456 54 358 588
457 74 259 667
458 95 184 721
459 132 134 734
460 211 111 678
461 296 107 597
462 378 118 504
463 460 140 400
464 501 182 317
465 481 240 279
466 426 335 239
467 333 440 227
468 232 556 212
469 153 661 186
470 107 729 164
471 67 753 180
472 50 751 199
473 39 710 251
474 34 626 340
475 44 526 430
476 45 400 555
477 61 294 645
478 90 210 700
479 122 157 721
480 174 127 699
481 251 116 633
482 336 123 541
483 412 138 450
484 473 188 339
485 462 233 305
486 402 328 270
487 299 441 260
488 205 574 221
489 141 679 180
490 86 736 178
491 50 776 174
492 39 762 199
493 37 728 235
494 35 635 330
495 40 524 436
496 51 386 563
497 72 270 658
498 87 192 721
499 129 137 734
500 169 109 722
501 258 103 639
502 343 107 550
503 438 133 429
504 479 176 345
505 466 251 283
506 384 342 274
507 291 479 230
508 180 600 220
509 114 717 169
510 70 779 151
511 56 797 147
512 34 768 198
513 22 715 263
514 28 636 336
515 34 493 473
516 42 366 592
517 55 241 704
518 86 166 748
519 132 117 751
520 196 100 704
521 278 89 633
522 411 86 503
523 493 96 411
524 564 141 295
525 552 195 253
526 479 282 239
527 369 404 227
528 267 531 202
529 180 644 176
530 113 734 153
531 77 791 132
532 44 782 174
533 24 761 215
534 15 694 291
535 23 581 396
536 32 446 522
537 42 324 634
538 56 224 720
539 104 153 743
540 155 114 731
541 229 84 687
542 331 77 592
543 432 88 480
544 510 122 368
545 547 166 287
546 496 229 275
547 393 351 256
548 294 493 213
549 181 622 197
550 117 742 141
551 64 795 141
552 43 814 143
553 30 791 179
554 24 741 235
555 17 625 358
556 22 490 488
557 32 356 612
558 49 226 725
559 81 156 763
560 129 105 766
561 192 80 728
562 302 67 631
563 425 73 502
564 522 85 393
565 589 122 289
566 579 185 236
567 505 265 230
568 375 390 235
569 257 545 198
570 167 676 157
571 105 760 135
572 59 810 131
573 44 819 137
574 34 771 195
575 24 701 275
576 20 586 394
577 23 435 542
578 35 301 664
579 52 205 743
580 91 138 771
581 149 90 761
582 222 80 698
583 335 77 588
584 465 79 456
585 560 100 340
586 574 139 287
587 540 221 239
588 471 322 207
589 340 439 221
590 217 580 203
591 134 706 160
592 78 787 135
593 40 822 138
594 27 821 152
595 21 752 227
596 20 657 323
597 24 541 435
598 36 396 568
599 47 258 695
600 72 166 762
601 109 106 785
602 183 70 747
603 276 65 659
604 380 67 553
605 500 79 421
606 584 104 312
607 594 158 248
608 546 240 214
609 445 348 207
610 294 485 221
611 177 641 182
612 110 756 134
613 59 811 130
614 28 837 135
615 20 814 166
616 18 740 242
617 14 634 352
618 24 501 475
619 34 335 631
620 46 210 744
621 73 143 784
622 122 90 788
623 200 64 736
624 295 60 645
625 421 71 508
626 555 78 367
627 627 110 263
628 605 163 232
629 545 252 203
630 422 365 213
631 286 514 200
632 173 654 173
633 97 756 147
634 44 825 131
635 25 846 129
636 22 812 166
637 17 726 257
638 19 618 363
639 25 467 508
640 33 321 646
641 45 211 744
642 75 130 795
643 123 79 798
644 210 65 725
645 311 64 625
646 438 71 491
647 541 95 364
648 567 138 295
649 551 222 227
650 479 319 202
651 348 442 210
652 201 587 212
653 123 735 142
654 69 806 125
655 39 836 125
656 30 823 147
657 19 748 233
658 17 662 321
659 23 541 436
660 29 390 581
661 39 236 725
662 65 155 780
663 104 99 797
664 193 73 734
665 280 59 661
666 383 58 559
667 513 76 411
668 626 97 277
669 639 138 223
670 597 206 197
671 490 304 206
672 351 437 212
673 233 590 177
674 145 709 146
675 86 779 135
676 49 817 134
677 34 813 153
678 21 760 219
679 21 675 304
680 22 542 436
681 31 388 581
682 53 260 687
683 75 168 757
684 109 108 783
685 176 78 746
686 267 64 669
687 384 58 558
688 513 74 413
689 608 99 293
690 629 132 239
691 579 203 218
692 463 313 224
693 317 459 224
694 212 619 169
695 126 730 144
696 63 800 137
697 33 838 129
698 20 835 145
699 13 777 210
700 19 674 307
701 24 522 454
702 30 357 613
703 46 240 714
704 68 154 778
705 100 94 806
706 170 65 765
707 271 53 676
708 405 55 540
709 547 73 380
710 628 96 276
711 652 132 216
712 615 194 191
713 512 291 197
714 367 423 210
715 230 580 190
716 129 715 156
717 73 798 129
718 43 831 126
719 35 825 140
720 26 771 203
721 23 683 294
722 23 554 423
723 28 397 575
724 45 257 698
725 67 157 776
726 103 102 795
727 161 72 767
728 249 68 683
729 364 68 568
730 496 82 422
731 585 107 308
732 602 158 240
733 542 241 217
734 436 356 208
735 281 492 227
736 178 651 171
737 121 754 125
738 65 797 138
739 37 828 135
740 31 805 164
741 27 728 245
742 25 617 358
743 26 483 491
744 38 323 639
745 57 208 735
746 79 146 775
747 130 93 777
748 211 65 724
749 326 61 613
750 442 57 501
751 575 75 350
752 637 102 261
753 621 155 224
754 558 233 209
755 445 349 206
756 303 490 207
757 177 636 187
758 104 766 130
759 69 821 110
760 42 829 129
761 21 803 176
762 19 746 235
763 20 632 348
764 23 490 487
765 18 341 641
766 41 216 743
767 75 138 787
768 122 96 782
769 196 75 729
770 304 58 638
771 421 64 515
772 527 89 384
773 595 132 273
774 577 189 234
775 475 285 240
776 354 429 217
777 234 571 195
778 138 708 154
779 84 798 118
780 45 827 128
781 32 823 145
782 20 779 201
783 19 695 286
784 22 552 426
785 25 407 568
786 33 267 700
787 59 169 772
788 102 114 784
789 159 75 766
790 245 62 693
791 375 60 565
792 494 73 433
793 601 99 300
794 652 132 216
795 616 179 205
796 529 270 201
797 400 396 204
798 267 538 195
799 151 673 176
800 98 776 126
801 56 803 141
802 37 812 151
803 27 784 189
804 21 703 276
805 25 583 392
806 31 437 532
807 42 296 662
808 73 182 745
809 107 124 769
810 151 81 768
811 230 65 705
812 341 67 592
813 459 76 465
814 545 104 351
815 586 159 255
816 532 232 236
817 437 344 219
818 306 482 212
819 184 629 187
820 108 749 143
821 64 816 120
822 34 832 134
823 24 807 169
824 17 744 239
825 14 639 347
826 23 504 473
827 35 348 617
828 47 216 737
829 74 137 789
830 127 94 779
831 200 66 734
832 305 56 639
833 431 56 513
834 568 65 367
835 656 84 260
836 662 128 210
837 604 201 195
838 477 302 221
839 348 457 195
840 233 596 171
841 132 711 157
842 70 803 127
843 39 846 115
844 24 833 143
845 21 775 204
846 22 677 301
847 24 521 455
848 25 380 595
849 39 264 697
850 56 158 786
851 97 98 805
852 168 70 762
853 263 57 680
854 401 60 539
855 509 78 413
856 578 111 311
857 595 158 247
858 545 247 208
859 439 357 204
860 315 491 194
861 194 628 178
862 114 746 140
863 65 808 127
864 44 824 132
865 21 798 181
866 19 732 249
867 20 624 356
868 21 489 490
869 28 351 621
870 46 226 728
871 71 146 783
872 118 105 777
873 204 84 712
874 292 64 644
875 409 84 507
876 512 102 386
877 583 137 280
878 563 191 246
879 494 291 215
880 370 401 229
881 238 546 216
882 127 698 175
883 56 789 155
884 29 842 129
885 22 834 144
886 17 787 196
887 22 692 286
888 22 577 401
889 22 432 546
890 39 280 681
891 55 172 773
892 93 103 804
893 145 73 782
894 240 68 692
895 344 68 588
896 473 79 448
897 583 95 322
898 622 137 241
899 591 206 203
900 486 306 208
901 353 441 206
902 231 579 190
903 132 701 167
904 87 789 124
905 52 818 130
906 44 811 145
907 36 750 214
908 28 658 314
909 29 531 440
910 35 392 573
911 45 264 691
912 63 166 771
913 101 119 780
914 170 88 742
915 258 80 662
916 376 84 540
917 494 93 413
918 561 114 325
919 584 175 241
920 506 250 244
921 401 375 224
922 279 511 210
923 197 641 162
924 135 719 146
925 79 772 149
926 52 807 141
927 39 773 188
928 29 711 260
929 25 596 379
930 29 464 507
931 42 330 628
932 58 239 703
933 76 170 754
934 137 117 746
935 214 90 696
936 325 75 600
937 452 79 469
938 549 84 367
939 561 121 318
940 520 200 280
941 448 310 242
942 333 435 232
943 231 577 192
944 150 694 156
945 87 771 142
946 49 829 122
947 33 830 137
948 28 767 205
949 32 662 306
950 28 533 439
951 30 395 575
952 45 276 679
953 56 184 760
954 90 115 795
955 166 80 754
956 266 67 667
957 379 72 549
958 488 88 424
959 561 117 322
960 569 163 268
961 527 247 226
962 436 358 206
963 302 484 214
964 198 631 171
965 111 730 159
966 72 801 127
967 40 811 149
968 24 797 179
969 23 729 248
970 23 619 358
971 28 493 479
972 34 341 625
973 51 236 713
974 82 148 770
975 119 107 774
976 196 84 720
977 298 75 627
978 398 83 519
979 513 109 378
980 559 146 295
981 555 205 240
982 480 297 223
983 377 413 210
984 281 539 180
985 173 644 183
986 108 744 148
987 62 783 155
988 41 792 167
989 27 754 219
990 29 676 295
991 32 558 410
992 35 429 536
993 46 321 633
994 69 210 721
995 102 148 750
996 160 106 734
997 237 86 677
998 336 87 577
999 442 106 452
1000 507 129 364
1001 537 172 291
1002 485 253 262
1003 409 367 224
1004 282 485 233
1005 197 632 171
1006 117 716 167
1007 76 777 147
1008 49 795 156
1009 33 779 188
1010 27 714 259
1011 32 606 362
1012 34 483 483
1013 45 334 621
1014 65 239 696
1015 95 158 747
1016 141 110 749
1017 212 80 708
1018 321 74 605
1019 424 73 503
1020 544 93 363
1021 584 122 294
1022 574 177 249
1023 478 268 254
1024 373 412 215
1025 254 547 199
1026 164 672 164
1027 92 763 145
1028 60 815 125
1029 46 818 136
1030 30 777 193
1031 22 702 276
1032 24 566 410
1033 30 429 541
1034 39 298 663
1035 56 198 746
1036 85 129 786
1037 140 97 763
1038 227 83 690
1039 354 71 575
1040 457 80 463
1041 542 114 344
1042 563 160 277
1043 512 239 249
1044 407 359 234
1045 275 496 229
1046 186 642 172
1047 107 743 150
1048 64 813 123
1049 45 822 133
1050 29 795 176
1051 25 732 243
1052 24 616 360
1053 30 480 490
1054 33 328 639
1055 49 224 727
1056 76 138 786
1057 117 102 781
1058 188 88 724
1059 296 80 624
1060 410 88 502
1061 514 110 376
1062 545 158 297
1063 525 231 244
1064 422 337 241
1065 316 476 208
1066 218 596 186
1067 119 702 179
1068 76 793 131
1069 44 814 142
1070 34 798 168
1071 26 735 239
1072 31 637 332
1073 35 493 472
1074 39 369 592
1075 54 259 687
1076 71 153 776
1077 112 115 773
1078 180 90 730
1079 264 85 651
1080 380 99 521
1081 457 127 416
1082 498 174 328
1083 497 243 260
1084 398 350 252
1085 295 487 218
1086 180 615 205
1087 113 735 152
1088 65 788 147
1089 46 808 146
1090 36 780 184
1091 25 721 254
1092 34 625 341
1093 34 479 487
1094 38 351 611
1095 57 227 716
1096 82 155 763
1097 132 110 758
1098 192 88 720
1099 281 87 632
1100 415 94 491
1101 516 106 378
1102 590 133 277
1103 582 183 235
1104 519 263 218
1105 411 371 218
1106 283 501 216
1107 183 630 187
1108 109 723 168
1109 76 785 139
1110 57 791 152
1111 37 760 203
1112 33 700 267
1113 27 596 377
1114 41 472 487
1115 57 329 614
1116 59 220 721
1117 91 156 753
1118 136 118 746
1119 204 104 692
1120 294 96 610
1121 398 110 492
1122 502 130 368
1123 544 169 287
1124 512 236 252
1125 419 332 249
1126 313 463 224
1127 224 583 193
1128 132 680 188
1129 74 758 168
1130 46 796 158
1131 33 785 182
1132 31 731 238
1133 21 637 342
1134 26 516 458
1135 39 391 570
1136 58 281 661
1137 85 184 731
1138 120 119 761
1139 175 95 730
1140 270 94 636
1141 375 93 532
1142 474 109 417
1143 526 135 339
1144 539 193 268
1145 491 277 232
1146 372 390 238
1147 264 533 203
1148 168 642 190
1149 99 739 162
1150 56 792 152
1151 34 809 157
1152 22 773 205
1153 15 701 284
1154 18 595 387
1155 34 449 517
1156 44 324 632
1157 65 217 718
1158 92 143 765
1159 144 99 757
1160 217 83 700
1161 321 82 597
1162 448 84 468
1163 531 103 366
1164 577 145 278
1165 557 206 237
1166 489 300 211
1167 365 412 223
1168 247 552 201
1169 165 671 164
1170 115 751 134
1171 57 782 161
1172 31 798 171
1173 28 763 209
1174 20 672 308
1175 26 568 406
1176 33 422 545
1177 42 296 662
1178 58 207 735
1179 90 160 750
1180 148 112 740
1181 233 89 678
1182 332 95 573
1183 447 100 453
1184 517 131 352
1185 515 187 298
1186 440 278 282
1187 375 400 225
1188 275 513 212
1189 178 636 186
1190 120 727 153
1191 69 780 151
1192 54 800 146
1193 40 759 201
1194 32 682 286
1195 38 568 394
1196 30 449 521
1197 44 334 622
1198 54 229 717
1199 83 166 751
1200 142 117 741
1201 217 99 684
1202 325 101 574
1203 418 107 475
1204 493 133 374
1205 520 173 307
1206 490 251 259
1207 418 344 238
1208 299 465 236
1209 206 602 192
1210 125 693 182
1211 73 768 159
1212 56 794 150
1213 38 771 191
1214 32 711 257
1215 29 624 347
1216 30 506 464
1217 41 368 591
1218 60 266 674
1219 77 172 751
1220 126 129 745
1221 198 103 699
1222 283 91 626
1223 386 93 521
1224 490 108 402
1225 518 142 340
1226 529 216 255
1227 471 299 230
1228 361 400 239
1229 251 536 213
1230 149 658 193
1231 94 758 148
1232 65 798 137
1233 49 793 158
1234 33 735 232
1235 36 668 296
1236 31 564 405
1237 37 433 530
1238 44 305 651
1239 64 198 738
1240 98 138 764
1241 171 109 720
1242 243 94 663
1243 332 89 579
1244 438 104 458
1245 528 129 343
1246 560 167 273
1247 498 242 260
1248 410 364 226
1249 302 481 217
1250 171 604 225
1251 96 740 164
1252 68 800 132
1253 41 803 156
1254 38 792 170
1255 28 720 252
1256 28 608 364
1257 30 491 479
1258 39 366 595
1259 60 221 719
1260 91 140 769
1261 126 106 768
1262 201 82 717
1263 316 79 605
1264 416 76 508
1265 513 93 394
1266 619 121 260
1267 618 160 222
1268 531 242 227
1269 412 363 225
1270 290 506 204
1271 184 631 185
1272 106 740 154
1273 63 801 136
1274 42 816 142
1275 28 798 174
1276 26 730 244
1277 29 611 360
1278 27 465 508
1279 33 342 625
1280 55 227 718
1281 89 144 767
1282 123 95 782
1283 198 79 723
1284 315 72 613
1285 444 74 482
1286 537 91 372
1287 587 121 292
1288 565 186 249
1289 477 291 232
1290 351 428 221
1291 230 570 200
1292 149 698 153
1293 83 777 140
1294 54 826 120
1295 38 825 137
1296 21 776 203
1297 18 688 294
1298 21 554 425
1299 30 409 561
1300 37 272 691
1301 54 186 760
1302 91 120 789
1303 153 84 763
1304 249 71 680
1305 373 63 564
1306 493 73 434
1307 583 98 319
1308 596 145 259
1309 552 218 230
1310 439 328 233
1311 308 477 215
1312 187 621 192
1313 102 750 148
1314 65 825 110
1315 47 837 116
1316 26 808 166
1317 19 756 225
1318 21 653 326
1319 28 502 470
1320 35 351 614
1321 42 215 743
1322 71 133 796
1323 114 92 794
1324 182 78 740
1325 289 62 649
1326 431 58 511
1327 561 67 372
1328 655 88 257
1329 678 130 192
1330 622 189 189
1331 509 286 205
1332 378 413 209
1333 256 560 184
1334 152 686 162
1335 91 781 128
1336 49 821 130
1337 40 821 139
1338 30 771 199
1339 24 684 292
1340 25 563 412
1341 27 415 558
1342 35 287 678
1343 54 184 762
1344 88 125 787
1345 153 91 756
1346 245 76 679
1347 361 71 568
1348 491 76 433
1349 581 94 325
1350 617 132 251
1351 573 199 228
1352 490 302 208
1353 361 419 220
1354 231 563 206
1355 141 698 161
1356 86 783 131
1357 56 820 124
1358 27 812 161
1359 16 774 210
1360 24 682 294
1361 26 557 417
1362 26 411 563
1363 39 276 685
1364 62 178 760
1365 99 118 783
1366 163 89 748
1367 264 63 673
1368 372 54 574
1369 492 71 437
1370 594 97 309
1371 627 130 243
1372 592 195 213
1373 469 290 241
1374 357 442 201
1375 233 580 187
1376 148 713 139
1377 79 781 140
1378 58 824 118
1379 42 812 146
1380 25 763 212
1381 27 685 288
1382 27 531 442
1383 31 393 576
1384 50 256 694
1385 67 169 764
1386 101 109 790
1387 161 87 752
1388 245 76 679
1389 382 70 548
1390 493 87 420
1391 582 114 304
1392 572 162 266
1393 521 259 220
1394 396 370 234
1395 295 517 188
1396 191 629 180
1397 111 739 150
1398 74 802 124
1399 50 812 138
1400 37 788 175
1401 38 704 258
1402 35 592 373
1403 37 448 515
1404 42 334 624
1405 60 219 721
1406 86 138 776
1407 132 102 766
1408 219 80 701
1409 316 77 607
1410 424 92 484
1411 484 128 388
1412 535 182 283
1413 516 246 238
1414 406 346 248
1415 282 492 226
1416 192 638 170
1417 124 731 145
1418 76 784 140
1419 47 796 157
1420 41 771 188
1421 31 713 256
1422 30 623 347
1423 24 478 498
1424 33 338 629
1425 54 236 710
1426 94 162 744
1427 140 110 750
1428 200 89 711
1429 284 87 629
1430 404 93 503
1431 499 118 383
1432 528 163 309
1433 509 236 255
1434 440 329 231
1435 341 450 209
1436 204 570 226
1437 126 709 165
1438 81 781 138
1439 57 801 142
1440 43 780 177
1441 31 721 248
1442 30 640 330
1443 39 520 441
1444 41 391 568
1445 56 250 694
1446 82 163 755
1447 129 117 754
1448 191 91 718
1449 268 88 644
1450 369 92 539
1451 471 111 418
1452 564 138 298
1453 563 186 251
1454 485 274 241
1455 371 398 231
1456 263 538 199
1457 154 649 197
1458 105 754 141
1459 62 784 154
1460 47 800 153
1461 34 767 199
1462 30 692 278
1463 31 572 397
1464 39 431 530
1465 51 312 637
1466 70 195 735
1467 96 146 758
1468 145 104 751
1469 225 88 687
1470 327 83 590
1471 450 101 449
1472 519 119 362
1473 562 169 269
1474 511 243 246
1475 439 343 218
1476 326 457 217
1477 226 586 188
1478 136 691 173
1479 85 763 152
1480 47 796 157
1481 35 784 181
1482 35 722 243
1483 31 622 347
1484 36 512 452
1485 43 378 579
1486 64 266 670
1487 76 173 751
1488 123 128 749
1489 198 93 709
1490 279 80 641
1491 370 99 531
1492 465 118 417
1493 513 157 330
1494 519 221 260
1495 448 308 244
1496 337 424 239
1497 215 570 215
1498 130 705 165
1499 83 771 146
1500 49 799 152
1501 33 794 173
1502 30 746 224
1503 37 662 301
1504 37 539 424
1505 35 393 572
1506 54 260 686
1507 80 175 745
1508 113 121 766
1509 172 93 735
1510 255 82 663
1511 368 83 549
1512 488 93 419
1513 586 119 295
1514 600 154 246
1515 545 225 230
1516 427 334 239
1517 303 480 217
1518 191 615 194
1519 107 726 167
1520 64 800 136
1521 39 817 144
1522 32 807 161
1523 24 743 233
1524 26 642 332
1525 26 494 480
1526 34 359 607
1527 45 240 715
1528 73 155 772
1529 110 110 780
1530 184 83 733
1531 288 73 639
1532 418 70 512
1533 531 88 381
1534 601 110 289
1535 606 159 235
1536 527 239 234
1537 404 363 233
1538 281 513 206
1539 182 646 172
1540 105 748 147
1541 69 807 124
1542 42 821 137
1543 33 799 168
1544 28 728 244
1545 25 609 366
1546 25 462 513
1547 30 329 641
1548 53 222 725
1549 80 140 780
1550 121 99 780
1551 194 80 726
1552 311 78 611
1553 440 80 480
1554 537 98 365
1555 584 134 282
1556 578 194 228
1557 498 282 220
1558 389 403 208
1559 266 531 203
1560 181 656 163
1561 112 739 149
1562 63 790 147
1563 42 803 155
1564 30 764 206
1565 26 688 286
1566 31 571 398
1567 38 438 524
1568 46 306 648
1569 64 215 721
1570 96 146 758
1571 151 101 748
1572 231 85 684
1573 333 81 586
1574 436 96 468
1575 530 126 344
1576 551 164 285
1577 510 234 256
1578 435 344 221
1579 308 464 228
1580 203 607 190
1581 122 716 162
1582 72 782 146
1583 47 802 151
1584 30 789 181
1585 23 736 241
1586 22 633 345
1587 28 514 458
1588 32 365 603
1589 50 252 698
1590 81 168 751
1591 117 117 766
1592 178 94 728
1593 277 86 637
1594 381 90 529
1595 492 105 403
1596 552 143 305
1597 563 196 241
1598 492 269 239
1599 381 391 228
1600 263 525 212
1601 161 651 188
1602 95 749 156
1603 57 800 143
1604 38 800 162
1605 32 766 202
1606 27 699 274
1607 22 582 396
1608 35 453 512
1609 51 314 635
1610 62 200 738
1611 100 138 762
1612 148 100 752
1613 215 86 699
1614 323 86 591
1615 440 95 465
1616 532 107 361
1617 582 154 264
1618 550 218 232
1619 445 312 243
1620 321 455 224
1621 193 593 214
1622 117 721 162
1623 75 788 137
1624 41 818 141
1625 31 805 164
1626 32 751 217
1627 27 656 317
1628 35 518 447
1629 40 372 588
1630 56 239 705
1631 76 156 768
1632 120 106 774
1633 180 75 745
1634 281 69 650
1635 418 63 519
1636 540 64 396
1637 640 88 272
1638 652 121 227
1639 607 192 201
1640 500 287 213
1641 351 425 224
1642 227 580 193
1643 142 710 148
1644 86 794 120
1645 49 826 125
1646 31 830 139
1647 22 777 201
1648 19 691 290
1649 17 556 427
1650 22 403 575
1651 31 268 701
1652 54 175 771
1653 92 120 788
1654 161 78 761
1655 249 62 689
1656 377 60 563
1657 511 67 422
1658 607 86 307
1659 619 125 256
1660 574 206 220
1661 490 306 204
1662 358 432 210
1663 227 580 193
1664 133 713 154
1665 81 800 119
1666 47 833 120
1667 29 828 143
1668 26 765 209
1669 17 668 315
1670 22 551 427
1671 27 398 575
1672 37 260 703
1673 59 163 778
1674 97 108 795
1675 173 75 752
1676 270 62 668
1677 378 62 560
1678 507 71 422
1679 608 95 297
1680 631 132 237
1681 575 206 219
1682 477 317 206
1683 337 448 215
1684 202 601 197
1685 121 736 143
1686 66 808 126
1687 48 839 113
1688 30 820 150
1689 23 764 213
1690 18 660 322
1691 20 534 446
1692 27 379 594
1693 41 237 722
1694 59 151 790
1695 96 102 802
1696 168 84 748
1697 278 68 654
1698 383 62 555
1699 517 83 400
1700 611 104 285
1701 626 152 222
1702 552 223 225
1703 432 346 222
1704 305 484 211
1705 193 627 180
1706 110 745 145
1707 74 807 119
1708 43 822 135
1709 31 805 164
1710 25 746 229
1711 27 629 344
1712 30 489 481
1713 35 343 622
1714 60 220 720
1715 80 133 787
1716 127 98 775
1717 192 68 740
1718 311 62 627
1719 433 60 507
1720 556 78 366
1721 641 101 258
1722 657 139 204
1723 575 210 215
1724 472 327 201
1725 341 460 199
1726 218 597 185
1727 118 722 160
1728 66 804 130
1729 40 833 127
1730 27 821 152
1731 22 763 215
1732 16 651 333
1733 28 524 448
1734 33 375 592
1735 52 245 703
1736 73 144 783
1737 111 94 795
1738 178 68 754
1739 292 59 649
1740 406 57 537
1741 533 70 397
1742 627 92 281
1743 663 128 209
1744 609 193 198
1745 497 297 206
1746 377 435 188
1747 250 564 186
1748 150 693 157
1749 75 780 145
1750 50 833 117
1751 30 822 148
1752 22 777 201
1753 18 681 301
1754 22 547 431
1755 28 414 558
1756 46 279 675
1757 62 174 764
1758 101 105 794
1759 160 77 763
1760 255 63 682
1761 379 64 557
1762 486 74 440
1763 575 100 325
1764 603 146 251
1765 564 223 213
1766 456 331 213
1767 340 467 193
1768 223 597 180
1769 143 713 144
1770 92 783 125
1771 52 808 140
1772 33 802 165
1773 26 744 230
1774 22 643 335
1775 22 511 467
1776 31 381 588
1777 47 256 697
1778 69 170 761
1779 108 123 769
1780 178 90 732
1781 280 78 642
1782 400 77 523
1783 505 89 406
1784 581 114 305
1785 595 163 242
1786 531 235 234
1787 425 346 229
1788 284 485 231
1789 189 638 173
1790 108 734 158
1791 62 803 135
1792 45 824 131
1793 32 792 176
1794 27 733 240
1795 27 627 346
1796 31 488 481
1797 38 331 631
1798 49 228 723
1799 79 148 773
1800 127 97 776
1801 190 81 729
1802 290 77 633
1803 410 83 507
1804 533 102 365
1805 574 136 290
1806 555 198 247
1807 492 297 211
1808 352 411 237
1809 231 567 202
1810 149 692 159
1811 96 768 136
1812 62 802 136
1813 44 802 154
1814 37 758 205
1815 30 666 304
1816 27 559 414
1817 34 406 560
1818 45 274 681
1819 72 187 741
1820 105 126 769
1821 164 93 743
1822 254 78 668
1823 354 80 566
1824 495 87 418
1825 587 99 314
1826 606 139 255
1827 553 207 240
1828 451 321 228
1829 306 456 238
1830 203 616 181
1831 121 717 162
1832 76 792 132
1833 38 825 137
1834 31 823 146
1835 23 762 215
1836 27 656 317
1837 31 517 452
1838 44 353 603
1839 58 239 703
1840 74 150 776
1841 114 101 785
1842 185 63 752
1843 293 53 654
1844 408 51 541
1845 538 75 387
1846 611 109 280
1847 621 150 229
1848 549 229 222
1849 417 350 233
1850 292 520 188
1851 176 655 169
1852 103 773 124
1853 58 822 120
1854 38 833 129
1855 26 812 162
1856 25 745 230
1857 25 625 350
1858 24 455 521
1859 29 321 650
1860 56 198 746
1861 87 122 791
1862 125 80 795
1863 203 63 734
1864 326 52 622
1865 488 49 463
1866 593 57 350
1867 667 86 247
1868 655 135 210
1869 581 223 196
1870 454 339 207
1871 299 483 218
1872 198 649 153
1873 117 753 130
1874 64 826 110
1875 35 850 115
1876 24 830 146
1877 24 753 223
1878 25 637 338
1879 26 492 482
1880 24 325 651
1881 33 223 744
1882 67 141 792
1883 114 83 803
1884 196 56 748
1885 310 51 639
1886 449 53 498
1887 594 59 347
1888 654 81 265
1889 660 123 217
1890 613 199 188
1891 507 304 189
1892 355 437 208
1893 231 594 175
1894 127 716 157
1895 77 814 109
1896 44 842 114
1897 24 833 143
1898 14 777 209
1899 14 682 304
1900 15 549 436
1901 22 391 587
1902 31 262 707
1903 55 155 790
1904 96 103 801
1905 158 71 771
1906 254 65 681
1907 364 64 572
1908 496 87 417
1909 557 113 330
1910 583 181 236
1911 515 262 223
1912 403 382 215
1913 280 526 194
1914 181 655 164
1915 98 755 147
1916 58 815 127
1917 34 829 137
1918 25 785 190
1919 20 713 267
1920 23 598 379
1921 32 451 517
1922 37 313 650
1923 60 208 732
1924 86 125 789
1925 151 85 764
1926 227 64 709
1927 333 60 607
1928 453 69 478
1929 554 96 350
1930 594 133 273
1931 572 198 230
1932 479 303 218
1933 353 436 211
1934 238 583 179
1935 147 702 151
1936 72 784 144
1937 47 832 121
1938 33 820 147
1939 28 769 203
1940 26 669 305
1941 24 538 438
1942 30 393 577
1943 42 268 690
1944 68 174 758
1945 107 100 793
1946 167 73 760
1947 261 64 675
1948 374 70 556
1949 497 88 415
1950 578 110 312
1951 603 154 243
1952 562 223 215
1953 445 338 217
1954 313 482 205
1955 190 623 187
1956 105 740 155
1957 68 807 125
1958 36 822 142
1959 27 810 163
1960 24 750 226
1961 22 638 340
1962 26 496 478
1963 39 351 610
1964 56 221 723
1965 83 137 780
1966 124 95 781
1967 184 66 750
1968 292 66 642
1969 422 70 508
1970 532 82 386
1971 616 117 267
1972 613 163 224
1973 533 250 217
1974 428 372 200
1975 270 506 224
1976 165 664 171
1977 111 765 124
1978 56 807 137
1979 34 827 139
1980 28 803 169
1981 20 722 258
1982 16 608 376
1983 26 478 496
1984 33 310 657
1985 51 202 747
1986 84 142 774
1987 127 89 784
1988 215 70 715
1989 326 63 611
1990 444 66 490
1991 575 78 347
1992 627 115 258
1993 608 171 221
1994 548 250 202
1995 427 363 210
1996 287 503 210
1997 187 650 163
1998 116 747 137
1999 62 806 132
2000 39 823 138
2001 22 790 188
2002 24 728 248
2003 20 613 367
2004 23 477 500
2005 32 327 641
2006 51 221 728
2007 82 143 775
2008 141 95 764
2009 212 69 719
2010 320 60 620
2011 440 67 493
2012 547 83 370
2013 601 126 273
2014 565 178 257
2015 481 292 227
2016 366 424 210
2017 247 565 188
2018 153 693 154
2019 89 780 131
2020 46 828 126
2021 34 828 138
2022 25 788 187
2023 27 683 290
2024 16 549 435
2025 22 419 559
2026 31 285 684
2027 55 189 756
2028 93 117 790
2029 146 79 775
2030 252 66 682
2031 371 65 564
2032 486 80 434
2033 581 95 324
2034 601 134 265
2035 564 210 226
2036 471 319 210
2037 344 450 206
2038 222 590 188
2039 129 713 158
2040 81 791 128
2041 46 824 130
2042 29 820 151
2043 16 761 223
2044 20 665 315
2045 13 530 457
2046 21 397 582
2047 41 266 693
2048 60 168 772
2049 93 116 791
2050 161 87 752
2051 262 78 660
2052 385 73 542
2053 489 85 426
2054 576 114 310
2055 587 158 255
2056 508 245 247
2057 409 376 215
2058 273 504 223
2059 150 649 201
2060 80 777 143
2061 60 835 105
2062 36 826 138
2063 16 806 178
2064 20 739 241
2065 25 604 371
2066 31 471 498
2067 36 320 644
2068 45 187 768
2069 74 120 806
2070 112 100 788
2071 190 82 728
2072 313 71 616
2073 429 83 488
2074 541 100 359
2075 618 139 243
2076 589 195 216
2077 489 291 220
2078 356 411 233
2079 244 562 194
2080 149 685 166
2081 88 768 144
2082 49 812 139
2083 34 812 154
2084 28 771 201
2085 29 681 290
2086 31 560 409
2087 33 407 560
2088 43 282 675
2089 61 189 750
2090 102 127 771
2091 157 86 757
2092 250 72 678
2093 359 69 572
2094 490 81 429
2095 565 103 332
2096 591 153 256
2097 552 220 228
2098 455 321 224
2099 325 459 216
2100 202 603 195
2101 124 729 147
2102 81 795 124
2103 55 816 129
2104 37 792 171
2105 25 743 232
2106 22 654 324
2107 19 519 462
2108 24 378 598
2109 44 247 709
2110 66 161 773
2111 115 118 767
2112 176 93 731
2113 261 81 658
2114 381 85 534
2115 491 100 409
2116 570 131 299
2117 583 183 234
2118 505 256 239
2119 418 377 205
2120 306 489 205
2121 181 613 206
2122 125 734 141
2123 67 775 158
2124 41 802 157
2125 28 776 196
2126 20 716 264
2127 24 603 373
2128 29 487 484
2129 44 358 598
2130 58 222 720
2131 90 167 743
2132 141 108 751
2133 204 83 713
2134 306 80 614
2135 398 91 511
2136 485 115 400
2137 546 157 297
2138 510 232 258
2139 448 323 229
2140 331 444 225
2141 220 586 194
2142 138 700 162
2143 82 771 147
2144 56 803 141
2145 29 787 184
2146 26 739 235
2147 24 651 325
2148 24 532 444
2149 30 390 580
2150 50 270 680
2151 74 179 747
2152 121 123 756
2153 194 92 714
2154 276 67 657
2155 375 73 552
2156 487 93 420
2157 560 123 317
2158 583 170 247
2159 526 238 236
2160 417 351 232
2161 301 491 208
2162 185 632 183
2163 110 742 148
2164 62 797 141
2165 39 815 146
2166 27 791 182
2167 22 735 243
2168 17 627 356
2169 23 492 485
2170 38 345 617
2171 63 220 717
2172 95 140 765
2173 143 90 767
2174 204 66 730
2175 311 61 628
2176 428 62 510
2177 528 80 392
2178 589 127 284
2179 581 191 228
2180 525 279 196
2181 382 385 233
2182 262 552 186
2183 154 677 169
2184 90 784 126
2185 47 830 123
2186 31 826 143
2187 24 778 198
2188 21 697 282
2189 18 594 388
2190 28 430 542
2191 39 295 666
2192 62 177 761
2193 104 108 788
2194 164 70 766
2195 249 58 693
2196 340 54 606
2197 488 66 446
2198 590 82 328
2199 647 115 238
2200 621 176 203
2201 523 271 206
2202 385 407 208
2203 232 557 211
2204 147 714 139
2205 90 787 123
2206 52 828 120
2207 31 833 136
2208 23 793 184
2209 24 706 270
2210 21 569 410
2211 25 422 553
2212 41 261 698
2213 58 172 770
2214 87 114 799
2215 143 80 777
2216 233 64 703
2217 365 61 574
2218 487 66 447
2219 602 91 307
2220 620 137 243
2221 587 208 205
2222 485 299 216
2223 361 435 204
2224 225 575 200
2225 126 714 160
2226 74 808 118
2227 51 835 114
2228 36 812 152
2229 27 756 217
2230 25 674 301
2231 23 540 437
2232 30 402 568
2233 38 256 706
2234 70 154 776
2235 111 95 794
2236 181 77 742
2237 264 63 673
2238 385 62 553
2239 501 75 424
2240 604 97 299
2241 628 140 232
2242 572 218 210
2243 432 333 235
2244 306 491 203
2245 201 631 168
2246 120 737 143
2247 74 805 121
2248 43 829 128
2249 29 817 154
2250 24 753 223
2251 26 643 331
2252 29 483 488
2253 37 340 623
2254 49 226 725
2255 72 146 782
2256 110 99 791
2257 180 73 747
2258 287 67 646
2259 431 70 499
2260 534 86 380
2261 591 126 283
2262 582 183 235
2263 509 272 219
2264 380 392 228
2265 260 547 193
2266 155 673 172
2267 90 775 135
2268 53 824 123
2269 45 821 134
2270 32 772 196
2271 28 696 276
2272 21 580 399
2273 29 432 539
2274 34 298 668
2275 50 191 759
2276 84 126 790
2277 142 95 763
2278 228 86 686
2279 338 76 586
2280 463 82 455
2281 546 105 349
2282 572 156 272
2283 549 237 214
2284 460 325 215
2285 321 445 234
2286 205 593 202
2287 121 719 160
2288 67 797 136
2289 42 828 130
2290 31 802 167
2291 32 732 236
2292 28 643 329
2293 24 527 449
2294 34 383 583
2295 49 247 704
2296 78 154 768
2297 125 94 781
2298 199 73 728
2299 266 69 665
2300 364 91 545
2301 473 109 418
2302 549 144 307
2303 547 204 249
2304 493 299 208
2305 352 413 235
2306 228 575 197
2307 134 703 163
2308 80 775 145
2309 57 811 132
2310 38 799 163
2311 24 758 218
2312 24 677 299
2313 23 563 414
2314 31 402 567
2315 53 266 681
2316 73 172 755
2317 109 116 775
2318 164 92 744
2319 249 78 673
2320 346 74 580
2321 474 91 435
2322 549 124 327
2323 557 185 258
2324 501 271 228
2325 390 383 227
2326 272 518 210
2327 174 650 176
2328 96 752 152
2329 57 813 130
2330 31 819 150
2331 26 784 190
2332 28 703 269
2333 30 589 381
2334 29 452 519
2335 39 321 640
2336 56 209 735
2337 90 131 779
2338 142 91 767
2339 217 74 709
2340 321 80 599
2341 431 90 479
2342 513 117 370
2343 545 166 289
2344 514 246 240
2345 438 355 207
2346 314 471 215
2347 203 612 185
2348 143 717 140
2349 90 767 143
2350 56 793 151
2351 29 778 193
2352 23 725 252
2353 20 622 358
2354 25 509 466
2355 34 363 603
2356 46 249 705
2357 70 187 743
2358 121 137 742
2359 189 101 710
2360 287 86 627
2361 381 91 528
2362 480 110 410
2363 523 157 320
2364 468 228 304
2365 398 345 257
2366 308 465 227
2367 204 591 205
2368 132 710 158
2369 87 777 136
2370 51 803 146
2371 43 792 165
2372 36 729 235
2373 38 619 343
2374 36 497 467
2375 44 373 583
2376 54 246 700
2377 79 169 752
2378 122 118 760
2379 188 86 726
2380 291 83 626
2381 399 90 511
2382 491 104 405
2383 564 136 300
2384 563 190 247
2385 505 268 227
2386 424 377 199
2387 303 490 207
2388 194 614 192
2389 117 716 167
2390 74 779 147
2391 48 790 162
2392 34 762 204
2393 28 698 274
2394 30 595 375
2395 33 480 487
2396 51 353 596
2397 62 233 705
2398 96 159 745
2399 146 114 740
2400 220 92 688
2401 320 82 598
2402 421 85 494
2403 518 99 383
2404 578 129 293
2405 563 189 248
2406 475 278 247
2407 373 411 216
2408 258 535 207
2409 149 660 191
2410 91 766 143
2411 66 810 124
2412 38 805 157
2413 31 773 196
2414 21 691 288
2415 23 568 409
2416 28 442 530
2417 36 312 652
2418 50 198 752
2419 88 140 772
2420 142 107 751
2421 231 85 684
2422 354 78 568
2423 450 78 472
2424 539 108 353
2425 591 149 260
2426 549 211 240
2427 462 311 227
2428 349 431 220
2429 232 566 202
2430 152 690 158
2431 101 770 129
2432 58 791 151
2433 44 793 163
2434 37 745 218
2435 28 652 320
2436 22 541 437
2437 29 412 559
2438 39 281 680
2439 72 191 737
2440 108 137 755
2441 163 99 738
2442 256 92 652
2443 348 92 560
2444 457 111 432
2445 538 131 331
2446 554 181 265
2447 515 255 230
2448 437 348 215
2449 324 464 212
2450 201 584 215
2451 115 707 178
2452 72 774 154
2453 46 797 157
2454 32 773 195
2455 27 713 260
2456 32 625 343
2457 30 504 466
2458 39 386 575
2459 60 254 686
2460 86 166 748
2461 124 117 759
2462 187 103 710
2463 261 100 639
2464 349 114 537
2465 431 147 422
2466 486 183 331
2467 478 260 262
2468 401 356 243
2469 298 482 220
2470 205 599 196
2471 132 695 173
2472 88 754 158
2473 57 765 178
2474 48 760 192
2475 37 692 271
2476 35 607 358
2477 42 483 475
2478 48 359 593
2479 65 257 678
2480 96 181 723
2481 133 139 728
2482 205 107 688
2483 287 103 610
2484 385 106 509
2485 475 132 393
2486 523 166 311
2487 517 220 263
2488 433 302 265
2489 336 428 236
2490 233 557 210
2491 136 664 200
2492 97 758 145
2493 62 771 167
2494 50 772 178
2495 41 730 229
2496 42 657 301
2497 38 530 432
2498 39 405 556
2499 55 297 648
2500 84 187 729
2501 117 145 738
2502 165 111 724
2503 239 105 656
2504 350 104 546
2505 441 120 439
2506 495 154 351
2507 500 208 292
2508 417 313 270
2509 325 438 237
2510 230 564 206
2511 146 665 189
2512 83 750 167
2513 63 797 140
2514 50 783 167
2515 37 742 221
2516 30 650 320
2517 32 532 436
2518 41 404 555
2519 53 294 653
2520 68 197 735
2521 112 135 753
2522 169 105 726
2523 264 89 647
2524 369 86 545
2525 469 99 432
2526 533 127 340
2527 553 173 274
2528 499 250 251
2529 392 366 242
2530 278 503 219
2531 180 633 187
2532 115 734 151
2533 66 786 148
2534 49 807 144
2535 27 778 195
2536 29 723 248
2537 27 605 368
2538 30 470 500
2539 40 337 623
2540 60 226 714
2541 89 154 757
2542 132 104 764
2543 201 90 709
2544 306 76 618
2545 421 89 490
2546 521 109 370
2547 575 142 283
2548 559 199 242
2549 485 287 228
2550 367 411 222
2551 268 543 189
2552 173 656 171
2553 108 738 154
2554 64 783 153
2555 36 794 170
2556 29 765 206
2557 26 684 290
2558 29 563 408
2559 37 428 535
2560 50 307 643
2561 63 212 725
2562 96 154 750
2563 156 110 734
2564 229 79 692
2565 339 87 574
2566 446 98 456
2567 518 126 356
2568 531 175 294
2569 484 257 259
2570 411 362 227
2571 311 479 210
2572 201 610 189
2573 124 712 164
2574 75 778 147
2575 43 799 158
2576 29 782 189
2577 35 714 251
2578 33 603 364
2579 28 488 484
2580 45 362 593
2581 57 243 700
2582 89 165 746
2583 125 112 763
2584 197 93 710
2585 286 89 625
2586 383 111 506
2587 460 129 411
2588 509 178 313
2589 480 248 272
2590 410 355 235
2591 305 478 217
2592 201 602 197
2593 114 710 176
2594 73 775 152
2595 48 798 154
2596 35 774 191
2597 26 717 257
2598 25 619 356
2599 34 497 469
2600 42 364 594
2601 63 248 689
2602 75 162 763
2603 119 127 754
2604 182 107 711
2605 276 101 623
2606 371 105 524
2607 471 132 397
2608 518 165 317
2609 510 234 256
2610 430 328 242
2611 338 443 219
2612 226 555 219
2613 149 673 178
2614 80 746 174
2615 50 788 162
2616 36 785 179
2617 37 730 233
2618 38 635 327
2619 42 519 439
2620 37 403 560
2621 48 290 662
2622 72 206 722
2623 99 140 761
2624 163 116 721
2625 249 107 644
2626 347 116 537
2627 423 134 443
2628 495 174 331
2629 508 215 277
2630 469 286 245
2631 371 391 238
2632 269 513 218
2633 162 624 214
2634 106 722 172
2635 63 760 177
2636 54 763 183
2637 34 731 235
2638 33 680 287
2639 35 576 389
2640 41 452 507
2641 51 335 614
2642 71 227 702
2643 111 169 720
2644 151 126 723
2645 209 118 673
2646 300 111 589
2647 397 124 479
2648 471 151 378
2649 516 194 290
2650 467 257 276
2651 397 364 239
2652 282 477 241
2653 209 600 191
2654 129 680 191
2655 89 747 164
2656 64 760 176
2657 47 742 211
2658 37 696 267
2659 35 599 366
2660 40 488 472
2661 58 360 582
2662 74 262 664
2663 103 179 718
2664 147 137 716
2665 209 111 680
2666 308 95 597
2667 403 93 504
2668 509 109 382
2669 548 131 321
2670 564 190 246
2671 503 257 240
2672 400 360 240
2673 293 489 218
2674 192 612 196
2675 127 715 158
2676 85 764 151
2677 49 784 167
2678 33 761 206
2679 35 710 255
2680 36 605 359
2681 35 475 490
2682 46 353 601
2683 70 239 691
2684 93 166 741
2685 152 123 725
2686 211 87 702
2687 301 79 620
2688 409 94 497
2689 484 116 400
2690 526 163 311
2691 500 235 265
2692 429 334 237
2693 327 448 225
2694 216 586 198
2695 133 705 162
2696 78 773 149
2697 50 806 144
2698 40 787 173
2699 26 725 249
2700 36 640 324
2701 31 516 453
2702 40 383 577
2703 56 255 689
2704 77 171 752
2705 126 117 757
2706 186 87 727
2707 274 89 637
2708 374 86 540
2709 476 110 414
2710 545 141 314
2711 532 200 268
2712 473 297 230
2713 378 410 212
2714 269 535 196
2715 178 642 180
2716 102 736 162
2717 65 788 147
2718 41 794 165
2719 29 759 212
2720 27 674 299
2721 26 563 411
2722 42 439 519
2723 49 316 635
2724 72 215 713
2725 104 140 756
2726 159 102 739
2727 246 82 672
2728 339 80 581
2729 444 98 458
2730 529 117 354
2731 568 155 277
2732 539 217 244
2733 442 321 237
2734 335 456 209
2735 231 583 186
2736 129 689 182
2737 89 773 138
2738 52 794 154
2739 30 793 177
2740 24 753 223
2741 30 655 315
2742 36 514 450
2743 47 381 572
2744 60 264 676
2745 83 167 750
2746 117 123 760
2747 178 90 732
2748 273 69 658
2749 395 72 533
2750 492 91 417
2751 558 127 315
2752 598 178 224
2753 530 235 235
2754 429 347 224
2755 306 481 213
2756 187 625 188
2757 109 741 150
2758 69 800 131
2759 46 804 150
2760 38 776 186
2761 28 727 245
2762 26 625 349
2763 30 493 477
2764 34 345 621
2765 52 225 723
2766 88 148 764
2767 136 108 756
2768 191 88 721
2769 284 82 634
2770 392 91 517
2771 495 115 390
2772 549 160 291
2773 529 226 245
2774 449 323 228
2775 356 443 201
2776 240 556 204
2777 163 678 159
2778 92 746 162
2779 62 793 145
2780 38 778 184
2781 30 736 234
2782 30 647 323
2783 25 527 448
2784 38 419 543
2785 57 284 659
2786 84 197 719
2787 126 123 751
2788 186 96 718
2789 269 78 653
2790 374 84 542
2791 458 99 443
2792 549 123 328
2793 558 167 275
2794 524 245 231
2795 418 353 229
2796 298 486 216
2797 185 624 191
2798 89 731 180
2799 62 812 126
2800 42 815 143
2801 31 791 178
2802 24 724 252
2803 24 623 353
2804 33 490 477
2805 49 343 608
2806 63 220 717
2807 91 125 784
2808 130 94 776
2809 201 79 720
2810 296 75 629
2811 410 81 509
2812 517 100 383
2813 571 140 289
2814 559 209 232
2815 472 316 212
2816 363 434 203
2817 220 558 222
2818 138 705 157
2819 82 781 137
2820 53 818 129
2821 33 807 160
2822 26 758 216
2823 23 658 319
2824 28 543 429
2825 35 414 551
2826 41 260 699
2827 60 178 762
2828 98 122 780
2829 160 95 745
2830 250 82 668
2831 348 92 560
2832 443 109 448
2833 545 143 312
2834 538 195 267
2835 486 284 230
2836 384 392 224
2837 274 521 205
2838 178 644 178
2839 101 730 169
2840 66 790 144
2841 46 791 163
2842 42 759 199
2843 33 674 293
2844 31 575 394
2845 34 448 518
2846 51 322 627
2847 72 219 709
2848 96 138 766
2849 141 113 746
2850 227 100 673
2851 313 99 588
2852 415 112 473
2853 499 137 364
2854 538 179 283
2855 534 243 223
2856 447 328 225
2857 337 440 223
2858 224 563 213
2859 139 677 184
2860 87 749 164
2861 52 776 172
2862 36 769 195
2863 29 721 250
2864 35 643 322
2865 36 525 439
2866 45 401 554
2867 65 278 657
2868 90 186 724
2869 127 134 739
2870 188 104 708
2871 262 91 647
2872 361 95 544
2873 458 114 428
2874 531 141 328
2875 552 191 257
2876 501 262 237
2877 415 365 220
2878 281 481 238
2879 176 628 196
2880 100 729 171
2881 68 786 146
2882 45 791 164
2883 31 764 205
2884 32 707 261
2885 31 603 366
2886 30 488 482
2887 45 342 613
2888 56 226 718
2889 83 158 759
2890 127 126 747
2891 193 109 698
2892 285 100 615
2893 380 112 508
2894 488 132 380
2895 545 170 285
2896 531 229 240
2897 421 311 268
2898 307 453 240
2899 208 584 208
2900 132 692 176
2901 87 756 157
2902 60 781 159
2903 41 770 189
2904 42 730 228
2905 42 647 311
2906 38 505 457
2907 39 378 583
2908 55 269 676
2909 77 189 734
2910 111 142 747
2911 163 119 718
2912 248 107 645
2913 376 105 519
2914 478 119 403
2915 539 144 317
2916 534 192 274
2917 482 277 241
2918 389 376 235
2919 282 492 226
2920 186 611 203
2921 117 709 174
2922 79 764 157
2923 59 777 164
2924 42 749 209
2925 36 681 283
2926 39 588 373
2927 38 469 493
2928 41 351 608
2929 60 250 690
2930 90 176 734
2931 137 133 730
2932 210 114 676
2933 292 109 599
2934 389 120 491
2935 459 142 399
2936 490 190 320
2937 481 260 259
2938 413 343 244
2939 324 454 222
2940 216 562 222
2941 144 675 181
2942 85 736 179
2943 53 773 174
2944 37 757 206
2945 26 703 271
2946 29 631 340
2947 38 517 445
2948 44 400 556
2949 62 281 657
2950 82 202 716
2951 132 145 723
2952 198 111 691
2953 249 99 652
2954 332 120 548
2955 410 151 439
2956 469 190 341
2957 450 250 300
2958 396 348 256
2959 304 459 237
2960 222 585 193
2961 145 679 176
2962 85 735 180
2963 59 764 177
2964 50 751 199
2965 43 700 257
2966 39 609 352
2967 37 502 461
2968 45 378 577
2969 70 276 654
2970 105 195 700
2971 137 131 732
2972 193 112 695
2973 287 107 606
2974 373 104 523
2975 466 125 409
2976 503 156 341
2977 496 221 283
2978 420 309 271
2979 305 449 246
2980 201 583 216
2981 134 692 174
2982 92 762 146
2983 62 783 155
2984 42 782 176
2985 32 737 231
2986 27 659 314
2987 31 524 445
2988 40 386 574
2989 49 268 683
2990 81 189 730
2991 105 136 759
2992 161 113 726
2993 245 102 653
2994 359 96 545
2995 460 117 423
2996 518 154 328
2997 495 214 291
2998 425 316 259
2999 336 439 225
3000 231 551 218
3001 148 667 185
3002 93 756 151
3003 71 790 139
3004 42 775 183
3005 29 744 227
3006 26 655 319
3007 41 535 424
3008 48 408 544
3009 55 285 660
3010 81 189 730
3011 121 129 750
3012 173 104 723
3013 271 83 646
3014 381 74 545
3015 477 84 439
3016 556 115 329
3017 590 159 251
3018 537 221 242
3019 430 334 236
3020 312 466 222
3021 198 605 197
3022 130 728 142
3023 80 786 134
3024 44 805 151
3025 33 797 170
3026 21 746 233
3027 20 645 335
3028 28 514 458
3029 33 367 600
3030 45 239 716
3031 74 169 757
3032 120 121 759
3033 182 83 735
3034 282 72 646
3035 402 73 525
3036 519 84 397
3037 595 114 291
3038 581 166 253
3039 525 250 225
3040 415 354 231
3041 286 502 212
3042 181 642 177
3043 106 746 148
3044 67 810 123
3045 43 819 138
3046 31 791 178
3047 26 719 255
3048 24 620 356
3049 28 474 498
3050 38 330 632
3051 51 216 733
3052 85 139 776
3053 129 96 775
3054 208 80 712
3055 305 73 622
3056 435 75 490
3057 546 91 363
3058 598 124 278
3059 593 186 221
3060 505 268 227
3061 386 399 215
3062 272 534 194
3063 157 655 188
3064 88 768 144
3065 66 821 113
3066 50 810 140
3067 39 764 197
3068 25 693 282
3069 29 576 395
3070 33 437 530
3071 42 312 646
3072 58 190 752
3073 88 121 791
3074 149 102 749
3075 223 87 690
3076 335 84 581
3077 436 89 475
3078 511 127 362
3079 545 177 278
3080 485 265 250
3081 372 394 234
3082 255 526 219
3083 168 658 174
3084 108 748 144
3085 61 803 136
3086 39 812 149
3087 28 784 188
3088 27 707 266
3089 31 579 390
3090 36 443 521
3091 45 306 649
3092 58 207 735
3093 98 139 763
3094 147 90 763
3095 226 69 705
3096 339 67 594
3097 455 82 463
3098 553 102 345
3099 587 141 272
3100 552 206 242
3101 474 309 217
3102 339 436 225
3103 226 592 182
3104 139 707 154
3105 74 779 147
3106 47 824 129
3107 30 812 158
3108 26 764 210
3109 27 665 308
3110 27 537 436
3111 38 381 581
3112 54 255 691
3113 69 167 764
3114 106 107 787
3115 164 82 754
3116 254 72 674
3117 363 81 556
3118 486 100 414
3119 562 133 305
3120 563 183 254
3121 500 270 230
3122 365 393 242
3123 252 553 195
3124 163 676 161
3125 96 756 148
3126 59 804 137
3127 34 808 158
3128 28 783 189
3129 28 702 270
3130 27 579 394
3131 35 420 545
3132 47 289 664
3133 61 197 742
3134 91 135 774
3135 133 101 766
3136 208 84 708
3137 327 90 583
3138 460 94 446
3139 535 120 345
3140 540 176 284
3141 506 263 231
3142 418 359 223
3143 297 481 222
3144 217 619 164
3145 142 693 165
3146 82 764 154
3147 48 798 154
3148 38 776 186
3149 32 699 269
3150 31 609 360
3151 36 488 476
3152 48 345 607
3153 52 259 689
3154 76 184 740
3155 124 126 750
3156 207 100 693
3157 291 94 615
3158 390 100 510
3159 486 122 392
3160 503 169 328
3161 501 238 261
3162 432 315 253
3163 331 442 227
3164 216 569 215
3165 135 690 175
3166 95 765 140
3167 58 783 159
3168 36 773 191
3169 32 726 242
3170 28 653 319
3171 28 530 442
3172 31 403 566
3173 48 279 673
3174 74 187 739
3175 119 143 738
3176 188 108 704
3177 259 86 655
3178 374 88 538
3179 473 96 431
3180 557 124 319
3181 574 164 262
3182 524 239 237
3183 426 333 241
3184 324 466 210
3185 202 590 208
3186 122 710 168
3187 78 782 140
3188 52 798 150
3189 37 784 179
3190 29 724 247
3191 26 638 336
3192 28 508 464
3193 38 382 580
3194 49 252 699
3195 82 169 749
3196 121 120 759
3197 190 95 715
3198 278 86 636
3199 382 84 534
3200 467 110 423
3201 542 151 307
3202 540 206 254
3203 471 291 238
3204 367 409 224
3205 263 538 199
3206 182 651 167
3207 123 734 143
3208 63 767 170
3209 44 786 170
3210 36 750 214
3211 31 673 296
3212 32 560 408
3213 32 430 538
3214 38 317 645
3215 68 228 704
3216 105 165 730
3217 152 109 739
3218 229 98 673
3219 324 98 578
3220 420 116 464
3221 476 150 374
3222 484 207 309
3223 442 288 270
3224 383 393 224
3225 263 508 229
3226 177 639 184
3227 116 725 159
3228 70 768 162
3229 52 780 168
3230 42 741 217
3231 31 670 299
3232 30 576 394
3233 38 462 500
3234 46 323 631
3235 63 229 708
3236 97 169 734
3237 144 123 733
3238 211 115 674
3239 299 119 582
3240 384 125 491
3241 475 154 371
3242 498 202 300
3243 462 273 265
3244 377 369 254
3245 271 500 229
3246 179 614 207
3247 111 702 187
3248 63 764 173
3249 42 783 175
3250 37 756 207
3251 35 690 275
3252 26 596 378
3253 42 474 484
3254 53 344 603
3255 63 245 692
3256 95 173 732
3257 136 122 742
3258 202 108 690
3259 292 108 600
3260 401 112 487
3261 473 125 402
3262 501 183 316
3263 479 254 267
3264 423 348 229
3265 312 455 233
3266 202 580 218
3267 127 690 183
3268 86 761 153
3269 52 789 159
3270 43 765 192
3271 45 703 252
3272 38 607 355
3273 43 507 450
3274 44 377 579
3275 52 266 682
3276 75 187 738
3277 127 136 737
3278 199 108 693
3279 288 98 614
3280 371 105 524
3281 463 122 415
3282 529 160 311
3283 523 205 272
3284 471 290 239
3285 373 393 234
3286 247 519 234
3287 165 655 180
3288 117 730 153
3289 64 761 175
3290 49 776 175
3291 41 746 213
3292 34 669 297
3293 34 573 393
3294 35 447 518
3295 46 310 644
3296 73 224 703
3297 109 166 725
3298 155 115 730
3299 219 99 682
3300 312 112 576
3301 407 115 478
3302 492 146 362
3303 505 198 297
3304 461 271 268
3305 395 373 232
3306 273 490 237
3307 166 628 206
3308 111 722 167
3309 75 774 151
3310 42 779 179
3311 31 760 209
3312 26 698 276
3313 29 601 370
3314 38 481 481
3315 60 334 606
3316 65 218 717
3317 98 161 741
3318 148 123 729
3319 208 92 700
3320 291 94 615
3321 383 108 509
3322 480 136 384
3323 538 186 276
3324 501 244 255
3325 411 338 251
3326 315 466 219
3327 211 593 196
3328 126 695 179
3329 72 766 162
3330 43 792 165
3331 37 771 192
3332 42 719 239
3333 34 620 346
3334 32 500 468
3335 48 375 577
3336 64 257 679
3337 90 170 740
3338 136 118 746
3339 193 93 714
3340 280 88 632
3341 388 100 512
3342 487 112 401
3343 547 138 315
3344 558 196 246
3345 498 272 230
3346 392 384 224
3347 264 515 221
3348 172 648 180
3349 107 728 165
3350 70 781 149
3351 41 792 167
3352 26 763 211
3353 26 702 272
3354 21 590 389
3355 27 464 509
3356 46 325 629
3357 65 226 709
3358 94 154 752
3359 147 114 739
3360 210 90 700
3361 306 88 606
3362 398 104 498
3363 479 138 383
3364 476 196 328
3365 441 298 261
3366 355 405 240
3367 253 531 216
3368 173 657 170
3369 110 739 151
3370 73 786 141
3371 40 789 171
3372 21 764 215
3373 26 681 293
3374 28 569 403
3375 28 441 531
3376 38 315 647
3377 57 223 720
3378 98 157 745
3379 148 113 739
3380 237 88 675
3381 334 82 584
3382 434 97 469
3383 517 125 358
3384 544 168 288
3385 498 233 269
3386 409 345 246
3387 307 478 215
3388 188 605 207
3389 105 730 165
3390 61 798 141
3391 40 814 146
3392 35 792 173
3393 32 732 236
3394 31 623 346
3395 38 491 471
3396 47 357 596
3397 56 223 721
3398 82 146 772
3399 125 104 771
3400 188 83 729
3401 291 80 629
3402 407 86 507
3403 511 102 387
3404 577 132 291
3405 573 200 227
3406 507 281 212
3407 383 389 228
3408 257 534 209
3409 161 663 176
3410 92 753 155
3411 51 806 143
3412 40 817 143
3413 36 760 204
3414 31 683 286
3415 32 580 388
3416 38 434 528
3417 45 299 656
3418 63 202 735
3419 90 131 779
3420 153 93 754
3421 229 87 684
3422 332 88 580
3423 461 88 451
3424 566 105 329
3425 607 135 258
3426 583 191 226
3427 504 286 210
3428 374 403 223
3429 241 539 220
3430 164 671 165
3431 88 748 164
3432 60 807 133
3433 43 805 152
3434 30 766 204
3435 25 684 291
3436 29 572 399
3437 39 432 529
3438 44 290 666
3439 69 208 723
3440 92 124 784
3441 141 103 756
3442 223 93 684
3443 325 93 582
3444 432 103 465
3445 534 136 330
3446 531 176 293
3447 505 261 234
3448 389 371 240
3449 286 508 206
3450 187 621 192
3451 119 720 161
3452 86 778 136
3453 51 778 171
3454 40 773 187
3455 21 699 280
3456 30 608 362
3457 35 462 503
3458 47 344 609
3459 66 233 701
3460 99 156 745
3461 135 123 742
3462 219 92 689
3463 306 82 612
3464 433 86 481
3465 509 105 386
3466 553 147 300
3467 526 214 260
3468 438 318 244
3469 327 439 234
3470 220 581 199
3471 143 698 159
3472 76 771 153
3473 56 819 125
3474 37 797 166
3475 26 749 225
3476 27 656 317
3477 28 534 438
3478 33 391 576
3479 50 269 681
3480 67 179 754
3481 115 114 771
3482 176 88 736
3483 265 75 660
3484 373 79 548
3485 491 93 416
3486 555 118 327
3487 566 176 258
3488 517 255 228
3489 410 369 221
3490 274 502 224
3491 166 651 183
3492 105 755 140
3493 66 802 132
3494 45 816 139
3495 33 779 188
3496 26 712 262
3497 23 605 372
3498 30 475 495
3499 42 319 639
3500 57 203 740
3501 85 141 774
3502 138 99 763
3503 209 83 708
3504 312 79 609
3505 428 83 489
3506 548 97 355
3507 593 133 274
3508 550 204 246
3509 463 309 228
3510 337 438 225
3511 224 580 196
3512 144 697 159
3513 96 773 131
3514 53 807 140
3515 36 814 150
3516 23 760 217
3517 19 668 313
3518 22 543 435
3519 34 398 568
3520 48 269 683
3521 60 179 761
3522 94 133 773
3523 159 92 749
3524 252 81 667
3525 357 80 563
3526 473 100 427
3527 541 129 330
3528 549 190 261
3529 479 272 249
3530 371 388 241
3531 261 537 202
3532 163 658 179
3533 103 757 140
3534 58 797 145
3535 32 813 155
3536 31 778 191
3537 31 697 272
3538 33 581 386
3539 42 430 528
3540 57 300 643
3541 81 186 733
3542 111 122 767
3543 173 76 751
3544 248 49 703
3545 366 55 579
3546 503 53 444
3547 614 67 319
3548 678 86 236
3549 667 136 197
3550 604 211 185
3551 483 320 197
3552 329 468 203
3553 217 616 167
3554 129 730 141
3555 76 804 120
3556 45 838 117
3557 32 819 149
3558 30 757 213
3559 22 650 328
3560 25 510 465
3561 25 359 616
3562 40 245 715
3563 54 156 790
3564 104 108 788
3565 169 77 754
3566 267 74 659
3567 389 83 528
3568 500 101 399
3569 557 141 302
3570 554 198 248
3571 483 290 227
3572 361 409 230
3573 246 562 192
3574 148 680 172
3575 93 769 138
3576 58 806 136
3577 29 801 170
3578 24 773 203
3579 22 686 292
3580 14 569 417
3581 26 424 550
3582 38 294 668
3583 60 193 747
3584 105 134 761
3585 163 94 743
3586 252 64 684
3587 365 62 573
3588 492 66 442
3589 593 84 323
3590 636 113 251
3591 605 171 224
3592 521 261 218
3593 412 385 203
3594 265 524 211
3595 177 673 150
3596 111 757 132
3597 74 805 121
3598 43 813 144
3599 33 786 181
3600 25 706 269
3601 28 590 382
3602 29 448 523
3603 41 298 661
3604 61 202 737
3605 89 134 777
3606 150 98 752
3607 230 64 706
3608 342 64 594
3609 464 68 468
3610 582 88 330
3611 625 120 255
3612 616 173 211
3613 530 250 220
3614 419 372 209
3615 304 517 179
3616 210 632 158
3617 121 722 157
3618 76 791 133
3619 44 804 152
3620 36 783 181
3621 30 714 256
3622 23 598 379
3623 36 460 504
3624 41 332 627
3625 54 237 709
3626 85 155 760
3627 131 111 758
3628 207 86 707
3629 317 79 604
3630 435 85 480
3631 519 105 376
3632 545 149 306
3633 534 218 248
3634 465 311 224
3635 345 424 231
3636 225 569 206
3637 130 696 174
3638 85 785 130
3639 38 810 152
3640 32 813 155
3641 33 750 217
3642 24 656 320
3643 27 552 421
3644 29 404 567
3645 40 275 685
3646 65 175 760
3647 104 125 771
3648 174 83 743
3649 256 76 668
3650 357 88 555
3651 476 91 433
3652 554 120 326
3653 578 171 251
3654 514 247 239
3655 430 361 209
3656 295 487 218
3657 184 629 187
3658 120 728 152
3659 78 789 133
3660 53 802 145
3661 38 776 186
3662 30 715 255
3663 28 609 363
3664 32 485 483
3665 43 339 618
3666 54 229 717
3667 81 157 762
3668 131 117 752
3669 203 93 704
3670 306 82 612
3671 416 85 499
3672 527 99 374
3673 599 134 267
3674 603 172 225
3675 534 240 226
3676 431 349 220
3677 309 476 215
3678 189 609 202
3679 111 726 163
3680 61 790 149
3681 49 805 146
3682 30 779 191
3683 26 730 244
3684 23 625 352
3685 28 501 471
3686 40 363 597
3687 57 234 709
3688 89 153 758
3689 125 106 769
3690 184 96 720
3691 281 86 633
3692 388 94 518
3693 490 111 399
3694 547 147 306
3695 533 219 248
3696 461 314 225
3697 344 433 223
3698 253 560 187
3699 156 661 183
3700 93 750 157
3701 48 796 156
3702 35 805 160
3703 29 746 225
3704 24 657 319
3705 32 543 425
3706 36 408 556
3707 49 303 648
3708 66 201 733
3709 96 138 766
3710 163 99 738
3711 242 91 667
3712 344 101 555
3713 446 113 441
3714 503 146 351
3715 546 194 260
3716 522 253 225
3717 426 340 234
3718 304 475 221
3719 197 605 198
3720 127 702 171
3721 69 760 171
3722 56 785 159
3723 35 750 215
3724 31 712 257
3725 30 629 341
3726 33 495 472
3727 52 362 586
3728 65 246 689
3729 97 175 728
3730 148 118 734
3731 201 102 697
3732 272 87 641
3733 391 99 510
3734 482 114 404
3735 533 156 311
3736 501 221 278
3737 437 324 239
3738 326 445 229
3739 247 572 181
3740 154 666 180
3741 97 747 156
3742 67 789 144
3743 44 777 179
3744 36 735 229
3745 27 640 333
3746 33 528 439
3747 42 395 563
3748 59 292 649
3749 74 194 732
3750 114 137 749
3751 165 109 726
3752 271 100 629
3753 368 89 543
3754 478 104 418
3755 526 127 347
3756 528 182 290
3757 467 278 255
3758 369 396 235
3759 272 522 206
3760 180 628 192
3761 113 731 156
3762 69 783 148
3763 37 804 159
3764 26 781 193
3765 31 696 273
3766 24 573 403
3767 34 454 512
3768 35 338 627
3769 55 234 711
3770 73 162 765
3771 124 123 753
3772 219 95 686
3773 324 85 591
3774 409 103 488
3775 485 137 378
3776 529 177 294
3777 495 237 268
3778 403 343 254
3779 296 474 230
3780 193 609 198
3781 125 722 153
3782 98 772 130
3783 62 765 173
3784 47 761 192
3785 36 716 248
3786 36 621 343
3787 33 490 477
3788 34 358 608
3789 52 244 704
3790 90 176 734
3791 125 145 730
3792 172 114 714
3793 271 112 617
3794 389 108 503
3795 476 121 403
3796 524 166 310
3797 486 232 282
3798 408 338 254
3799 314 447 239
3800 214 572 214
3801 134 674 192
3802 84 758 158
3803 60 795 145
3804 41 774 185
3805 31 727 242
3806 27 631 342
3807 34 526 440
3808 47 394 559
3809 50 279 671
3810 67 192 741
3811 113 138 749
3812 178 113 709
3813 274 95 631
3814 363 95 542
3815 467 111 422
3816 526 139 335
3817 536 195 269
3818 483 272 245
3819 374 379 247
3820 281 513 206
3821 177 624 199
3822 106 728 166
3823 61 783 156
3824 41 800 159
3825 43 764 193
3826 39 685 276
3827 41 582 377
3828 38 446 516
3829 49 338 613
3830 72 223 705
3831 95 145 760
3832 146 105 749
3833 220 90 690
3834 304 95 601
3835 418 114 468
3836 472 136 392
3837 505 190 305
3838 480 272 248
3839 395 375 230
3840 286 500 214
3841 182 624 194
3842 113 723 164
3843 68 773 159
3844 50 796 154
3845 34 760 206
3846 28 694 278
3847 32 597 371
3848 35 468 497
3849 43 341 616
3850 63 234 703
3851 85 164 751
3852 140 119 741
3853 214 100 686
3854 301 92 607
3855 400 102 498
3856 497 132 371
3857 557 162 281
3858 523 209 268
3859 429 313 258
3860 320 452 228
3861 206 580 214
3862 141 702 157
3863 76 757 167
3864 47 792 161
3865 32 791 177
3866 31 759 210
3867 29 656 315
3868 36 519 445
3869 40 384 576
3870 52 258 690
3871 84 191 725
3872 112 124 764
3873 151 97 752
3874 248 90 662
3875 373 96 531
3876 483 108 409
3877 570 133 297
3878 555 172 273
3879 515 254 231
3880 435 361 204
3881 335 468 197
3882 213 575 212
3883 135 691 174
3884 78 757 165
3885 60 789 151
3886 50 768 182
3887 37 696 267
3888 37 602 361
3889 42 495 463
3890 48 383 569
3891 59 261 680
3892 83 184 733
3893 119 128 753
3894 197 113 690
3895 286 107 607
3896 357 112 531
3897 415 148 437
3898 475 202 323
3899 460 264 276
3900 425 356 219
3901 337 447 216
3902 234 550 216
3903 153 659 188
3904 101 735 164
3905 75 751 174
3906 53 723 224
3907 44 683 273
3908 31 600 369
3909 35 522 443
3910 39 415 546
3911 55 302 643
3912 94 210 696
3913 138 155 707
3914 186 139 675
3915 261 131 608
3916 324 139 537
3917 392 154 454
3918 456 193 351
3919 450 242 308
3920 389 340 271
3921 289 456 255
3922 213 572 215
3923 156 656 188
3924 110 705 185
3925 74 736 190
3926 51 733 216
3927 35 707 258
3928 30 625 345
3929 38 514 448
3930 50 390 560
3931 76 294 630
3932 95 219 686
3933 127 169 704
3934 174 140 686
3935 262 119 619
3936 358 113 529
3937 448 128 424
3938 480 162 358
3939 446 226 328
3940 401 335 264
3941 325 430 245
3942 243 535 222
3943 166 638 196
3944 109 721 170
3945 72 763 165
3946 58 766 176
3947 30 716 254
3948 33 635 332
3949 34 537 429
3950 40 431 529
3951 47 322 631
3952 63 232 705
3953 102 174 724
3954 167 132 701
3955 262 117 621
3956 339 103 558
3957 427 124 449
3958 478 142 380
3959 503 200 297
3960 468 265 267
3961 384 358 258
3962 284 484 232
3963 204 599 197
3964 133 693 174
3965 101 743 156
3966 61 757 182
3967 42 739 219
3968 35 693 272
3969 30 607 363
3970 31 486 483
3971 40 370 590
3972 65 267 668
3973 86 192 722
3974 137 157 706
3975 197 124 679
3976 276 110 614
3977 371 117 512
3978 442 143 415
3979 480 188 332
3980 465 253 282
3981 399 343 258
3982 314 444 242
3983 242 562 196
3984 169 648 183
3985 104 714 182
3986 70 753 177
3987 49 742 209
3988 42 698 260
3989 38 615 347
3990 42 518 440
3991 39 396 565
3992 59 313 628
3993 84 227 689
3994 123 163 714
3995 174 135 691
3996 253 128 619
3997 333 132 535
3998 421 149 430
3999 460 183 357
