p=3.0517578125e-05 p_inf=0.1 time series=0,1,9,17
Format is t, #suscepted, #infected, #recovered
0 998 1 1
1 996 2 2
2 994 4 2
3 992 6 2
4 988 8 4
5 983 12 5
6 976 17 7
7 975 24 1
8 969 24 7
9 963 29 8
10 961 33 6
11 959 33 8
12 956 33 11
13 952 32 16
14 947 31 22
15 945 29 26
16 945 31 24
17 942 26 32
18 942 25 33
19 941 25 34
20 941 26 33
21 944 27 29
22 950 25 25
23 949 21 30
24 951 20 29
25 952 23 25
26 950 23 27
27 948 25 27
28 947 26 27
29 948 26 26
30 949 27 24
31 947 30 23
32 946 33 21
33 948 31 21
34 948 29 23
35 947 27 26
36 946 27 27
37 944 28 28
38 939 29 32
39 934 31 35
40 932 33 35
41 934 37 29
42 935 37 28
43 934 38 28
44 931 39 30
45 932 41 27
46 932 39 29
47 933 37 30
48 933 34 33
49 935 30 35
50 935 28 37
51 936 27 37
52 936 25 39
53 938 23 39
54 939 23 38
55 945 24 31
56 947 21 32
57 946 23 31
58 944 26 30
59 945 29 26
60 948 30 22
61 942 29 29
62 941 35 24
63 942 35 23
64 938 37 25
65 936 39 25
66 930 38 32
67 932 41 27
68 930 38 32
69 930 41 29
70 931 35 34
71 929 34 37
72 927 34 39
73 927 34 39
74 929 35 36
75 924 30 46
76 927 38 35
77 930 32 38
78 933 35 32
79 932 33 35
80 934 34 32
81 932 32 36
82 936 33 31
83 934 34 32
84 937 28 35
85 934 31 35
86 936 31 33
87 933 31 36
88 933 33 34
89 935 35 30
90 932 32 36
91 939 34 27
92 936 33 31
93 938 33 29
94 936 31 33
95 933 33 34
96 929 34 37
97 931 36 33
98 932 37 31
99 932 34 34
100 935 35 30
101 937 32 31
102 934 32 34
103 937 33 30
104 939 29 32
105 939 25 36
106 941 24 35
107 937 25 38
108 940 28 32
109 940 28 32
110 941 28 31
111 945 26 29
112 949 26 25
113 945 26 29
114 945 31 24
115 944 30 26
116 945 28 27
117 946 27 27
118 949 26 25
119 948 25 27
120 946 26 28
121 938 28 34
122 933 31 36
123 932 37 31
124 922 40 38
125 916 51 33
126 913 58 29
127 904 62 34
128 899 70 31
129 901 73 26
130 896 68 36
131 891 67 42
132 886 69 45
133 882 63 55
134 878 60 62
135 878 60 62
136 873 52 75
137 875 54 71
138 874 57 69
139 871 59 70
140 870 60 70
141 864 67 69
142 860 76 64
143 861 80 59
144 861 87 52
145 858 85 57
146 856 85 59
147 850 85 65
148 848 90 62
149 847 85 68
150 846 77 77
151 841 74 85
152 844 72 84
153 844 71 85
154 846 71 83
155 849 69 82
156 854 61 85
157 860 61 79
158 860 63 77
159 858 66 76
160 855 70 75
161 851 74 75
162 855 78 67
163 859 76 65
164 858 80 62
165 859 81 60
166 859 78 63
167 858 75 67
168 857 72 71
169 856 69 75
170 854 66 80
171 848 70 82
172 845 72 83
173 841 74 85
174 840 81 79
175 844 85 71
176 851 84 65
177 852 80 68
178 849 82 69
179 851 81 68
180 851 77 72
181 843 75 82
182 839 76 85
183 834 76 90
184 831 82 87
185 827 89 84
186 829 91 80
187 821 90 89
188 817 102 81
189 819 108 73
190 815 105 80
191 804 109 87
192 787 114 99
193 780 124 96
194 776 129 95
195 773 134 93
196 767 125 108
197 765 125 110
198 768 130 102
199 767 123 110
200 767 119 114
201 763 109 128
202 756 108 136
203 766 110 124
204 764 109 127
205 763 111 126
206 763 107 130
207 768 114 118
208 772 113 115
209 773 119 108
210 768 119 113
211 754 122 124
212 745 137 118
213 751 144 105
214 742 142 116
215 727 144 129
216 713 160 127
217 718 168 114
218 713 163 124
219 699 165 136
220 696 164 140
221 684 160 156
222 671 174 155
223 672 185 143
224 672 168 160
225 665 160 175
226 666 172 162
227 672 169 159
228 675 164 161
229 662 165 173
230 647 164 189
231 656 168 176
232 670 176 154
233 660 170 170
234 656 168 176
235 659 175 166
236 654 177 169
237 656 181 163
238 659 180 161
239 655 173 172
240 651 169 180
241 657 179 164
242 646 175 179
243 641 179 180
244 635 182 183
245 638 184 178
246 643 182 175
247 638 184 178
248 622 193 185
249 619 199 182
250 608 206 186
251 593 213 194
252 587 225 188
253 585 229 186
254 580 233 187
255 567 236 197
256 560 240 200
257 546 241 213
258 547 248 205
259 544 240 216
260 543 231 226
261 533 228 239
262 528 234 238
263 527 236 237
264 521 233 246
265 515 238 247
266 513 237 250
267 511 247 242
268 507 258 235
269 499 265 236
270 486 267 247
271 483 278 239
272 467 284 249
273 468 295 237
274 461 295 244
275 450 292 258
276 441 292 267
277 425 294 281
278 429 308 263
279 423 293 284
280 422 293 285
281 427 283 290
282 440 278 282
283 449 268 283
284 455 259 286
285 462 251 287
286 468 230 302
287 477 239 284
288 493 230 277
289 484 224 292
290 482 238 280
291 483 250 267
292 486 258 256
293 493 263 244
294 481 277 242
295 485 280 235
296 484 285 231
297 465 292 243
298 445 297 258
299 444 305 251
300 442 298 260
301 436 295 269
302 440 287 273
303 435 280 285
304 436 280 284
305 449 272 279
306 455 254 291
307 460 240 300
308 455 242 303
309 461 250 289
310 469 252 279
311 473 251 276
312 467 247 286
313 475 261 264
314 485 271 244
315 480 275 245
316 466 278 256
317 444 284 272
318 445 304 251
319 438 304 258
320 424 315 261
321 406 315 279
322 407 323 270
323 401 318 281
324 410 321 269
325 401 306 293
326 393 295 312
327 380 303 317
328 384 305 311
329 380 301 319
330 382 297 321
331 377 300 323
332 367 302 331
333 381 327 292
334 368 324 308
335 376 329 295
336 382 319 299
337 378 317 305
338 358 325 317
339 355 342 303
340 342 343 315
341 339 331 330
342 336 337 327
343 343 335 322
344 337 338 325
345 354 346 300
346 347 321 332
347 352 311 337
348 370 305 325
349 371 299 330
350 379 292 329
351 377 286 337
352 369 285 346
353 374 285 341
354 396 305 299
355 407 293 300
356 411 288 301
357 415 290 295
358 424 293 283
359 420 290 290
360 422 295 283
361 403 293 304
362 403 292 305
363 394 304 302
364 396 318 286
365 396 314 290
366 401 311 288
367 393 309 298
368 401 312 287
369 407 306 287
370 394 301 305
371 390 302 308
372 398 292 310
373 396 288 316
374 394 293 313
375 399 297 304
376 404 289 307
377 402 290 308
378 392 297 311
379 385 306 309
380 378 323 299
381 373 334 293
382 363 334 303
383 359 340 301
384 349 352 299
385 356 361 283
386 355 347 298
387 351 339 310
388 346 326 328
389 365 320 315
390 355 301 344
391 358 305 337
392 362 290 348
393 374 277 349
394 391 279 330
395 423 270 307
396 427 251 322
397 437 253 310
398 438 262 300
399 448 257 295
400 459 262 279
401 457 264 279
402 458 264 278
403 459 272 269
404 451 290 259
405 433 296 271
406 437 305 258
407 436 306 258
408 440 302 258
409 443 296 261
410 438 293 269
411 420 290 290
412 426 290 284
413 429 278 293
414 445 266 289
415 440 249 311
416 435 258 307
417 440 269 291
418 443 267 290
419 449 267 284
420 456 261 283
421 455 266 279
422 450 279 271
423 432 301 267
424 420 310 270
425 411 311 278
426 403 322 275
427 418 330 252
428 411 321 268
429 399 323 278
430 392 322 286
431 386 307 307
432 383 304 313
433 375 306 319
434 377 303 320
435 374 293 333
436 372 305 323
437 377 305 318
438 390 301 309
439 399 303 298
440 400 297 303
441 396 294 310
442 413 301 286
443 387 294 319
444 387 308 305
445 393 308 299
446 379 306 315
447 373 318 309
448 382 330 288
449 382 324 294
450 390 317 293
451 372 316 312
452 378 320 302
453 387 314 299
454 389 307 304
455 383 293 324
456 389 287 324
457 382 287 331
458 371 301 328
459 381 313 306
460 374 299 327
461 366 312 322
462 376 327 297
463 389 331 280
464 388 324 288
465 371 325 304
466 362 328 310
467 374 325 301
468 364 327 309
469 359 324 317
470 356 314 330
471 363 313 324
472 360 313 327
473 379 315 306
474 384 293 323
475 397 291 312
476 405 276 319
477 416 271 313
478 407 270 323
479 399 280 321
480 400 288 312
481 416 285 299
482 406 291 303
483 403 303 294
484 411 321 268
485 405 318 277
486 401 325 274
487 402 319 279
488 419 310 271
489 412 296 292
490 413 297 290
491 398 284 318
492 389 281 330
493 379 293 328
494 384 296 320
495 395 297 308
496 394 295 311
497 387 310 303
498 394 316 290
499 404 322 274
500 387 315 298
501 390 320 290
502 392 314 294
503 387 311 302
504 359 318 323
505 357 331 312
506 350 327 323
507 347 328 325
508 351 338 311
509 336 329 335
510 334 350 316
511 329 355 316
512 326 353 321
513 325 343 332
514 326 348 326
515 323 346 331
516 341 339 320
517 352 330 318
518 353 298 349
519 349 292 359
520 372 298 330
521 372 285 343
522 382 280 338
523 397 272 331
524 404 264 332
525 420 266 314
526 420 282 298
527 411 288 301
528 393 291 316
529 388 322 290
530 379 332 289
531 358 349 293
532 361 378 261
533 349 373 278
534 347 369 284
535 347 365 288
536 303 362 335
537 291 375 334
538 277 377 346
539 255 374 371
540 240 367 393
541 240 387 373
542 242 391 367
543 244 393 363
544 252 394 354
545 256 373 371
546 270 367 363
547 281 356 363
548 263 352 385
549 244 350 406
550 242 365 393
551 237 365 398
552 262 369 369
553 265 365 370
554 265 368 367
555 263 379 358
556 273 385 342
557 252 377 371
558 241 383 376
559 235 394 371
560 235 396 369
561 227 400 373
562 206 405 389
563 214 415 371
564 230 401 369
565 237 393 370
566 233 380 387
567 223 373 404
568 221 381 398
569 220 379 401
570 216 375 409
571 227 369 404
572 204 372 424
573 220 403 377
574 218 400 382
575 219 409 372
576 212 400 388
577 219 409 372
578 230 406 364
579 227 401 372
580 209 401 390
581 220 388 392
582 223 380 397
583 238 368 394
584 247 362 391
585 262 344 394
586 278 332 390
587 285 321 394
588 303 314 383
589 309 309 382
590 327 311 362
591 333 305 362
592 346 305 349
593 346 310 344
594 340 322 338
595 340 339 321
596 338 346 316
597 317 353 330
598 305 372 323
599 304 390 306
600 288 391 321
601 275 402 323
602 263 403 334
603 254 398 348
604 248 400 352
605 248 399 353
606 242 380 378
607 251 368 381
608 244 358 398
609 248 354 398
610 263 349 388
611 266 339 395
612 276 334 390
613 283 325 392
614 290 337 373
615 291 342 367
616 296 351 353
617 293 350 357
618 276 358 366
619 270 385 345
620 263 396 341
621 256 412 332
622 257 407 336
623 238 401 361
624 246 411 343
625 239 404 357
626 230 403 367
627 235 385 380
628 240 369 391
629 252 348 400
630 262 341 397
631 265 337 398
632 281 324 395
633 284 315 401
634 307 313 380
635 307 308 385
636 312 324 364
637 306 340 354
638 299 353 348
639 296 364 340
640 279 380 341
641 278 406 316
642 264 409 327
643 245 428 327
644 236 431 333
645 239 424 337
646 236 408 356
647 235 400 365
648 213 385 402
649 223 381 396
650 218 368 414
651 226 354 420
652 233 343 424
653 258 343 399
654 254 334 412
655 270 346 384
656 286 345 369
657 298 333 369
658 308 334 358
659 305 338 357
660 309 352 339
661 290 348 362
662 273 376 351
663 252 381 367
664 244 403 353
665 227 423 350
666 227 439 334
667 225 435 340
668 230 423 347
669 226 422 352
670 242 398 360
671 256 377 367
672 268 341 391
673 268 309 423
674 289 293 418
675 312 276 412
676 314 265 421
677 332 264 404
678 357 270 373
679 374 266 360
680 397 285 318
681 420 294 286
682 428 287 285
683 433 296 271
684 435 302 263
685 425 301 274
686 415 305 280
687 411 319 270
688 398 304 298
689 397 308 295
690 384 316 300
691 388 320 292
692 393 310 297
693 401 306 293
694 398 294 308
695 411 283 306
696 424 285 291
697 429 268 303
698 434 255 311
699 450 246 304
700 457 240 303
701 468 237 295
702 485 238 277
703 480 232 288
704 486 235 279
705 490 246 264
706 492 255 253
707 491 262 247
708 490 269 241
709 485 273 242
710 476 277 247
711 479 292 229
712 469 286 245
713 459 285 256
714 456 286 258
715 435 282 283
716 423 296 281
717 411 304 285
718 402 312 286
719 404 306 290
720 408 310 282
721 405 307 288
722 413 309 278
723 418 305 277
724 416 286 298
725 414 280 306
726 423 274 303
727 425 271 304
728 418 265 317
729 423 275 302
730 421 268 311
731 424 274 302
732 433 290 277
733 442 287 271
734 440 284 276
735 428 289 283
736 429 307 264
737 440 296 264
738 434 292 274
739 422 292 286
740 417 288 295
741 418 296 286
742 402 298 300
743 400 309 291
744 408 293 299
745 396 296 308
746 388 312 300
747 385 320 295
748 393 327 280
749 392 311 297
750 379 310 311
751 407 312 281
752 410 300 290
753 404 294 302
754 398 284 318
755 396 282 322
756 399 277 324
757 400 290 310
758 413 290 297
759 394 275 331
760 389 306 305
761 397 317 286
762 396 319 285
763 401 322 277
764 381 322 297
765 380 329 291
766 393 330 277
767 359 332 309
768 352 335 313
769 351 331 318
770 362 330 308
771 361 316 323
772 372 317 311
773 381 299 320
774 376 289 335
775 398 292 310
776 401 267 332
777 404 268 328
778 415 266 319
779 426 269 305
780 444 257 299
781 447 257 296
782 460 264 276
783 487 248 265
784 491 246 263
785 500 241 259
786 488 234 278
787 485 243 272
788 477 258 265
789 473 266 261
790 484 263 253
791 474 268 258
792 472 280 248
793 463 287 250
794 461 303 236
795 461 296 243
796 463 281 256
797 457 271 272
798 450 280 270
799 444 282 274
800 441 276 283
801 432 272 296
802 437 265 298
803 425 267 308
804 414 294 292
805 412 315 273
806 396 308 296
807 396 322 282
808 389 328 283
809 392 339 269
810 379 343 278
811 367 354 279
812 356 339 305
813 360 329 311
814 358 332 310
815 345 320 335
816 329 327 344
817 322 332 346
818 316 335 349
819 339 330 331
820 361 322 317
821 361 310 329
822 384 307 309
823 389 296 315
824 386 284 330
825 387 282 331
826 406 278 316
827 415 264 321
828 424 263 313
829 430 266 304
830 430 263 307
831 446 274 280
832 461 270 269
833 457 257 286
834 456 265 279
835 453 280 267
836 447 284 269
837 447 287 266
838 428 290 282
839 419 298 283
840 427 311 262
841 431 316 253
842 428 304 268
843 427 292 281
844 418 289 293
845 415 295 290
846 415 295 290
847 402 287 311
848 396 287 317
849 398 288 314
850 404 298 298
851 398 304 298
852 384 313 303
853 380 321 299
854 394 325 281
855 401 319 280
856 405 312 283
857 386 307 307
858 376 316 308
859 361 320 319
860 359 326 315
861 357 320 323
862 347 318 335
863 352 334 314
864 350 336 314
865 348 343 309
866 339 336 325
867 337 341 322
868 340 337 323
869 336 340 324
870 318 346 336
871 312 348 340
872 311 352 337
873 328 346 326
874 316 336 348
875 325 343 332
876 325 338 337
877 320 335 345
878 327 334 339
879 314 325 361
880 306 334 360
881 316 348 336
882 322 348 330
883 328 335 337
884 331 334 335
885 325 334 341
886 325 341 334
887 325 350 325
888 309 341 350
889 296 343 361
890 310 356 334
891 303 355 342
892 290 363 347
893 278 376 346
894 279 381 340
895 287 371 342
896 303 372 325
897 300 354 346
898 305 344 351
899 297 340 363
900 294 340 366
901 293 330 377
902 298 326 376
903 293 331 376
904 307 335 358
905 312 339 349
906 308 344 348
907 317 352 331
908 336 343 321
909 353 334 313
910 353 321 326
911 357 316 327
912 363 308 329
913 348 298 354
914 336 308 356
915 331 312 357
916 329 326 345
917 336 337 327
918 322 343 335
919 311 362 327
920 315 381 304
921 321 387 292
922 336 371 293
923 332 352 316
924 322 342 336
925 319 341 340
926 319 338 343
927 318 319 363
928 319 301 380
929 340 294 366
930 348 289 363
931 364 300 336
932 371 294 335
933 364 288 348
934 383 298 319
935 404 298 298
936 409 295 296
937 411 297 292
938 409 300 291
939 406 291 303
940 413 300 287
941 415 299 286
942 410 287 303
943 402 292 306
944 393 303 304
945 376 310 314
946 369 324 307
947 352 340 308
948 334 348 318
949 332 367 301
950 339 381 280
951 333 369 298
952 324 364 312
953 323 366 311
954 314 353 333
955 321 346 333
956 320 331 349
957 319 313 368
958 319 300 381
959 331 312 357
960 330 305 365
961 342 304 354
962 353 305 342
963 356 301 343
964 375 313 312
965 373 312 315
966 360 327 313
967 351 328 321
968 350 344 306
969 351 346 303
970 349 344 307
971 337 350 313
972 336 350 314
973 341 352 307
974 349 332 319
975 336 323 341
976 340 320 340
977 340 314 346
978 329 316 355
979 341 321 338
980 341 309 350
981 348 307 345
982 346 320 334
983 350 331 319
984 347 330 323
985 340 339 321
986 333 344 323
987 325 346 329
988 312 366 322
989 291 381 328
990 289 389 322
991 291 380 329
992 276 379 345
993 271 385 344
994 276 385 339
995 278 378 344
996 277 356 367
997 288 342 370
998 301 323 376
999 305 319 376
1000 309 316 375
1001 313 306 381
1002 322 302 376
1003 342 300 358
1004 356 302 342
1005 368 302 330
1006 362 309 329
1007 371 319 310
1008 388 313 299
1009 394 306 300
1010 392 304 304
1011 383 308 309
1012 384 315 301
1013 379 314 307
1014 367 312 321
1015 377 314 309
1016 382 310 308
1017 386 312 302
1018 386 310 304
1019 381 306 313
1020 373 304 323
1021 373 313 314
1022 372 315 313
1023 376 314 310
1024 380 314 306
1025 367 308 325
1026 382 323 295
1027 391 312 297
1028 386 305 309
1029 391 301 308
1030 396 294 310
1031 382 290 328
1032 380 304 316
1033 367 312 321
1034 351 310 339
1035 354 337 309
1036 353 341 306
1037 359 346 295
1038 362 347 291
1039 346 348 306
1040 335 350 315
1041 335 353 312
1042 324 355 321
1043 311 339 350
1044 317 348 335
1045 310 337 353
1046 305 343 352
1047 312 347 341
1048 303 338 359
1049 312 344 344
1050 334 333 333
1051 333 327 340
1052 328 319 353
1053 316 335 349
1054 310 341 349
1055 313 343 344
1056 312 349 339
1057 318 344 338
1058 318 349 333
1059 328 355 317
1060 323 353 324
1061 314 342 344
1062 317 345 338
1063 317 340 343
1064 318 334 348
1065 312 338 350
1066 300 339 361
1067 301 345 354
1068 302 346 352
1069 300 356 344
1070 296 355 349
1071 285 364 351
1072 269 381 350
1073 267 393 340
1074 259 394 347
1075 253 396 351
1076 252 401 347
1077 253 392 355
1078 248 392 360
1079 240 388 372
1080 247 379 374
1081 255 360 385
1082 255 351 394
1083 249 349 402
1084 264 350 386
1085 279 344 377
1086 284 329 387
1087 298 328 374
1088 309 323 368
1089 317 331 352
1090 318 332 350
1091 301 333 366
1092 290 349 361
1093 295 366 339
1094 295 376 329
1095 313 377 310
1096 308 364 328
1097 315 361 324
1098 325 353 322
1099 338 342 320
1100 332 313 355
1101 330 302 368
1102 330 294 376
1103 336 293 371
1104 339 300 361
1105 345 300 355
1106 368 302 330
1107 387 290 323
1108 402 300 298
1109 413 296 291
1110 425 293 282
1111 412 282 306
1112 420 288 292
1113 407 280 313
1114 390 291 319
1115 370 320 310
1116 367 330 303
1117 358 337 305
1118 346 349 305
1119 335 372 293
1120 337 377 286
1121 321 383 296
1122 321 388 291
1123 329 359 312
1124 334 341 325
1125 328 329 343
1126 321 323 356
1127 330 307 363
1128 333 293 374
1129 346 284 370
1130 358 266 376
1131 360 283 357
1132 363 299 338
1133 363 308 329
1134 377 314 309
1135 384 316 300
1136 374 323 303
1137 383 342 275
1138 364 351 285
1139 354 353 293
1140 351 347 302
1141 347 341 312
1142 349 339 312
1143 335 335 330
1144 342 342 316
1145 345 316 339
1146 347 304 349
1147 365 300 335
1148 374 288 338
1149 385 285 330
1150 394 276 330
1151 402 271 327
1152 420 256 324
1153 422 264 314
1154 424 274 302
1155 421 276 303
1156 409 291 300
1157 417 306 277
1158 417 307 276
1159 419 312 269
1160 392 325 283
1161 369 344 287
1162 355 357 288
1163 332 369 299
1164 312 377 311
1165 307 382 311
1166 297 386 317
1167 286 391 323
1168 285 389 326
1169 292 371 337
1170 305 351 344
1171 335 326 339
1172 355 288 357
1173 366 263 371
1174 378 248 374
1175 390 231 379
1176 412 221 367
1177 419 217 364
1178 433 230 337
1179 445 241 314
1180 465 267 268
1181 464 272 264
1182 463 288 249
1183 451 306 243
1184 441 328 231
1185 437 342 221
1186 426 333 241
1187 404 333 263
1188 396 329 275
1189 390 332 278
1190 375 322 303
1191 367 319 314
1192 358 305 337
1193 359 300 341
1194 351 308 341
1195 354 316 330
1196 340 317 343
1197 341 328 331
1198 341 337 322
1199 352 340 308
1200 348 343 309
1201 343 352 305
1202 331 349 320
1203 326 353 321
1204 328 357 315
1205 311 344 345
1206 302 352 346
1207 298 358 344
1208 294 359 347
1209 286 354 360
1210 303 365 332
1211 302 344 354
1212 313 341 346
1213 311 343 346
1214 320 337 343
1215 328 322 350
1216 336 313 351
1217 342 310 348
1218 363 293 344
1219 379 293 328
1220 380 280 340
1221 396 277 327
1222 417 267 316
1223 433 261 306
1224 441 254 305
1225 458 249 293
1226 455 249 296
1227 454 252 294
1228 452 266 282
1229 446 271 283
1230 447 287 266
1231 452 292 256
1232 461 294 245
1233 468 290 242
1234 464 283 253
1235 454 284 262
1236 452 280 268
1237 439 277 284
1238 432 274 294
1239 414 276 310
1240 401 292 307
1241 378 309 313
1242 365 339 296
1243 357 351 292
1244 347 363 290
1245 345 376 279
1246 336 381 283
1247 335 388 277
1248 317 373 310
1249 302 374 324
1250 293 359 348
1251 277 356 367
1252 269 360 371
1253 275 355 370
1254 274 344 382
1255 294 338 368
1256 312 333 355
1257 329 314 357
1258 348 312 340
1259 369 296 335
1260 376 271 353
1261 387 269 344
1262 388 269 343
1263 379 274 347
1264 388 288 324
1265 387 298 315
1266 388 301 311
1267 408 316 276
1268 416 321 263
1269 414 315 271
1270 417 317 266
1271 408 309 283
1272 410 304 286
1273 405 292 303
1274 401 294 305
1275 388 283 329
1276 386 291 323
1277 396 299 305
1278 402 287 311
1279 409 289 302
1280 410 287 303
1281 420 298 282
1282 421 286 293
1283 417 296 287
1284 405 292 303
1285 395 296 309
1286 380 318 302
1287 359 331 310
1288 347 354 299
1289 340 355 305
1290 323 374 303
1291 321 381 298
1292 322 387 291
1293 307 382 311
1294 303 375 322
1295 297 366 337
1296 301 349 350
1297 296 344 360
1298 302 330 368
1299 306 317 377
1300 319 307 374
1301 335 299 366
1302 343 290 367
1303 359 291 350
1304 360 292 348
1305 371 296 333
1306 390 299 311
1307 389 293 318
1308 386 304 310
1309 387 315 298
1310 396 323 281
1311 396 313 291
1312 383 312 305
1313 386 321 293
1314 380 315 305
1315 387 327 286
1316 394 309 297
1317 407 291 302
1318 425 270 305
1319 433 262 305
1320 432 255 313
1321 435 247 318
1322 432 250 318
1323 436 241 323
1324 430 255 315
1325 429 279 292
1326 424 301 275
1327 426 314 260
1328 432 319 249
1329 415 321 264
1330 406 335 259
1331 379 353 268
1332 356 366 278
1333 336 365 299
1334 304 363 333
1335 308 382 310
1336 313 373 314
1337 323 366 311
1338 325 342 333
1339 321 322 357
1340 327 313 360
1341 331 308 361
1342 331 306 363
1343 333 287 380
1344 336 294 370
1345 342 298 360
1346 350 316 334
1347 362 328 310
1348 365 325 310
1349 356 327 317
1350 367 338 295
1351 349 346 305
1352 330 357 313
1353 313 372 315
1354 298 371 331
1355 300 374 326
1356 301 375 324
1357 300 372 328
1358 299 362 339
1359 292 355 353
1360 295 351 354
1361 307 333 360
1362 303 322 375
1363 291 323 386
1364 306 334 360
1365 322 322 356
1366 330 316 354
1367 328 315 357
1368 342 321 337
1369 344 325 331
1370 335 334 331
1371 341 342 317
1372 349 325 326
1373 348 329 323
1374 345 336 319
1375 354 340 306
1376 347 325 328
1377 341 328 331
1378 351 325 324
1379 359 307 334
1380 354 316 330
1381 342 317 341
1382 345 322 333
1383 351 315 334
1384 344 324 332
1385 337 328 335
1386 344 338 318
1387 333 349 318
1388 321 351 328
1389 319 362 319
1390 316 359 325
1391 296 369 335
1392 300 380 320
1393 302 372 326
1394 291 360 349
1395 289 360 351
1396 284 360 356
1397 291 354 355
1398 283 350 367
1399 294 348 358
1400 315 326 359
1401 322 313 365
1402 330 318 352
1403 325 310 365
1404 329 315 356
1405 339 317 344
1406 338 311 351
1407 343 314 343
1408 338 331 331
1409 318 349 333
1410 309 364 327
1411 315 381 304
1412 318 370 312
1413 313 365 322
1414 310 376 314
1415 307 376 317
1416 287 362 351
1417 296 364 340
1418 299 340 361
1419 307 320 373
1420 314 323 363
1421 302 321 377
1422 297 322 381
1423 308 327 365
1424 313 330 357
1425 316 323 361
1426 321 344 335
1427 322 359 319
1428 313 355 332
1429 318 366 316
1430 320 360 320
1431 308 353 339
1432 308 362 330
1433 302 369 329
1434 296 354 350
1435 306 345 349
1436 302 339 359
1437 298 332 370
1438 304 342 354
1439 303 343 354
1440 305 335 360
1441 311 326 363
1442 316 335 349
1443 311 339 350
1444 319 350 331
1445 303 349 348
1446 299 355 346
1447 303 358 339
1448 306 362 332
1449 295 368 337
1450 289 370 341
1451 277 372 351
1452 281 373 346
1453 283 370 347
1454 285 362 353
1455 275 357 368
1456 267 363 370
1457 278 365 357
1458 283 352 365
1459 289 345 366
1460 282 338 380
1461 291 348 361
1462 279 347 374
1463 268 364 368
1464 271 369 360
1465 276 364 360
1466 274 372 354
1467 267 381 352
1468 244 395 361
1469 237 408 355
1470 245 416 339
1471 254 391 355
1472 253 377 370
1473 241 383 376
1474 228 387 385
1475 222 391 387
1476 218 383 399
1477 217 374 409
1478 235 367 398
1479 244 374 382
1480 222 379 399
1481 216 395 389
1482 227 397 376
1483 232 382 386
1484 242 385 373
1485 244 384 372
1486 232 389 379
1487 230 394 376
1488 232 391 377
1489 222 373 405
1490 227 381 392
1491 213 391 396
1492 217 402 381
1493 213 399 388
1494 208 398 394
1495 212 398 390
1496 227 397 376
1497 243 400 357
1498 243 376 381
1499 253 366 381
1500 268 345 387
1501 277 333 390
1502 264 325 411
1503 252 338 410
1504 249 351 400
1505 260 351 389
1506 272 364 364
1507 292 362 346
1508 286 363 351
1509 298 381 321
1510 286 377 337
1511 278 376 346
1512 281 371 348
1513 265 368 367
1514 258 371 371
1515 250 380 370
1516 237 387 376
1517 227 382 391
1518 231 396 373
1519 247 393 360
1520 253 382 365
1521 259 379 362
1522 239 370 391
1523 229 381 390
1524 230 384 386
1525 225 388 387
1526 232 379 389
1527 231 375 394
1528 221 387 392
1529 233 400 367
1530 219 397 384
1531 208 400 392
1532 190 408 402
1533 196 422 382
1534 208 425 367
1535 199 417 384
1536 206 414 380
1537 203 394 403
1538 227 400 373
1539 242 373 385
1540 257 350 393
1541 267 321 412
1542 279 308 413
1543 292 304 404
1544 306 294 400
1545 302 300 398
1546 314 298 388
1547 336 313 351
1548 361 314 325
1549 359 318 323
1550 351 333 316
1551 351 345 304
1552 346 355 299
1553 338 354 308
1554 323 364 313
1555 310 364 326
1556 310 376 314
1557 308 372 320
1558 311 359 330
1559 313 344 343
1560 316 332 352
1561 314 330 356
1562 320 322 358
1563 311 316 373
1564 308 313 379
1565 308 320 372
1566 320 333 347
1567 326 336 338
1568 323 342 335
1569 341 347 312
1570 346 337 317
1571 352 338 310
1572 342 335 323
1573 345 338 317
1574 337 322 341
1575 331 327 342
1576 326 327 347
1577 334 327 339
1578 349 329 322
1579 352 313 335
1580 349 313 338
1581 371 313 316
1582 368 307 325
1583 379 305 316
1584 381 294 325
1585 366 292 342
1586 367 305 328
1587 361 320 319
1588 365 326 309
1589 347 322 331
1590 352 346 302
1591 352 343 305
1592 354 354 292
1593 340 354 306
1594 309 355 336
1595 312 371 317
1596 318 362 320
1597 293 360 347
1598 284 361 355
1599 263 373 364
1600 262 383 355
1601 272 384 344
1602 269 373 358
1603 277 360 363
1604 276 361 363
1605 281 364 355
1606 274 358 368
1607 265 353 382
1608 251 352 397
1609 269 365 366
1610 281 358 361
1611 272 359 369
1612 270 367 363
1613 282 366 352
1614 281 360 359
1615 283 366 351
1616 275 365 360
1617 262 360 378
1618 253 380 367
1619 242 388 370
1620 233 391 376
1621 228 401 371
1622 227 412 361
1623 215 407 378
1624 228 420 352
1625 234 412 354
1626 236 386 378
1627 249 376 375
1628 250 360 390
1629 232 349 419
1630 237 356 407
1631 240 356 404
1632 245 340 415
1633 248 343 409
1634 257 366 377
1635 259 367 374
1636 268 381 351
1637 264 383 353
1638 258 380 362
1639 266 386 348
1640 267 394 339
1641 231 390 379
1642 231 403 366
1643 206 402 392
1644 198 413 389
1645 210 419 371
1646 222 410 368
1647 228 392 380
1648 233 378 389
1649 245 377 378
1650 244 352 404
1651 256 354 390
1652 253 331 416
1653 261 328 411
1654 268 329 403
1655 282 340 378
1656 273 340 387
1657 287 350 363
1658 278 361 361
1659 295 368 337
1660 291 374 335
1661 279 381 340
1662 265 392 343
1663 257 395 348
1664 232 403 365
1665 221 418 361
1666 215 418 367
1667 197 417 386
1668 206 429 365
1669 215 413 372
1670 235 393 372
1671 228 370 402
1672 230 369 401
1673 238 352 410
1674 253 344 403
1675 256 330 414
1676 267 315 418
1677 279 320 401
1678 283 328 389
1679 278 347 375
1680 287 353 360
1681 301 361 338
1682 309 355 336
1683 315 361 324
1684 306 370 324
1685 289 374 337
1686 264 383 353
1687 261 389 350
1688 259 386 355
1689 253 380 367
1690 248 392 360
1691 246 391 363
1692 256 384 360
1693 254 370 376
1694 245 363 392
1695 248 366 386
1696 257 366 377
1697 261 363 376
1698 269 347 384
1699 276 340 384
1700 285 340 375
1701 303 345 352
1702 302 334 364
1703 298 332 370
1704 304 336 360
1705 301 333 366
1706 281 352 367
1707 262 379 359
1708 241 398 361
1709 236 414 350
1710 243 430 327
1711 252 425 323
1712 260 412 328
1713 240 407 353
1714 238 408 354
1715 232 383 385
1716 225 370 405
1717 213 361 426
1718 229 357 414
1719 252 346 402
1720 246 336 418
1721 256 347 397
1722 279 336 385
1723 301 338 361
1724 313 329 358
1725 315 326 359
1726 321 328 351
1727 323 333 344
1728 308 341 351
1729 311 345 344
1730 299 353 348
1731 303 363 334
1732 297 368 335
1733 302 377 321
1734 300 370 330
1735 286 367 347
1736 295 373 332
1737 291 360 349
1738 276 356 368
1739 270 361 369
1740 277 362 361
1741 289 346 365
1742 287 341 372
1743 281 346 373
1744 294 346 360
1745 302 346 352
1746 312 342 346
1747 303 327 370
1748 299 335 366
1749 294 355 351
1750 285 365 350
1751 272 369 359
1752 263 382 355
1753 271 391 338
1754 266 387 347
1755 263 407 330
1756 251 402 347
1757 240 394 366
1758 222 395 383
1759 204 409 387
1760 201 414 385
1761 200 408 392
1762 190 413 397
1763 183 403 414
1764 201 415 384
1765 206 405 389
1766 211 399 390
1767 225 380 395
1768 234 361 405
1769 232 358 410
1770 244 355 401
1771 236 353 411
1772 238 349 413
1773 238 357 405
1774 257 363 380
1775 270 363 367
1776 257 369 374
1777 254 385 361
1778 255 391 354
1779 253 392 355
1780 228 398 374
1781 228 415 357
1782 227 409 364
1783 226 410 364
1784 227 405 368
1785 211 388 401
1786 215 398 387
1787 218 393 389
1788 225 384 391
1789 232 360 408
1790 225 359 416
1791 226 365 409
1792 230 369 401
1793 227 382 391
1794 227 375 398
1795 250 380 370
1796 263 366 371
1797 261 377 362
1798 245 380 375
1799 230 390 380
1800 231 401 368
1801 240 387 373
1802 230 385 385
1803 235 390 375
1804 228 399 373
1805 227 395 378
1806 234 393 373
1807 233 376 391
1808 236 366 398
1809 226 377 397
1810 217 389 394
1811 208 393 399
1812 219 393 388
1813 217 386 397
1814 237 390 373
1815 261 387 352
1816 250 373 377
1817 264 373 363
1818 276 347 377
1819 282 331 387
1820 287 325 388
1821 284 327 389
1822 283 326 391
1823 284 330 386
1824 286 343 371
1825 302 341 357
1826 309 351 340
1827 321 360 319
1828 316 354 330
1829 322 357 321
1830 305 352 343
1831 291 365 344
1832 291 366 343
1833 267 368 365
1834 265 382 353
1835 269 375 356
1836 269 377 354
1837 261 374 365
1838 256 387 357
1839 267 379 354
1840 265 367 368
1841 259 367 374
1842 262 359 379
1843 255 363 382
1844 255 368 377
1845 247 371 382
1846 259 366 375
1847 267 362 371
1848 255 366 379
1849 263 378 359
1850 246 378 376
1851 229 391 380
1852 213 403 384
1853 227 416 357
1854 219 407 374
1855 222 419 359
1856 219 412 369
1857 215 403 382
1858 222 407 371
1859 222 387 391
1860 228 375 397
1861 248 356 396
1862 245 345 410
1863 242 336 422
1864 248 346 406
1865 248 349 403
1866 258 345 397
1867 245 355 400
1868 241 380 379
1869 228 403 369
1870 231 427 342
1871 213 433 354
1872 209 441 350
1873 217 442 341
1874 214 438 348
1875 218 431 351
1876 210 402 388
1877 194 387 419
1878 210 379 411
1879 217 357 426
1880 221 342 437
1881 234 337 429
1882 250 328 422
1883 266 319 415
1884 279 332 389
1885 292 334 374
1886 296 329 375
1887 294 347 359
1888 300 364 336
1889 287 363 350
1890 277 385 338
1891 260 404 336
1892 245 408 347
1893 231 421 348
1894 212 440 348
1895 208 441 351
1896 210 428 362
1897 202 427 371
1898 192 413 395
1899 194 404 402
1900 200 398 402
1901 211 379 410
1902 226 349 425
1903 249 333 418
1904 251 323 426
1905 268 322 410
1906 270 319 411
1907 265 326 409
1908 273 337 390
1909 273 348 379
1910 272 378 350
1911 262 395 343
1912 263 415 322
1913 254 415 331
1914 258 427 315
1915 268 416 316
1916 265 395 340
1917 246 387 367
1918 234 376 390
1919 225 371 404
1920 237 360 403
1921 229 348 423
1922 253 344 403
1923 271 331 398
1924 278 334 388
1925 296 335 369
1926 306 328 366
1927 306 323 371
1928 313 334 353
1929 322 339 339
1930 312 334 354
1931 310 357 333
1932 315 356 329
1933 317 350 333
1934 315 355 330
1935 314 362 324
1936 307 352 341
1937 313 354 333
1938 309 353 338
1939 324 334 342
1940 331 320 349
1941 318 319 363
1942 316 327 357
1943 331 322 347
1944 328 317 355
1945 320 318 362
1946 323 327 350
1947 322 343 335
1948 312 358 330
1949 301 369 330
1950 296 372 332
1951 283 382 335
1952 290 400 310
1953 279 392 329
1954 259 394 347
1955 254 398 348
1956 247 388 365
1957 264 384 352
1958 262 364 374
1959 251 356 393
1960 253 349 398
1961 267 355 378
1962 281 339 380
1963 279 321 400
1964 277 333 390
1965 286 339 375
1966 291 350 359
1967 308 353 339
1968 291 343 366
1969 298 354 348
1970 312 363 325
1971 300 367 333
1972 306 367 327
1973 300 355 345
1974 303 350 347
1975 311 344 345
1976 302 346 352
1977 290 344 366
1978 276 347 377
1979 274 357 369
1980 266 359 375
1981 262 379 359
1982 257 388 355
1983 251 399 350
1984 260 403 337
1985 277 396 327
1986 278 376 346
1987 279 365 356
1988 290 362 348
1989 298 331 371
1990 288 314 398
1991 284 313 403
1992 294 313 393
1993 305 310 385
1994 308 319 373
1995 310 327 363
1996 328 328 344
1997 330 341 329
1998 330 356 314
1999 334 357 309
2000 324 353 323
2001 296 366 338
2002 278 385 337
2003 268 395 337
2004 240 404 356
2005 234 419 347
2006 245 410 345
2007 241 398 361
2008 240 406 354
2009 240 394 366
2010 247 375 378
2011 245 358 397
2012 252 351 397
2013 274 329 397
2014 299 316 385
2015 301 303 396
2016 310 293 397
2017 332 296 372
2018 349 293 358
2019 355 293 352
2020 366 294 340
2021 359 305 336
2022 350 325 325
2023 354 347 299
2024 348 353 299
2025 339 356 305
2026 336 368 296
2027 333 371 296
2028 314 373 313
2029 297 381 322
2030 290 378 332
2031 293 363 344
2032 311 354 335
2033 313 333 354
2034 315 319 366
2035 328 314 358
2036 350 299 351
2037 361 269 370
2038 371 261 368
2039 369 266 365
2040 365 277 358
2041 382 302 316
2042 377 299 324
2043 384 309 307
2044 397 317 286
2045 400 334 266
2046 399 339 262
2047 402 335 263
2048 394 321 285
2049 387 304 309
2050 385 314 301
2051 372 306 322
2052 363 311 326
2053 366 303 331
2054 376 295 329
2055 391 289 320
2056 407 288 305
2057 403 289 308
2058 407 283 310
2059 419 287 294
2060 428 270 302
2061 430 269 301
2062 425 275 300
2063 417 286 297
2064 405 295 300
2065 399 306 295
2066 388 318 294
2067 395 325 280
2068 385 335 280
2069 375 346 279
2070 364 350 286
2071 362 350 288
2072 355 343 302
2073 341 339 320
2074 334 341 325
2075 318 341 341
2076 294 347 359
2077 296 360 344
2078 297 354 349
2079 307 353 340
2080 325 350 325
2081 334 336 330
2082 340 325 335
2083 338 319 343
2084 340 315 345
2085 331 300 369
2086 341 315 344
2087 333 306 361
2088 342 317 341
2089 347 322 331
2090 362 328 310
2091 368 319 313
2092 386 317 297
2093 391 314 295
2094 393 294 313
2095 380 301 319
2096 371 303 326
2097 352 307 341
2098 350 320 330
2099 342 331 327
2100 332 341 327
2101 337 354 309
2102 320 369 311
2103 306 379 315
2104 283 391 326
2105 282 410 308
2106 266 398 336
2107 262 403 335
2108 252 397 351
2109 246 394 360
2110 231 385 384
2111 237 390 373
2112 239 372 389
2113 267 351 382
2114 287 335 378
2115 301 310 389
2116 318 302 380
2117 332 288 380
2118 339 283 378
2119 353 271 376
2120 374 275 351
2121 366 275 359
2122 375 299 326
2123 376 315 309
2124 371 322 307
2125 361 341 298
2126 367 356 277
2127 351 362 287
2128 334 374 292
2129 312 391 297
2130 296 389 315
2131 291 389 320
2132 280 387 333
2133 276 379 345
2134 275 368 357
2135 285 363 352
2136 280 341 379
2137 286 329 385
2138 285 325 390
2139 288 326 386
2140 301 325 374
2141 303 320 377
2142 310 329 361
2143 302 327 371
2144 304 357 339
2145 302 367 331
2146 287 373 340
2147 273 387 340
2148 270 402 328
2149 260 410 330
2150 250 411 339
2151 229 423 348
2152 215 414 371
2153 209 418 373
2154 204 418 378
2155 196 409 395
2156 199 402 399
2157 218 391 391
2158 218 371 411
2159 247 359 394
2160 265 339 396
2161 278 317 405
2162 292 304 404
2163 315 299 386
2164 314 283 403
2165 313 295 392
2166 323 316 361
2167 333 318 349
2168 328 328 344
2169 333 355 312
2170 319 363 318
2171 313 382 305
2172 302 404 294
2173 282 403 315
2174 270 402 328
2175 261 412 327
2176 248 411 341
2177 245 397 358
2178 238 392 370
2179 228 380 392
2180 228 368 404
2181 239 369 392
2182 238 359 403
2183 233 350 417
2184 240 356 404
2185 235 363 402
2186 254 373 373
2187 261 366 373
2188 261 371 368
2189 254 370 376
2190 262 387 351
2191 252 388 360
2192 254 392 354
2193 245 383 372
2194 249 382 369
2195 249 385 366
2196 248 380 372
2197 252 382 366
2198 253 361 386
2199 261 359 380
2200 260 347 393
2201 265 357 378
2202 266 353 381
2203 270 349 381
2204 276 350 374
2205 298 342 360
2206 303 341 356
2207 313 338 349
2208 310 340 350
2209 318 333 349
2210 321 329 350
2211 312 330 358
2212 320 338 342
2213 310 338 352
2214 310 349 341
2215 305 352 343
2216 314 355 331
2217 318 353 329
2218 322 353 325
2219 320 348 332
2220 324 342 334
2221 310 338 352
2222 310 341 349
2223 314 338 348
2224 319 331 350
2225 319 328 353
2226 312 328 360
2227 319 340 341
2228 308 339 353
2229 299 354 347
2230 294 360 346
2231 293 368 339
2232 286 376 338
2233 286 386 328
2234 280 386 334
2235 281 380 339
2236 274 380 346
2237 278 372 350
2238 277 362 361
2239 277 355 368
2240 272 347 381
2241 271 342 387
2242 279 343 378
2243 281 341 378
2244 297 339 364
2245 305 331 364
2246 310 333 357
2247 311 335 354
2248 322 342 336
2249 324 336 340
2250 329 333 338
2251 326 330 344
2252 318 335 347
2253 316 351 333
2254 302 351 347
2255 290 363 347
2256 293 368 339
2257 295 371 334
2258 296 372 332
2259 297 374 329
2260 295 368 337
2261 299 354 347
2262 298 350 352
2263 309 339 352
2264 301 323 376
2265 298 328 374
2266 297 330 373
2267 305 329 366
2268 317 327 356
2269 329 329 342
2270 343 321 336
2271 350 318 332
2272 344 327 329
2273 332 328 340
2274 324 338 338
2275 320 347 333
2276 313 353 334
2277 300 358 342
2278 298 379 323
2279 285 384 331
2280 296 388 316
2281 289 376 335
2282 278 373 349
2283 263 375 362
2284 260 384 356
2285 251 382 367
2286 252 370 378
2287 264 364 372
2288 287 348 365
2289 303 337 360
2290 312 324 364
2291 317 313 370
2292 316 299 385
2293 335 302 363
2294 337 295 368
2295 342 299 359
2296 336 310 354
2297 336 327 337
2298 343 340 317
2299 344 344 312
2300 333 357 310
2301 319 365 316
2302 314 386 300
2303 297 387 316
2304 270 393 337
2305 256 403 341
2306 259 404 337
2307 264 397 339
2308 266 379 355
2309 256 369 375
2310 261 358 381
2311 274 352 374
2312 277 333 390
2313 300 320 380
2314 301 296 403
2315 316 302 382
2316 324 305 371
2317 335 307 358
2318 341 307 352
2319 344 307 349
2320 349 323 328
2321 356 331 313
2322 348 348 304
2323 344 350 306
2324 345 351 304
2325 349 348 303
2326 340 344 316
2327 320 353 327
2328 315 357 328
2329 290 354 356
2330 284 362 354
2331 277 366 357
2332 275 372 353
2333 278 377 345
2334 279 378 343
2335 286 368 346
2336 293 357 350
2337 306 353 341
2338 309 332 359
2339 308 325 367
2340 316 320 364
2341 323 307 370
2342 331 299 370
2343 341 301 358
2344 337 302 361
2345 356 310 334
2346 365 312 323
2347 367 310 323
2348 376 313 311
2349 374 317 309
2350 365 327 308
2351 371 334 295
2352 372 327 301
2353 361 318 321
2354 350 327 323
2355 349 340 311
2356 335 338 327
2357 311 348 341
2358 306 362 332
2359 295 360 345
2360 301 378 321
2361 289 381 330
2362 280 384 336
2363 276 380 344
2364 279 386 335
2365 284 373 343
2366 291 354 355
2367 280 349 371
2368 278 342 380
2369 288 341 371
2370 290 328 382
2371 276 330 394
2372 286 338 376
2373 309 341 350
2374 314 337 349
2375 321 337 342
2376 329 337 334
2377 323 330 347
2378 318 349 333
2379 310 352 338
2380 310 352 338
2381 300 349 351
2382 279 363 358
2383 265 384 351
2384 266 398 336
2385 263 404 333
2386 272 388 340
2387 288 376 336
2388 293 360 347
2389 299 358 343
2390 289 338 373
2391 286 327 387
2392 286 316 398
2393 300 310 390
2394 311 312 377
2395 317 313 370
2396 305 323 372
2397 315 337 348
2398 330 347 323
2399 339 343 318
2400 340 345 315
2401 320 350 330
2402 306 368 326
2403 301 381 318
2404 282 376 342
2405 264 381 355
2406 261 389 350
2407 270 396 334
2408 259 385 356
2409 251 391 358
2410 247 381 372
2411 247 372 381
2412 256 377 367
2413 255 363 382
2414 265 356 379
2415 274 339 387
2416 272 341 387
2417 291 337 372
2418 294 328 378
2419 299 334 367
2420 310 324 366
2421 311 327 362
2422 322 333 345
2423 311 339 350
2424 312 348 340
2425 316 351 333
2426 320 356 324
2427 329 346 325
2428 321 347 332
2429 322 352 326
2430 321 345 334
2431 316 340 344
2432 315 336 349
2433 306 334 360
2434 315 338 347
2435 314 339 347
2436 313 339 348
2437 311 335 354
2438 307 344 349
2439 315 353 332
2440 317 349 334
2441 321 349 330
2442 319 341 340
2443 309 342 349
2444 305 352 343
2445 297 360 343
2446 286 359 355
2447 270 361 369
2448 263 381 356
2449 263 388 349
2450 260 396 344
2451 254 398 348
2452 257 394 349
2453 260 383 357
2454 255 381 364
2455 248 384 368
2456 251 371 378
2457 242 361 397
2458 243 362 395
2459 235 359 406
2460 236 371 393
2461 231 381 388
2462 239 388 373
2463 247 377 376
2464 251 382 367
2465 245 388 367
2466 248 393 359
2467 253 393 354
2468 253 376 371
2469 260 366 374
2470 269 352 379
2471 284 354 362
2472 284 334 382
2473 294 328 378
2474 297 313 390
2475 313 310 377
2476 322 311 367
2477 340 312 348
2478 334 308 358
2479 334 312 354
2480 325 332 343
2481 327 347 326
2482 326 360 314
2483 316 364 320
2484 306 373 321
2485 300 382 318
2486 301 392 307
2487 287 387 326
2488 272 381 347
2489 252 381 367
2490 237 388 375
2491 242 399 359
2492 246 385 369
2493 244 372 384
2494 251 364 385
2495 260 362 378
2496 267 359 374
2497 273 352 375
2498 276 339 385
2499 270 325 405
2500 271 345 384
2501 262 357 381
2502 264 374 362
2503 252 374 374
2504 270 389 341
2505 288 378 334
2506 295 373 332
2507 287 380 333
2508 272 368 360
2509 261 371 368
2510 239 365 396
2511 233 387 380
2512 231 378 391
2513 231 391 378
2514 221 396 383
2515 229 399 372
2516 235 403 362
2517 254 394 352
2518 244 381 375
2519 252 369 379
2520 241 370 389
2521 238 368 394
2522 242 366 392
2523 242 359 399
2524 245 355 400
2525 243 361 396
2526 257 376 367
2527 265 374 361
2528 271 365 364
2529 281 361 358
2530 294 353 353
2531 300 347 353
2532 308 345 347
2533 294 331 375
2534 293 330 377
2535 299 333 368
2536 312 336 352
2537 318 327 355
2538 312 329 359
2539 314 341 345
2540 316 341 343
2541 327 353 320
2542 333 343 324
2543 333 334 333
2544 333 331 336
2545 328 340 332
2546 326 343 331
2547 331 333 336
2548 337 328 335
2549 343 310 347
2550 355 314 331
2551 351 311 338
2552 336 318 346
2553 335 324 341
2554 344 322 334
2555 341 323 336
2556 349 331 320
2557 337 341 322
2558 333 349 318
2559 330 356 314
2560 333 352 315
2561 318 343 339
2562 311 360 329
2563 308 366 326
2564 299 361 340
2565 302 360 338
2566 299 349 352
2567 318 345 337
2568 323 330 347
2569 313 334 353
2570 308 327 365
2571 299 326 375
2572 284 340 376
2573 285 356 359
2574 283 366 351
2575 285 372 343
2576 273 385 342
2577 269 393 338
2578 268 404 328
2579 261 406 333
2580 259 399 342
2581 252 385 363
2582 248 382 370
2583 234 380 386
2584 235 381 384
2585 241 372 387
2586 240 355 405
2587 243 354 403
2588 252 358 390
2589 255 363 382
2590 251 363 386
2591 235 369 396
2592 238 384 378
2593 250 390 360
2594 252 395 353
2595 245 394 361
2596 224 397 379
2597 231 413 356
2598 228 406 366
2599 229 403 368
2600 232 387 381
2601 234 378 388
2602 232 371 397
2603 249 374 377
2604 247 354 399
2605 259 340 401
2606 265 335 400
2607 269 332 399
2608 270 344 386
2609 265 352 383
2610 279 364 357
2611 287 347 366
2612 299 359 342
2613 293 361 346
2614 301 372 327
2615 305 367 328
2616 308 351 341
2617 308 340 352
2618 311 328 361
2619 303 342 355
2620 307 338 355
2621 297 332 371
2622 302 331 367
2623 326 331 343
2624 338 323 339
2625 355 322 323
2626 346 317 337
2627 355 312 333
2628 368 307 325
2629 371 300 329
2630 367 298 335
2631 356 302 342
2632 348 321 331
2633 336 330 334
2634 328 347 325
2635 329 360 311
2636 334 364 302
2637 332 366 302
2638 335 370 295
2639 317 363 320
2640 315 362 323
2641 318 355 327
2642 321 335 344
2643 327 319 354
2644 337 309 354
2645 345 297 358
2646 354 285 361
2647 365 283 352
2648 376 273 351
2649 389 269 342
2650 392 276 332
2651 392 289 319
2652 381 299 320
2653 379 322 299
2654 355 336 309
2655 364 362 274
2656 363 363 274
2657 342 368 290
2658 344 382 274
2659 337 367 296
2660 314 364 322
2661 323 364 313
2662 323 341 336
2663 333 315 352
2664 335 304 361
2665 336 297 367
2666 342 282 376
2667 347 291 362
2668 348 289 363
2669 364 288 348
2670 374 295 331
2671 368 311 321
2672 364 328 308
2673 365 339 296
2674 357 353 290
2675 348 352 300
2676 352 363 285
2677 329 360 311
2678 325 376 299
2679 308 364 328
2680 298 364 338
2681 294 363 343
2682 297 353 350
2683 292 351 357
2684 300 345 355
2685 293 340 367
2686 309 331 360
2687 308 327 365
2688 319 328 353
2689 319 318 363
2690 312 328 360
2691 314 337 349
2692 307 341 352
2693 306 353 341
2694 288 363 349
2695 282 385 333
2696 276 390 334
2697 272 406 322
2698 261 400 339
2699 254 402 344
2700 243 405 352
2701 233 404 363
2702 221 404 375
2703 217 394 389
2704 203 393 404
2705 214 391 395
2706 225 386 389
2707 237 373 390
2708 250 358 392
2709 266 346 388
2710 279 330 391
2711 277 327 396
2712 288 330 382
2713 293 321 386
2714 298 321 381
2715 298 329 373
2716 307 344 349
2717 319 347 334
2718 323 351 326
2719 324 350 326
2720 323 346 331
2721 310 356 334
2722 307 369 324
2723 297 364 339
2724 287 359 354
2725 274 366 360
2726 275 375 350
2727 284 375 341
2728 273 370 357
2729 259 371 370
2730 250 372 378
2731 251 386 363
2732 249 390 361
2733 255 385 360
2734 257 370 373
2735 260 368 372
2736 267 370 363
2737 283 362 355
2738 272 345 383
2739 272 342 386
2740 274 338 388
2741 279 341 380
2742 270 351 379
2743 272 362 366
2744 277 358 365
2745 277 361 362
2746 293 378 329
2747 292 365 343
2748 281 370 349
2749 260 378 362
2750 262 389 349
2751 259 376 365
2752 258 383 359
2753 242 381 377
2754 250 380 370
2755 247 385 368
2756 242 383 375
2757 245 380 375
2758 247 366 387
2759 238 377 385
2760 245 379 376
2761 252 374 374
2762 249 368 383
2763 254 366 380
2764 268 363 369
2765 267 352 381
2766 267 367 366
2767 281 356 363
2768 289 340 371
2769 297 337 366
2770 297 335 368
2771 298 337 365
2772 315 339 346
2773 325 333 342
2774 323 308 369
2775 318 321 361
2776 306 342 352
2777 314 357 329
2778 307 351 342
2779 304 356 340
2780 302 357 341
2781 315 365 320
2782 319 377 304
2783 323 360 317
2784 302 335 363
2785 318 341 341
2786 321 331 348
2787 329 323 348
2788 315 314 371
2789 295 320 385
2790 301 328 371
2791 310 339 351
2792 317 355 328
2793 313 342 345
2794 317 356 327
2795 320 360 320
2796 313 366 321
2797 292 367 341
2798 275 380 345
2799 262 386 352
2800 268 383 349
2801 256 390 354
2802 261 388 351
2803 259 379 362
2804 269 375 356
2805 280 364 356
2806 278 340 382
2807 285 336 379
2808 281 332 387
2809 276 329 395
2810 280 336 384
2811 281 341 378
2812 288 344 368
2813 309 348 343
2814 328 351 321
2815 333 336 331
2816 342 335 323
2817 333 329 338
2818 322 331 347
2819 318 337 345
2820 309 338 353
2821 305 343 352
2822 314 344 342
2823 310 350 340
2824 324 355 321
2825 336 347 317
2826 338 333 329
2827 337 325 338
2828 338 325 337
2829 343 319 338
2830 327 313 360
2831 328 323 349
2832 329 317 354
2833 331 324 345
2834 333 336 331
2835 334 342 324
2836 336 341 323
2837 338 345 317
2838 342 349 309
2839 343 335 322
2840 335 340 325
2841 329 341 330
2842 323 335 342
2843 331 335 334
2844 336 328 336
2845 331 319 350
2846 345 320 335
2847 337 320 343
2848 347 323 330
2849 357 312 331
2850 372 308 320
2851 378 293 329
2852 382 294 324
2853 382 299 319
2854 366 298 336
2855 365 314 321
2856 356 312 332
2857 364 332 304
2858 353 328 319
2859 334 354 312
2860 337 372 291
2861 337 364 299
2862 334 365 301
2863 340 352 308
2864 331 348 321
2865 322 337 341
2866 311 350 339
2867 304 335 361
2868 301 324 375
2869 293 335 372
2870 311 342 347
2871 322 337 341
2872 339 330 331
2873 329 324 347
2874 335 321 344
2875 348 330 322
2876 330 328 342
2877 328 335 337
2878 310 330 360
2879 298 353 349
2880 287 372 341
2881 291 389 320
2882 281 388 331
2883 282 389 329
2884 285 390 325
2885 288 380 332
2886 275 382 343
2887 266 372 362
2888 251 362 387
2889 263 360 377
2890 275 349 376
2891 269 336 395
2892 274 341 385
2893 268 346 386
2894 270 350 380
2895 282 358 360
2896 282 356 362
2897 276 358 366
2898 273 375 352
2899 257 391 352
2900 248 402 350
2901 252 406 342
2902 252 398 350
2903 260 390 350
2904 269 384 347
2905 258 373 369
2906 265 367 368
2907 270 344 386
2908 273 328 399
2909 282 321 397
2910 292 320 388
2911 288 318 394
2912 287 328 385
2913 275 340 385
2914 279 358 363
2915 292 377 331
2916 277 380 343
2917 248 402 350
2918 241 432 327
2919 239 441 320
2920 228 433 339
2921 230 432 338
2922 223 412 365
2923 225 400 375
2924 234 395 371
2925 234 364 402
2926 243 334 423
2927 250 316 434
2928 268 317 415
2929 287 300 413
2930 306 301 393
2931 302 294 404
2932 323 303 374
2933 340 313 347
2934 340 326 334
2935 321 344 335
2936 326 362 312
2937 310 374 316
2938 312 389 299
2939 300 394 306
2940 288 397 315
2941 290 399 311
2942 283 384 333
2943 272 373 355
2944 256 366 378
2945 248 370 382
2946 230 363 407
2947 236 376 388
2948 235 367 398
2949 253 366 381
2950 265 363 372
2951 275 362 363
2952 272 359 369
2953 279 358 363
2954 256 358 386
2955 265 368 367
2956 268 368 364
2957 261 366 373
2958 258 376 366
2959 256 380 364
2960 258 385 357
2961 257 384 359
2962 265 385 350
2963 265 367 368
2964 266 367 367
2965 256 368 376
2966 260 368 372
2967 270 360 370
2968 284 345 371
2969 293 332 375
2970 309 322 369
2971 317 324 359
2972 318 316 366
2973 329 314 357
2974 338 303 359
2975 352 302 346
2976 356 303 341
2977 363 312 325
2978 369 315 316
2979 380 307 313
2980 394 304 302
2981 401 292 307
2982 383 296 321
2983 382 315 303
2984 372 315 313
2985 372 316 312
2986 378 313 309
2987 375 315 310
2988 388 321 291
2989 388 320 292
2990 387 316 297
2991 386 298 316
2992 384 299 317
2993 383 300 317
2994 376 304 320
2995 363 309 328
2996 349 316 335
2997 342 331 327
2998 350 342 308
2999 334 352 314
3000 337 367 296
3001 335 363 302
3002 328 361 311
3003 327 363 310
3004 319 357 324
3005 302 350 348
3006 307 356 337
3007 305 341 354
3008 316 328 356
3009 327 321 352
3010 334 312 354
3011 337 303 360
3012 348 306 346
3013 350 302 348
3014 357 294 349
3015 357 302 341
3016 354 315 331
3017 354 325 321
3018 345 334 321
3019 334 352 314
3020 325 360 315
3021 331 373 296
3022 307 375 318
3023 293 391 316
3024 275 392 333
3025 262 400 338
3026 257 404 339
3027 260 391 349
3028 246 380 374
3029 248 381 371
3030 251 377 372
3031 252 358 390
3032 247 356 397
3033 245 353 402
3034 248 351 401
3035 260 361 379
3036 260 360 380
3037 265 359 376
3038 273 358 369
3039 280 369 351
3040 281 364 355
3041 270 366 364
3042 255 379 366
3043 252 384 364
3044 254 388 358
3045 250 387 363
3046 234 392 374
3047 243 397 360
3048 247 393 360
3049 249 387 364
3050 259 372 369
3051 256 357 387
3052 270 356 374
3053 263 343 394
3054 268 345 387
3055 266 335 399
3056 269 341 390
3057 282 344 374
3058 292 346 362
3059 285 351 364
3060 281 359 360
3061 284 376 340
3062 286 371 343
3063 279 379 342
3064 274 380 346
3065 271 382 347
3066 270 383 347
3067 268 379 353
3068 266 373 361
3069 277 358 365
3070 288 352 360
3071 287 333 380
3072 293 333 374
3073 294 325 381
3074 297 323 380
3075 312 324 364
3076 311 315 374
3077 308 331 361
3078 315 340 345
3079 314 352 334
3080 325 353 322
3081 333 350 317
3082 331 344 325
3083 328 345 327
3084 320 357 323
3085 312 349 339
3086 293 348 359
3087 295 355 350
3088 292 352 356
3089 286 358 356
3090 291 370 339
3091 284 364 352
3092 289 359 352
3093 288 362 350
3094 282 364 354
3095 283 363 354
3096 276 365 359
3097 271 366 363
3098 265 359 376
3099 269 371 360
3100 261 372 367
3101 262 377 361
3102 276 374 350
3103 272 361 367
3104 270 363 367
3105 270 364 366
3106 271 371 358
3107 267 358 375
3108 269 361 370
3109 274 354 372
3110 283 352 365
3111 290 356 354
3112 292 347 361
3113 292 344 364
3114 292 337 371
3115 287 350 363
3116 292 352 356
3117 290 354 356
3118 290 358 352
3119 297 354 349
3120 302 356 342
3121 304 354 342
3122 292 359 349
3123 289 358 353
3124 291 359 350
3125 291 355 354
3126 285 351 364
3127 284 361 355
3128 285 360 355
3129 281 361 358
3130 290 360 350
3131 292 352 356
3132 285 349 366
3133 290 360 350
3134 282 359 359
3135 291 357 352
3136 289 349 362
3137 283 350 367
3138 299 357 344
3139 309 349 342
3140 306 342 352
3141 291 334 375
3142 295 350 355
3143 294 348 358
3144 283 357 360
3145 278 367 355
3146 265 365 370
3147 267 386 347
3148 275 391 334
3149 276 391 333
3150 267 374 359
3151 251 385 364
3152 246 392 362
3153 257 387 356
3154 245 378 377
3155 243 369 388
3156 242 366 392
3157 257 367 376
3158 262 369 369
3159 272 353 375
3160 281 336 383
3161 294 332 374
3162 309 328 363
3163 302 322 376
3164 304 332 364
3165 302 329 369
3166 311 329 360
3167 319 336 345
3168 309 345 346
3169 304 359 337
3170 290 368 342
3171 283 388 329
3172 284 385 331
3173 269 387 344
3174 265 402 333
3175 244 399 357
3176 238 411 351
3177 236 403 361
3178 221 396 383
3179 228 391 381
3180 230 387 383
3181 235 383 382
3182 237 363 400
3183 234 364 402
3184 255 355 390
3185 259 342 399
3186 283 345 372
3187 295 326 379
3188 298 318 384
3189 309 319 372
3190 302 328 370
3191 301 334 365
3192 305 344 351
3193 302 353 345
3194 306 353 341
3195 295 368 337
3196 292 387 321
3197 277 389 334
3198 290 395 315
3199 278 376 346
3200 265 378 357
3201 257 382 361
3202 245 390 365
3203 239 387 374
3204 238 374 388
3205 237 373 390
3206 241 368 391
3207 255 383 362
3208 264 367 369
3209 263 354 383
3210 268 347 385
3211 279 345 376
3212 277 347 376
3213 280 350 370
3214 268 352 380
3215 280 349 371
3216 290 353 357
3217 293 356 351
3218 292 360 348
3219 277 363 360
3220 265 376 359
3221 257 385 358
3222 258 391 351
3223 255 393 352
3224 257 392 351
3225 259 387 354
3226 260 381 359
3227 264 377 359
3228 267 360 373
3229 266 348 386
3230 248 343 409
3231 246 359 395
3232 235 362 403
3233 239 378 383
3234 248 380 372
3235 271 375 354
3236 285 369 346
3237 295 367 338
3238 282 362 356
3239 282 359 359
3240 272 356 372
3241 272 350 378
3242 263 348 389
3243 260 362 378
3244 261 371 368
3245 268 372 360
3246 280 370 350
3247 293 361 346
3248 306 351 343
3249 306 344 350
3250 304 346 350
3251 297 334 369
3252 282 332 386
3253 286 346 368
3254 301 344 355
3255 303 338 359
3256 295 346 359
3257 281 361 358
3258 286 373 341
3259 283 380 337
3260 274 385 341
3261 250 380 370
3262 259 406 335
3263 242 403 355
3264 234 412 354
3265 231 405 364
3266 224 396 380
3267 215 396 389
3268 226 400 374
3269 219 394 387
3270 210 375 415
3271 205 387 408
3272 225 383 392
3273 231 370 399
3274 233 373 394
3275 225 371 404
3276 241 375 384
3277 259 365 376
3278 265 366 369
3279 283 348 369
3280 271 334 395
3281 265 359 376
3282 268 362 370
3283 282 361 357
3284 277 343 380
3285 278 358 364
3286 279 356 365
3287 291 373 336
3288 281 375 344
3289 296 360 344
3290 309 342 349
3291 320 330 350
3292 304 337 359
3293 311 338 351
3294 301 333 366
3295 282 326 392
3296 284 343 373
3297 284 356 360
3298 278 374 348
3299 261 392 347
3300 277 402 321
3301 270 385 345
3302 266 397 337
3303 264 408 328
3304 266 393 341
3305 266 378 356
3306 258 360 382
3307 261 350 389
3308 271 337 392
3309 277 344 379
3310 281 326 393
3311 300 311 389
3312 318 307 375
3313 335 304 361
3314 347 305 348
3315 357 303 340
3316 358 306 336
3317 375 298 327
3318 386 299 315
3319 387 303 310
3320 378 306 316
3321 364 318 318
3322 358 331 311
3323 344 339 317
3324 342 350 308
3325 332 360 308
3326 333 369 298
3327 325 364 311
3328 317 369 314
3329 312 365 323
3330 315 357 328
3331 320 346 334
3332 321 330 349
3333 313 319 368
3334 323 318 359
3335 327 313 360
3336 340 304 356
3337 346 295 359
3338 342 297 361
3339 347 312 341
3340 333 323 344
3341 328 348 324
3342 319 354 327
3343 301 368 331
3344 304 395 301
3345 287 401 312
3346 278 416 306
3347 273 410 317
3348 248 404 348
3349 255 404 341
3350 239 391 370
3351 223 393 384
3352 218 382 400
3353 221 381 398
3354 224 363 413
3355 236 366 398
3356 244 360 396
3357 249 352 399
3358 251 360 389
3359 276 356 368
3360 275 342 383
3361 295 344 361
3362 293 342 365
3363 290 341 369
3364 301 350 349
3365 295 347 358
3366 296 345 359
3367 297 348 355
3368 285 361 354
3369 272 371 357
3370 276 386 338
3371 272 383 345
3372 281 378 341
3373 285 372 343
3374 290 370 340
3375 286 362 352
3376 289 353 358
3377 278 340 382
3378 286 336 378
3379 291 331 378
3380 302 331 367
3381 311 326 363
3382 303 319 378
3383 313 335 352
3384 324 334 342
3385 343 336 321
3386 343 321 336
3387 352 326 322
3388 355 317 328
3389 362 319 319
3390 357 319 324
3391 346 308 346
3392 347 320 333
3393 350 317 333
3394 352 329 319
3395 347 322 331
3396 342 336 322
3397 338 339 323
3398 359 343 298
3399 350 333 317
3400 349 330 321
3401 341 334 325
3402 332 330 338
3403 320 346 334
3404 317 344 339
3405 311 344 345
3406 315 346 339
3407 321 352 327
3408 318 349 333
3409 330 348 322
3410 322 340 338
3411 339 332 329
3412 349 317 334
3413 349 307 344
3414 347 305 348
3415 353 301 346
3416 356 298 346
3417 354 296 350
3418 365 306 329
3419 377 303 320
3420 367 306 327
3421 360 326 314
3422 344 335 321
3423 341 355 304
3424 338 361 301
3425 324 366 310
3426 320 370 310
3427 305 377 318
3428 296 389 315
3429 285 378 337
3430 287 380 333
3431 294 358 348
3432 310 345 345
3433 316 324 360
3434 324 314 362
3435 318 299 383
3436 336 293 371
3437 343 286 371
3438 356 277 367
3439 360 286 354
3440 349 295 356
3441 353 327 320
3442 359 333 308
3443 359 342 299
3444 356 348 296
3445 367 358 275
3446 355 356 289
3447 334 359 307
3448 308 371 321
3449 295 365 340
3450 277 372 351
3451 270 381 349
3452 262 382 356
3453 255 380 365
3454 253 389 358
3455 248 388 364
3456 265 381 354
3457 275 370 355
3458 278 353 369
3459 261 341 398
3460 253 357 390
3461 242 367 391
3462 245 369 386
3463 263 367 370
3464 267 356 377
3465 267 363 370
3466 261 380 359
3467 255 398 347
3468 238 388 374
3469 239 395 366
3470 245 392 363
3471 247 388 365
3472 243 397 360
3473 233 394 373
3474 233 387 380
3475 253 369 378
3476 263 359 378
3477 264 342 394
3478 258 344 398
3479 242 354 404
3480 244 361 395
3481 257 362 381
3482 271 356 373
3483 285 360 355
3484 299 356 345
3485 308 359 333
3486 302 348 350
3487 292 344 364
3488 279 347 374
3489 276 359 365
3490 260 368 372
3491 254 380 366
3492 249 390 361
3493 252 392 356
3494 246 400 354
3495 253 410 337
3496 249 400 351
3497 246 392 362
3498 245 386 369
3499 235 375 390
3500 222 375 403
3501 211 386 403
3502 212 389 399
3503 218 378 404
3504 234 382 384
3505 239 374 387
3506 256 375 369
3507 257 369 374
3508 256 368 376
3509 239 358 403
3510 252 372 376
3511 245 370 385
3512 242 373 385
3513 244 384 372
3514 245 381 374
3515 246 386 368
3516 250 386 364
3517 259 392 349
3518 263 369 368
3519 264 367 369
3520 266 363 371
3521 250 350 400
3522 239 369 392
3523 238 375 387
3524 244 376 380
3525 263 364 373
3526 262 368 370
3527 269 371 360
3528 275 368 357
3529 268 375 357
3530 261 363 376
3531 252 364 384
3532 247 372 381
3533 236 389 375
3534 220 396 384
3535 230 409 361
3536 217 402 381
3537 233 408 359
3538 232 404 364
3539 220 404 376
3540 196 408 396
3541 200 415 385
3542 200 404 396
3543 205 391 404
3544 207 393 400
3545 219 385 396
3546 228 377 395
3547 254 368 378
3548 265 338 397
3549 272 320 408
3550 281 324 395
3551 276 328 396
3552 287 331 382
3553 277 328 395
3554 278 346 376
3555 285 354 361
3556 303 377 320
3557 288 377 335
3558 292 388 320
3559 284 380 336
3560 280 385 335
3561 258 392 350
3562 258 396 346
3563 247 388 365
3564 252 376 372
3565 256 371 373
3566 258 356 386
3567 248 362 390
3568 240 367 393
3569 246 368 386
3570 241 358 401
3571 257 371 372
3572 253 367 380
3573 265 376 359
3574 258 379 363
3575 252 380 368
3576 247 381 372
3577 252 385 363
3578 227 390 383
3579 223 402 375
3580 222 410 368
3581 208 402 390
3582 211 413 376
3583 236 409 355
3584 233 383 384
3585 238 382 380
3586 249 372 379
3587 247 349 404
3588 267 343 390
3589 255 331 414
3590 265 332 403
3591 273 326 401
3592 281 344 375
3593 293 337 370
3594 313 335 352
3595 312 338 350
3596 304 345 351
3597 308 365 327
3598 305 360 335
3599 291 369 340
3600 296 365 339
3601 283 367 350
3602 285 382 333
3603 269 377 354
3604 248 386 366
3605 261 387 352
3606 248 379 373
3607 250 383 367
3608 250 385 365
3609 237 383 380
3610 244 381 375
3611 237 379 384
3612 245 377 378
3613 253 368 379
3614 262 368 370
3615 270 355 375
3616 279 345 376
3617 285 338 377
3618 272 334 394
3619 287 349 364
3620 299 336 365
3621 294 333 373
3622 299 338 363
3623 288 346 366
3624 280 367 353
3625 278 382 340
3626 277 388 335
3627 291 374 335
3628 283 373 344
3629 281 384 335
3630 264 381 355
3631 242 390 368
3632 251 391 358
3633 254 367 379
3634 272 358 370
3635 266 354 380
3636 260 361 379
3637 257 356 387
3638 248 362 390
3639 251 362 387
3640 254 358 388
3641 261 379 360
3642 257 381 362
3643 242 389 369
3644 249 397 354
3645 243 395 362
3646 255 395 350
3647 272 383 345
3648 246 370 384
3649 244 375 381
3650 235 375 390
3651 227 376 397
3652 220 376 404
3653 218 385 397
3654 226 387 387
3655 240 391 369
3656 235 390 375
3657 242 390 368
3658 243 383 374
3659 246 381 373
3660 245 378 377
3661 250 370 380
3662 243 363 394
3663 244 366 390
3664 251 366 383
3665 247 359 394
3666 250 370 380
3667 258 369 373
3668 256 364 380
3669 264 374 362
3670 268 373 359
3671 264 366 370
3672 282 370 348
3673 276 359 365
3674 285 354 361
3675 293 346 361
3676 303 343 354
3677 313 323 364
3678 324 314 362
3679 328 310 362
3680 340 302 358
3681 350 301 349
3682 348 296 356
3683 355 306 339
3684 360 302 338
3685 358 317 325
3686 359 328 313
3687 355 331 314
3688 346 343 311
3689 347 353 300
3690 341 357 302
3691 346 353 301
3692 342 352 306
3693 336 341 323
3694 327 336 337
3695 331 342 327
3696 326 326 348
3697 331 321 348
3698 344 312 344
3699 339 303 358
3700 357 309 334
3701 357 302 341
3702 361 307 332
3703 372 297 331
3704 379 302 319
3705 374 300 326
3706 384 314 302
3707 374 313 313
3708 376 317 307
3709 375 322 303
3710 391 318 291
3711 384 312 304
3712 375 314 311
3713 360 325 315
3714 354 326 320
3715 355 333 312
3716 345 328 327
3717 355 333 312
3718 347 327 326
3719 340 341 319
3720 337 346 317
3721 346 338 316
3722 344 328 328
3723 350 323 327
3724 343 322 335
3725 349 324 327
3726 342 324 334
3727 349 317 334
3728 369 305 326
3729 373 293 334
3730 374 299 327
3731 371 303 326
3732 367 307 326
3733 350 309 341
3734 351 326 323
3735 353 332 315
3736 346 342 312
3737 331 361 308
3738 319 370 311
3739 313 378 309
3740 309 380 311
3741 301 382 317
3742 289 373 338
3743 278 379 343
3744 265 380 355
3745 259 374 367
3746 254 371 375
3747 265 368 367
3748 268 355 377
3749 277 350 373
3750 283 350 367
3751 287 338 375
3752 300 333 367
3753 312 326 362
3754 308 317 375
3755 306 324 370
3756 303 339 358
3757 298 347 355
3758 294 352 354
3759 301 368 331
3760 304 366 330
3761 311 370 319
3762 314 372 314
3763 302 362 336
3764 304 359 337
3765 298 349 353
3766 293 350 357
3767 289 339 372
3768 279 345 376
3769 273 351 376
3770 273 355 372
3771 271 365 364
3772 278 370 352
3773 282 373 345
3774 280 368 352
3775 272 381 347
3776 273 383 344
3777 278 376 346
3778 274 367 359
3779 284 361 355
3780 290 346 364
3781 306 337 357
3782 313 326 361
3783 310 306 384
3784 325 307 368
3785 329 299 372
3786 336 304 360
3787 334 303 363
3788 341 320 339
3789 349 322 329
3790 363 325 312
3791 358 331 311
3792 363 335 302
3793 366 338 296
3794 361 330 309
3795 351 336 313
3796 341 329 330
3797 328 337 335
3798 319 347 334
3799 319 350 331
3800 321 346 333
3801 326 341 333
3802 318 344 338
3803 330 346 324
3804 316 341 343
3805 306 347 347
3806 297 347 356
3807 300 353 347
3808 277 354 369
3809 272 382 346
3810 275 384 341
3811 276 379 345
3812 272 383 345
3813 276 381 343
3814 290 377 333
3815 302 357 341
3816 296 344 360
3817 291 322 387
3818 298 325 377
3819 308 323 369
3820 326 309 365
3821 349 293 358
3822 374 274 352
3823 381 269 350
3824 399 275 326
3825 409 279 312
3826 416 266 318
3827 419 261 320
3828 423 272 305
3829 420 284 296
3830 403 306 291
3831 389 328 283
3832 381 336 283
3833 391 340 269
3834 402 343 255
3835 393 337 270
3836 394 335 271
3837 384 322 294
3838 376 310 314
3839 378 296 326
3840 372 286 342
3841 365 288 347
3842 365 292 343
3843 366 298 336
3844 368 299 333
3845 375 310 315
3846 369 315 316
3847 369 335 296
3848 352 345 303
3849 333 360 307
3850 317 375 308
3851 299 385 316
3852 267 402 331
3853 247 423 330
3854 232 438 330
3855 226 433 341
3856 237 429 334
3857 232 403 365
3858 245 393 362
3859 245 370 385
3860 248 353 399
3861 259 329 412
3862 271 303 426
3863 294 296 410
3864 319 277 404
3865 328 278 394
3866 332 279 389
3867 345 298 357
3868 365 302 333
3869 371 306 323
3870 362 326 312
3871 357 342 301
3872 347 366 287
3873 324 375 301
3874 284 397 319
3875 270 418 312
3876 256 428 316
3877 243 438 319
3878 243 431 326
3879 235 415 350
3880 234 399 367
3881 239 391 370
3882 259 364 377
3883 263 323 414
3884 265 309 426
3885 284 297 419
3886 311 285 404
3887 320 274 406
3888 328 281 391
3889 353 281 366
3890 380 283 337
3891 383 297 320
3892 389 308 303
3893 389 314 297
3894 393 326 281
3895 377 333 290
3896 372 342 286
3897 368 347 285
3898 345 349 306
3899 349 358 293
3900 345 343 312
3901 328 341 331
3902 313 346 341
3903 305 354 341
3904 303 353 344
3905 308 350 342
3906 309 343 348
3907 319 333 348
3908 335 338 327
3909 341 324 335
3910 335 313 352
3911 340 311 349
3912 345 307 348
3913 349 305 346
3914 344 308 348
3915 337 323 340
3916 328 325 347
3917 330 348 322
3918 332 357 311
3919 339 357 304
3920 328 354 318
3921 327 367 306
3922 303 365 332
3923 282 374 344
3924 269 393 338
3925 265 383 352
3926 257 378 365
3927 261 386 353
3928 265 385 350
3929 265 368 367
3930 278 370 352
3931 281 348 371
3932 293 326 381
3933 296 324 380
3934 292 326 382
3935 291 322 387
3936 303 324 373
3937 300 329 371
3938 319 330 351
3939 340 333 327
3940 338 334 328
3941 326 338 336
3942 334 348 318
3943 303 344 353
3944 279 373 348
3945 272 392 336
3946 268 398 334
3947 276 399 325
3948 277 390 333
3949 278 385 337
3950 284 374 342
3951 292 372 336
3952 291 335 374
3953 301 317 382
3954 311 301 388
3955 320 290 390
3956 331 290 379
3957 347 284 369
3958 350 279 371
3959 366 278 356
3960 383 299 318
3961 392 300 308
3962 387 307 306
3963 368 323 309
3964 372 342 286
3965 363 344 293
3966 361 358 281
3967 341 361 298
3968 327 360 313
3969 301 373 326
3970 286 392 322
3971 280 391 329
3972 269 378 353
3973 268 387 345
3974 280 374 346
3975 288 359 353
3976 285 352 363
3977 290 342 368
3978 316 318 366
3979 332 293 375
3980 337 290 373
3981 348 276 376
3982 359 278 363
3983 376 282 342
3984 390 272 338
3985 416 268 316
3986 419 266 315
3987 413 288 299
3988 416 297 287
3989 412 308 280
3990 391 310 299
3991 391 327 282
3992 385 337 278
3993 372 347 281
3994 359 362 279
3995 365 353 282
3996 357 338 305
3997 364 335 301
3998 360 326 314
3999 354 313 333
