p=1 p_inf=0.1 time series=0,1,9,17
Format is t, #suscepted, #infected, #recovered
0 999 1 0
1 999 1 0
2 999 1 0
3 996 1 3
4 994 4 2
5 986 6 8
6 970 14 16
7 950 30 20
8 910 49 41
9 842 89 69
10 737 157 106
11 582 262 156
12 404 414 182
13 237 590 173
14 129 749 122
15 78 841 81
16 47 873 80
17 25 864 111
18 18 818 164
19 17 720 263
20 16 569 415
21 22 394 584
22 36 229 735
23 51 123 826
24 87 76 837
25 150 49 801
26 250 32 718
27 400 30 570
28 563 31 406
29 703 43 254
30 777 68 155
31 758 100 142
32 693 166 141
33 576 258 166
34 407 392 201
35 262 563 175
36 148 707 145
37 77 809 114
38 43 855 102
39 28 857 115
40 20 806 174
41 20 722 258
42 19 588 393
43 22 418 560
44 34 271 695
45 55 157 788
46 87 90 823
47 154 56 790
48 242 40 718
49 372 36 592
50 526 40 434
51 641 56 303
52 700 88 212
53 673 143 184
54 590 237 173
55 438 354 208
56 280 522 198
57 168 684 148
58 96 792 112
59 51 848 101
60 30 861 109
61 22 827 151
62 16 741 243
63 15 630 355
64 20 463 517
65 24 296 680
66 43 184 773
67 71 109 820
68 118 68 814
69 208 55 737
70 315 51 634
71 465 55 480
72 605 72 323
73 651 99 250
74 628 165 207
75 539 263 198
76 404 393 203
77 239 541 220
78 142 710 148
79 83 803 114
80 53 845 102
81 37 848 115
82 25 798 177
83 21 712 267
84 27 586 387
85 29 432 539
86 38 261 701
87 54 159 787
88 80 101 819
89 143 72 785
90 235 59 706
91 362 53 585
92 487 52 461
93 625 81 294
94 655 114 231
95 605 186 209
96 502 294 204
97 378 426 196
98 263 563 174
99 168 684 148
100 99 780 121
101 62 820 118
102 43 824 133
103 35 771 194
104 24 671 305
105 23 550 427
106 30 414 556
107 35 286 679
108 64 185 751
109 100 116 784
110 165 76 759
111 265 64 671
112 385 64 551
113 502 65 433
114 590 84 326
115 626 124 250
116 593 189 218
117 485 291 224
118 348 439 213
119 208 588 204
120 124 728 148
121 69 811 120
122 41 847 112
123 31 835 134
124 23 780 197
125 20 686 294
126 20 541 439
127 27 392 581
128 37 245 718
129 62 152 786
130 101 91 808
131 168 64 768
132 268 52 680
133 404 46 550
134 540 55 405
135 651 68 281
136 688 104 208
137 650 160 190
138 531 259 210
139 381 405 214
140 241 567 192
141 142 713 145
142 101 803 96
143 62 831 107
144 41 834 125
145 30 799 171
146 23 711 266
147 17 572 411
148 19 416 565
149 33 268 699
150 53 164 783
151 87 116 797
152 145 79 776
153 241 56 703
154 373 48 579
155 513 55 432
156 629 71 300
157 659 103 238
158 608 177 215
159 521 276 203
160 394 400 206
161 265 550 185
162 164 687 149
163 92 781 127
164 55 837 108
165 31 842 127
166 14 792 194
167 15 710 275
168 14 585 401
169 19 436 545
170 32 294 674
171 51 187 762
172 81 112 807
173 147 77 776
174 235 61 704
175 351 55 594
176 470 64 466
177 565 94 341
178 598 141 261
179 565 215 220
180 436 323 241
181 320 487 193
182 209 619 172
183 115 736 149
184 72 821 107
185 46 834 120
186 34 813 153
187 20 751 229
188 17 657 326
189 22 496 482
190 31 359 610
191 39 233 728
192 67 140 793
193 105 99 796
194 168 82 750
195 268 81 651
196 407 75 518
197 508 97 395
198 565 133 302
199 562 202 236
200 473 298 229
201 343 428 229
202 242 575 183
203 164 677 159
204 100 761 139
205 58 803 139
206 41 809 150
207 37 757 206
208 31 665 304
209 28 541 431
210 33 397 570
211 41 290 669
212 66 198 736
213 96 131 773
214 163 95 742
215 252 80 668
216 366 83 551
217 485 93 422
218 544 118 338
219 555 166 279
220 510 247 243
221 420 359 221
222 305 485 210
223 203 615 182
224 117 714 169
225 77 790 133
226 55 805 140
227 36 779 185
228 26 717 257
229 31 615 354
230 23 484 493
231 39 362 599
232 55 247 698
233 84 155 761
234 133 111 756
235 205 88 707
236 299 78 623
237 412 86 502
238 502 104 394
239 544 136 320
240 547 209 244
241 452 298 250
242 339 437 224
243 237 573 190
244 155 685 160
245 84 759 157
246 69 812 119
247 33 795 172
248 29 758 213
249 26 673 301
250 26 537 437
251 36 401 563
252 54 279 667
253 72 187 741
254 108 116 776
255 163 97 740
256 250 79 671
257 377 77 546
258 494 86 420
259 572 105 323
260 584 149 267
261 554 229 217
262 430 330 240
263 321 473 206
264 198 600 202
265 120 725 155
266 78 794 128
267 52 817 131
268 37 799 164
269 27 734 239
270 28 643 329
271 44 499 457
272 39 356 605
273 49 236 715
274 61 157 782
275 101 122 777
276 176 100 724
277 266 90 644
278 388 91 521
279 473 113 414
280 534 171 295
281 504 230 266
282 422 339 239
283 321 456 223
284 228 579 193
285 133 682 185
286 85 776 139
287 39 802 159
288 34 790 176
289 29 736 235
290 33 632 335
291 27 511 462
292 30 394 576
293 39 288 673
294 59 185 756
295 110 139 751
296 164 100 736
297 259 100 641
298 359 109 532
299 436 130 434
300 478 170 352
301 492 234 274
302 425 323 252
303 332 436 232
304 225 568 207
305 148 675 177
306 102 743 155
307 66 768 166
308 52 764 184
309 35 714 251
310 35 642 323
311 33 529 438
312 44 399 557
313 61 281 658
314 84 196 720
315 127 148 725
316 185 109 706
317 263 101 636
318 368 95 537
319 466 103 431
320 540 135 325
321 535 179 286
322 465 269 266
323 384 387 229
324 275 507 218
325 192 624 184
326 116 713 171
327 71 781 148
328 49 794 157
329 34 772 194
330 35 697 268
331 35 578 387
332 42 458 500
333 55 334 611
334 63 232 705
335 94 156 750
336 130 112 758
337 210 98 692
338 305 93 602
339 393 117 490
340 471 149 380
341 488 195 317
342 451 280 269
343 380 393 227
344 278 508 214
345 192 624 184
346 123 715 162
347 77 760 163
348 49 774 177
349 42 756 202
350 37 678 285
351 40 570 390
352 45 452 503
353 57 331 612
354 79 228 693
355 108 161 731
356 146 118 736
357 212 98 690
358 308 110 582
359 397 122 481
360 464 151 385
361 492 205 303
362 442 280 278
363 362 397 241
364 278 520 202
365 177 624 199
366 122 713 165
367 81 756 163
368 62 768 170
369 46 733 221
370 30 674 296
371 30 573 397
372 38 450 512
373 61 338 601
374 75 226 699
375 100 169 731
376 143 132 725
377 205 124 671
378 313 121 566
379 414 114 472
380 476 136 388
381 499 186 315
382 437 275 288
383 357 394 249
384 253 511 236
385 166 623 211
386 132 713 155
387 95 754 151
388 57 769 174
389 38 757 205
390 37 687 276
391 34 569 397
392 48 455 497
393 56 329 615
394 63 231 706
395 82 183 735
396 124 149 727
397 203 119 678
398 311 110 579
399 389 120 491
400 462 156 382
401 474 209 317
402 421 295 284
403 344 396 260
404 282 507 211
405 182 599 219
406 116 708 176
407 88 764 148
408 59 756 185
409 51 732 217
410 42 654 304
411 45 562 393
412 49 448 503
413 48 352 600
414 67 244 689
415 111 169 720
416 159 133 708
417 232 109 659
418 328 114 558
419 403 110 487
420 454 149 397
421 492 194 314
422 447 264 289
423 345 384 271
424 247 522 231
425 172 644 184
426 144 714 142
427 94 746 160
428 59 757 184
429 50 747 203
430 39 686 275
431 34 577 389
432 35 444 521
433 48 321 631
434 59 238 703
435 99 195 706
436 148 144 708
437 211 105 684
438 313 103 584
439 425 110 465
440 507 131 362
441 510 172 318
442 441 252 307
443 365 364 271
444 273 491 236
445 200 622 178
446 132 697 171
447 87 758 155
448 64 782 154
449 50 764 186
450 35 698 267
451 33 601 366
452 35 476 489
453 44 343 613
454 62 259 679
455 84 180 736
456 125 134 741
457 198 111 691
458 291 104 605
459 396 108 496
460 487 128 385
461 501 170 329
462 477 240 283
463 398 343 259
464 296 468 236
465 212 593 195
466 143 684 173
467 92 749 159
468 59 780 161
469 45 771 184
470 35 715 250
471 36 622 342
472 39 496 465
473 48 368 584
474 61 268 671
475 81 190 729
476 117 139 744
477 180 112 708
478 271 105 624
479 379 107 514
480 459 125 416
481 508 173 319
482 511 224 265
483 449 299 252
484 358 412 230
485 261 530 209
486 183 634 183
487 122 710 168
488 76 753 171
489 58 751 191
490 47 718 235
491 46 654 300
492 48 542 410
493 56 422 522
494 61 310 629
495 81 229 690
496 127 166 707
497 172 122 706
498 241 110 649
499 335 105 560
500 419 123 458
501 477 159 364
502 491 213 296
503 463 280 257
504 403 371 226
505 284 475 241
506 192 606 202
507 126 703 171
508 76 751 173
509 58 765 177
510 53 729 218
511 48 667 285
512 37 581 382
513 43 488 469
514 48 351 601
515 66 249 685
516 98 183 719
517 150 137 713
518 207 121 672
519 278 126 596
520 360 141 499
521 443 152 405
522 488 206 306
523 443 263 294
524 369 374 257
525 284 494 222
526 207 595 198
527 133 667 200
528 111 726 163
529 68 737 195
530 53 726 221
531 51 684 265
532 46 575 379
533 41 460 499
534 57 364 579
535 75 276 649
536 93 199 708
537 141 170 689
538 196 133 671
539 287 120 593
540 380 138 482
541 426 160 414
542 434 210 356
543 418 290 292
544 327 383 290
545 258 503 239
546 193 609 198
547 130 687 183
548 86 732 182
549 60 754 186
550 42 730 228
551 33 668 299
552 35 584 381
553 39 462 499
554 45 352 603
555 70 268 662
556 95 198 707
557 148 151 701
558 218 122 660
559 300 114 586
560 396 116 488
561 467 142 391
562 480 181 339
563 470 252 278
564 414 332 254
565 328 435 237
566 238 550 212
567 157 648 195
568 91 727 182
569 61 767 172
570 47 758 195
571 44 701 255
572 41 624 335
573 41 524 435
574 48 409 543
575 65 304 631
576 90 208 702
577 125 143 732
578 188 117 695
579 248 111 641
580 337 128 535
581 429 139 432
582 482 162 356
583 502 214 284
584 467 290 243
585 393 390 217
586 289 490 221
587 185 600 215
588 137 687 176
589 88 724 188
590 65 750 185
591 43 721 236
592 36 667 297
593 40 574 386
594 43 470 487
595 67 357 576
596 87 246 667
597 114 189 697
598 159 136 705
599 221 120 659
600 306 112 582
601 376 120 504
602 455 154 391
603 497 188 315
604 466 257 277
605 418 345 237
606 314 446 240
607 212 566 222
608 151 676 173
609 91 729 180
610 65 755 180
611 51 747 202
612 48 692 260
613 45 607 348
614 48 509 443
615 52 386 562
616 75 272 653
617 107 196 697
618 145 138 717
619 202 108 690
620 284 106 610
621 357 109 534
622 445 134 421
623 499 169 332
624 476 229 295
625 421 328 251
626 313 441 246
627 220 579 201
628 142 674 184
629 92 749 159
630 67 774 159
631 53 764 183
632 41 718 241
633 43 631 326
634 44 516 440
635 57 377 566
636 62 269 669
637 92 189 719
638 130 134 736
639 187 106 707
640 268 95 637
641 358 101 541
642 447 126 427
643 480 176 344
644 462 251 287
645 393 349 258
646 302 473 225
647 210 592 198
648 146 695 159
649 96 753 151
650 61 778 161
651 40 763 197
652 36 709 255
653 39 615 346
654 39 488 473
655 52 369 579
656 60 253 687
657 79 187 734
658 130 143 727
659 188 107 705
660 272 103 625
661 380 113 507
662 457 132 411
663 477 174 349
664 455 270 275
665 379 358 263
666 307 478 215
667 220 586 194
668 141 677 182
669 76 746 178
670 56 792 152
671 37 770 193
672 43 693 264
673 45 599 356
674 39 477 484
675 49 375 576
676 61 274 665
677 80 193 727
678 127 128 745
679 213 103 684
680 292 94 614
681 388 109 503
682 443 135 422
683 480 182 338
684 464 246 290
685 404 343 253
686 287 468 245
687 204 610 186
688 137 702 161
689 92 754 154
690 70 773 157
691 55 748 197
692 48 699 253
693 39 609 352
694 37 493 470
695 46 353 601
696 59 252 689
697 90 187 723
698 142 137 721
699 200 110 690
700 279 101 620
701 370 112 518
702 473 137 390
703 502 174 324
704 474 246 280
705 409 339 252
706 322 454 224
707 218 568 214
708 133 681 186
709 96 755 149
710 69 767 164
711 39 757 204
712 38 715 247
713 32 623 345
714 30 514 456
715 43 402 555
716 66 276 658
717 97 179 724
718 128 136 736
719 187 115 698
720 269 98 633
721 360 108 532
722 439 126 435
723 498 159 343
724 511 226 263
725 436 310 254
726 325 428 247
727 239 560 201
728 146 663 191
729 82 746 172
730 64 792 144
731 38 777 185
732 29 736 235
733 24 661 315
734 28 548 424
735 35 412 553
736 53 302 645
737 81 201 718
738 118 127 755
739 175 105 720
740 249 89 662
741 351 90 559
742 469 101 430
743 521 119 360
744 526 177 297
745 471 273 256
746 362 402 236
747 270 533 197
748 176 641 183
749 110 734 156
750 66 789 145
751 56 815 129
752 43 767 190
753 32 684 284
754 32 566 402
755 37 435 528
756 45 322 633
757 65 221 714
758 87 146 767
759 147 98 755
760 233 86 681
761 340 83 577
762 439 94 467
763 497 126 377
764 516 181 303
765 481 263 256
766 395 373 232
767 289 507 204
768 178 625 197
769 116 739 145
770 66 790 144
771 51 808 141
772 35 768 197
773 26 702 272
774 28 601 371
775 34 465 501
776 41 341 618
777 59 220 721
778 93 151 756
779 142 99 759
780 219 90 691
781 300 79 621
782 401 99 500
783 471 134 395
784 521 188 291
785 489 259 252
786 415 360 225
787 293 486 221
788 204 617 179
789 134 717 149
790 83 767 150
791 50 783 167
792 43 762 195
793 38 698 264
794 33 602 365
795 39 481 480
796 43 344 613
797 64 240 696
798 96 169 735
799 141 121 738
800 209 97 694
801 292 93 615
802 386 106 508
803 484 133 383
804 522 172 306
805 494 238 268
806 419 337 244
807 327 460 213
808 219 576 205
809 142 688 170
810 86 752 162
811 54 781 165
812 42 774 184
813 38 720 242
814 36 625 339
815 34 504 462
816 33 390 577
817 51 279 670
818 80 197 723
819 119 139 742
820 183 107 710
821 269 97 634
822 364 106 530
823 436 132 432
824 482 174 344
825 465 239 296
826 408 338 254
827 317 453 230
828 226 576 198
829 163 677 160
830 106 731 163
831 73 762 165
832 58 753 189
833 41 703 256
834 35 621 344
835 33 512 455
836 34 391 575
837 52 289 659
838 83 217 700
839 126 155 719
840 193 121 686
841 285 104 611
842 367 94 539
843 452 121 427
844 496 157 347
845 486 215 299
846 440 297 263
847 338 405 257
848 227 541 232
849 170 669 161
850 122 736 142
851 86 757 157
852 65 757 178
853 50 720 230
854 37 653 310
855 39 558 403
856 38 420 542
857 49 293 658
858 84 215 701
859 123 159 718
860 178 120 702
861 249 102 649
862 322 98 580
863 437 120 443
864 510 143 347
865 495 197 308
866 445 290 265
867 367 396 237
868 270 513 217
869 189 628 183
870 131 713 156
871 82 749 169
872 59 775 166
873 48 744 208
874 39 662 299
875 32 565 403
876 35 455 510
877 42 337 621
878 74 245 681
879 93 177 730
880 144 132 724
881 223 112 665
882 303 115 582
883 387 132 481
884 459 158 383
885 479 204 317
886 430 276 294
887 367 393 240
888 268 501 231
889 180 620 200
890 128 705 167
891 94 740 166
892 70 748 182
893 58 726 216
894 33 666 301
895 37 574 389
896 38 462 500
897 43 342 615
898 67 252 681
899 97 193 710
900 139 155 706
901 202 135 663
902 302 132 566
903 383 124 493
904 453 155 392
905 472 205 323
906 422 276 302
907 340 385 275
908 240 505 255
909 170 625 205
910 141 698 161
911 90 735 175
912 70 755 175
913 55 725 220
914 49 669 282
915 41 566 393
916 47 454 499
917 56 328 616
918 71 246 683
919 102 194 704
920 149 143 708
921 211 126 663
922 298 120 582
923 398 136 466
924 486 148 366
925 501 186 313
926 448 253 299
927 387 358 255
928 289 470 241
929 194 585 221
930 124 686 190
931 85 740 175
932 52 767 181
933 41 762 197
934 35 706 259
935 40 607 353
936 41 490 469
937 56 374 570
938 75 258 667
939 96 185 719
940 129 137 734
941 195 109 696
942 282 99 619
943 371 111 518
944 452 139 409
945 503 174 323
946 480 239 281
947 411 335 254
948 326 452 222
949 230 565 205
950 154 671 175
951 93 735 172
952 61 768 171
953 47 765 188
954 41 714 245
955 40 624 336
956 39 508 453
957 39 396 565
958 61 290 649
959 82 204 714
960 112 150 738
961 171 123 706
962 256 115 629
963 346 120 534
964 421 146 433
965 470 183 347
966 471 240 289
967 412 325 263
968 327 438 235
969 229 550 221
970 163 656 181
971 108 717 175
972 78 746 176
973 61 739 200
974 39 699 262
975 41 636 323
976 51 521 428
977 51 399 550
978 64 293 643
979 91 219 690
980 117 163 720
981 159 144 697
982 223 142 635
983 314 141 545
984 388 165 447
985 438 213 349
986 426 269 305
987 375 355 270
988 293 462 245
989 220 563 217
990 163 638 199
991 110 696 194
992 83 725 192
993 60 704 236
994 40 671 289
995 34 605 361
996 49 504 447
997 63 388 549
998 73 299 628
999 96 231 673
1000 137 179 684
1001 184 159 657
1002 249 145 606
1003 329 146 525
1004 407 167 426
1005 431 205 364
1006 420 270 310
1007 391 349 260
1008 305 430 265
1009 231 536 233
1010 174 624 202
1011 122 680 198
1012 73 711 216
1013 48 722 230
1014 48 682 270
1015 43 603 354
1016 43 527 430
1017 51 421 528
1018 65 325 610
1019 95 255 650
1020 130 194 676
1021 182 148 670
1022 257 136 607
1023 315 140 545
1024 396 158 446
1025 441 183 376
1026 423 234 343
1027 398 322 280
1028 342 408 250
1029 262 510 228
1030 182 602 216
1031 132 678 190
1032 96 710 194
1033 69 721 210
1034 66 697 237
1035 49 612 339
1036 41 543 416
1037 54 449 497
1038 61 344 595
1039 86 261 653
1040 112 204 684
1041 160 167 673
1042 247 143 610
1043 307 141 552
1044 378 150 472
1045 443 173 384
1046 457 213 330
1047 403 282 315
1048 344 393 263
1049 279 489 232
1050 186 578 236
1051 132 673 195
1052 98 718 184
1053 71 729 200
1054 58 716 226
1055 46 660 294
1056 49 561 390
1057 54 462 484
1058 57 368 575
1059 79 270 651
1060 112 203 685
1061 153 159 688
1062 207 131 662
1063 299 133 568
1064 369 140 491
1065 413 169 418
1066 450 219 331
1067 416 280 304
1068 330 381 289
1069 269 511 220
1070 191 600 209
1071 145 676 179
1072 102 715 183
1073 75 729 196
1074 63 706 231
1075 51 657 292
1076 42 568 390
1077 41 447 512
1078 56 359 585
1079 72 268 660
1080 105 213 682
1081 155 166 679
1082 207 139 654
1083 289 136 575
1084 395 143 462
1085 430 158 412
1086 460 211 329
1087 430 272 298
1088 357 357 286
1089 276 477 247
1090 201 585 214
1091 133 663 204
1092 103 724 173
1093 66 739 195
1094 48 723 229
1095 43 680 277
1096 32 600 368
1097 34 491 475
1098 49 381 570
1099 70 288 642
1100 89 206 705
1101 139 172 689
1102 192 138 670
1103 260 128 612
1104 347 140 513
1105 405 162 433
1106 419 214 367
1107 405 293 302
1108 338 389 273
1109 266 490 244
1110 204 596 200
1111 143 668 189
1112 100 717 183
1113 64 738 198
1114 42 722 236
1115 42 665 293
1116 45 569 386
1117 49 465 486
1118 59 355 586
1119 77 273 650
1120 105 206 689
1121 153 157 690
1122 222 125 653
1123 288 113 599
1124 368 143 489
1125 421 167 412
1126 445 224 331
1127 413 282 305
1128 345 381 274
1129 275 498 227
1130 195 600 205
1131 126 692 182
1132 90 731 179
1133 68 743 189
1134 55 708 237
1135 41 663 296
1136 44 578 378
1137 50 458 492
1138 54 350 596
1139 84 254 662
1140 111 185 704
1141 167 146 687
1142 207 125 668
1143 280 130 590
1144 370 142 488
1145 419 172 409
1146 452 231 317
1147 426 294 280
1148 348 389 263
1149 252 506 242
1150 179 623 198
1151 139 691 170
1152 93 719 188
1153 62 735 203
1154 55 707 238
1155 43 651 306
1156 44 568 388
1157 45 450 505
1158 61 332 607
1159 86 248 666
1160 111 195 694
1161 157 154 689
1162 209 136 655
1163 286 140 574
1164 366 146 488
1165 405 184 411
1166 416 263 321
1167 370 336 294
1168 303 435 262
1169 240 543 217
1170 167 624 209
1171 114 693 193
1172 69 740 191
1173 49 747 204
1174 42 688 270
1175 44 622 334
1176 45 521 434
1177 51 412 537
1178 63 325 612
1179 75 244 681
1180 109 185 706
1181 186 144 670
1182 239 126 635
1183 324 139 537
1184 388 155 457
1185 407 200 393
1186 408 268 324
1187 370 348 282
1188 290 445 265
1189 210 566 224
1190 137 664 199
1191 84 724 192
1192 54 761 185
1193 46 746 208
1194 41 686 273
1195 40 611 349
1196 36 515 449
1197 37 398 565
1198 63 299 638
1199 75 213 712
1200 122 164 714
1201 188 132 680
1202 253 126 621
1203 337 136 527
1204 411 148 441
1205 452 191 357
1206 432 249 319
1207 381 355 264
1208 315 455 230
1209 222 553 225
1210 165 652 183
1211 114 699 187
1212 80 738 182
1213 59 729 212
1214 41 692 267
1215 45 604 351
1216 43 500 457
1217 45 404 551
1218 61 303 636
1219 82 240 678
1220 131 180 689
1221 184 140 676
1222 273 124 603
1223 350 123 527
1224 404 150 446
1225 467 192 341
1226 447 230 323
1227 408 313 279
1228 331 412 257
1229 239 529 232
1230 170 637 193
1231 110 707 183
1232 76 740 184
1233 59 732 209
1234 54 711 235
1235 40 633 327
1236 44 548 408
1237 53 427 520
1238 66 310 624
1239 85 227 688
1240 131 175 694
1241 170 137 693
1242 231 119 650
1243 299 136 565
1244 378 153 469
1245 438 195 367
1246 445 252 303
1247 402 328 270
1248 322 423 255
1249 231 541 228
1250 159 650 191
1251 124 705 171
1252 74 723 203
1253 50 731 219
1254 39 698 263
1255 45 633 322
1256 40 532 428
1257 45 419 536
1258 68 305 627
1259 92 227 681
1260 121 185 694
1261 173 148 679
1262 234 129 637
1263 311 133 556
1264 388 157 455
1265 432 193 375
1266 419 263 318
1267 364 354 282
1268 306 451 243
1269 215 546 239
1270 160 656 184
1271 112 707 181
1272 84 731 185
1273 59 723 218
1274 49 678 273
1275 43 597 360
1276 53 506 441
1277 53 401 546
1278 70 291 639
1279 91 223 686
1280 133 178 689
1281 188 144 668
1282 265 134 601
1283 339 138 523
1284 403 155 442
1285 435 196 369
1286 406 274 320
1287 345 371 284
1288 279 477 244
1289 193 577 230
1290 134 673 193
1291 104 728 168
1292 76 741 183
1293 53 728 219
1294 49 673 278
1295 43 580 377
1296 40 480 480
1297 55 383 562
1298 70 272 658
1299 99 202 699
1300 136 160 704
1301 205 136 659
1302 283 122 595
1303 355 137 508
1304 409 165 426
1305 453 208 339
1306 434 275 291
1307 366 364 270
1308 277 474 249
1309 212 587 201
1310 134 666 200
1311 98 729 173
1312 74 737 189
1313 51 718 231
1314 41 674 285
1315 40 595 365
1316 45 486 469
1317 55 368 577
1318 75 279 646
1319 109 196 695
1320 146 154 700
1321 211 136 653
1322 278 115 607
1323 365 127 508
1324 446 149 405
1325 475 186 339
1326 466 246 288
1327 396 338 266
1328 315 450 235
1329 229 549 222
1330 155 656 189
1331 99 718 183
1332 68 752 180
1333 53 746 201
1334 42 701 257
1335 48 620 332
1336 52 502 446
1337 49 399 552
1338 72 295 633
1339 93 210 697
1340 120 155 725
1341 176 134 690
1342 249 123 628
1343 330 131 539
1344 390 168 442
1345 441 211 348
1346 429 264 307
1347 373 361 266
1348 286 472 242
1349 208 580 212
1350 139 669 192
1351 103 730 167
1352 80 729 191
1353 62 709 229
1354 48 674 278
1355 43 591 366
1356 53 485 462
1357 54 367 579
1358 73 277 650
1359 111 197 692
1360 155 160 685
1361 201 136 663
1362 277 125 598
1363 350 132 518
1364 412 165 423
1365 425 221 354
1366 410 298 292
1367 324 393 283
1368 253 516 231
1369 178 611 211
1370 135 697 168
1371 98 733 169
1372 67 737 196
1373 58 712 230
1374 47 644 309
1375 37 560 403
1376 35 447 518
1377 49 354 597
1378 72 254 674
1379 109 195 696
1380 161 154 685
1381 234 127 639
1382 312 122 566
1383 401 128 471
1384 454 152 394
1385 478 192 330
1386 432 268 300
1387 374 373 253
1388 298 472 230
1389 212 575 213
1390 149 666 185
1391 110 723 167
1392 83 738 179
1393 53 725 222
1394 44 679 277
1395 43 583 374
1396 45 485 470
1397 56 380 564
1398 70 278 652
1399 108 207 685
1400 149 154 697
1401 218 126 656
1402 313 103 584
1403 393 104 503
1404 461 122 417
1405 508 159 333
1406 495 214 291
1407 419 298 283
1408 324 427 249
1409 249 550 201
1410 161 648 191
1411 108 735 157
1412 71 770 159
1413 49 770 181
1414 46 737 217
1415 34 656 310
1416 38 539 423
1417 46 412 542
1418 54 306 640
1419 77 211 712
1420 117 153 730
1421 167 113 720
1422 243 96 661
1423 360 101 539
1424 466 101 433
1425 522 122 356
1426 551 172 277
1427 521 238 241
1428 432 326 242
1429 331 455 214
1430 221 573 206
1431 149 678 173
1432 103 750 147
1433 76 775 149
1434 53 752 195
1435 40 709 251
1436 35 634 331
1437 32 510 458
1438 45 395 560
1439 56 277 667
1440 80 194 726
1441 129 145 726
1442 187 119 694
1443 259 104 637
1444 359 107 534
1445 436 131 433
1446 489 169 342
1447 473 234 293
1448 406 333 261
1449 283 449 268
1450 201 598 201
1451 144 695 161
1452 94 749 157
1453 71 775 154
1454 41 760 199
1455 25 725 250
1456 27 642 331
1457 27 524 449
1458 41 375 584
1459 59 264 677
1460 88 192 720
1461 130 137 733
1462 187 110 703
1463 283 88 629
1464 385 75 540
1465 499 91 410
1466 561 126 313
1467 548 175 277
1468 503 260 237
1469 412 360 228
1470 312 478 210
1471 195 600 205
1472 124 730 146
1473 87 785 128
1474 55 787 158
1475 38 770 192
1476 33 702 265
1477 36 607 357
1478 41 486 473
1479 43 359 598
1480 57 227 716
1481 89 158 753
1482 126 124 750
1483 208 104 688
1484 292 90 618
1485 380 101 519
1486 469 134 397
1487 525 172 303
1488 489 248 263
1489 409 353 238
1490 305 467 228
1491 213 591 196
1492 137 697 166
1493 91 762 147
1494 63 775 162
1495 45 765 190
1496 37 707 256
1497 33 610 357
1498 35 500 465
1499 39 374 587
1500 58 264 678
1501 93 180 727
1502 122 132 746
1503 195 113 692
1504 285 98 617
1505 375 105 520
1506 464 125 411
1507 507 162 331
1508 481 229 290
1509 408 339 253
1510 300 460 240
1511 213 587 200
1512 132 689 179
1513 94 763 143
1514 60 781 159
1515 42 778 180
1516 27 729 244
1517 23 634 343
1518 37 517 446
1519 40 376 584
1520 51 271 678
1521 77 186 737
1522 115 142 743
1523 169 107 724
1524 260 102 638
1525 355 106 539
1526 447 128 425
1527 470 177 353
1528 449 259 292
1529 391 365 244
1530 302 467 231
1531 202 591 207
1532 141 696 163
1533 94 753 153
1534 62 778 160
1535 41 761 198
1536 37 700 263
1537 30 598 372
1538 37 503 460
1539 41 372 587
1540 58 263 679
1541 85 189 726
1542 125 137 738
1543 194 114 692
1544 294 106 600
1545 376 108 516
1546 459 121 420
1547 503 169 328
1548 496 234 270
1549 438 315 247
1550 347 425 228
1551 267 539 194
1552 176 627 197
1553 105 716 179
1554 65 774 161
1555 53 766 181
1556 35 713 252
1557 28 650 322
1558 33 547 420
1559 43 428 529
1560 47 330 623
1561 68 237 695
1562 108 158 734
1563 178 126 696
1564 244 109 647
1565 320 106 574
1566 393 133 474
1567 434 179 387
1568 449 236 315
1569 430 314 256
1570 360 412 228
1571 256 514 230
1572 187 635 178
1573 125 707 168
1574 76 742 182
1575 56 745 199
1576 52 708 240
1577 40 634 326
1578 41 548 411
1579 32 445 523
1580 45 333 622
1581 78 248 674
1582 116 180 704
1583 166 139 695
1584 233 126 641
1585 299 133 568
1586 368 153 479
1587 424 187 389
1588 425 243 332
1589 389 327 284
1590 342 431 227
1591 236 519 245
1592 161 638 201
1593 118 706 176
1594 82 729 189
1595 73 731 196
1596 59 684 257
1597 43 614 343
1598 46 526 428
1599 49 435 516
1600 66 313 621
1601 94 228 678
1602 126 177 697
1603 193 143 664
1604 256 123 621
1605 332 130 538
1606 394 142 464
1607 473 171 356
1608 474 214 312
1609 419 298 283
1610 339 404 257
1611 251 518 231
1612 177 626 197
1613 126 693 181
1614 88 732 180
1615 69 741 190
1616 47 717 236
1617 40 655 305
1618 44 556 400
1619 38 438 524
1620 58 336 606
1621 84 249 667
1622 108 184 708
1623 146 151 703
1624 212 137 651
1625 301 133 566
1626 380 143 477
1627 422 182 396
1628 426 242 332
1629 382 325 293
1630 324 434 242
1631 236 525 239
1632 167 627 206
1633 115 700 185
1634 70 742 188
1635 51 748 201
1636 40 707 253
1637 35 635 330
1638 40 531 429
1639 49 435 516
1640 66 324 610
1641 81 234 685
1642 111 177 712
1643 167 141 692
1644 239 126 635
1645 327 126 547
1646 387 142 471
1647 421 178 401
1648 427 255 318
1649 380 339 281
1650 309 443 248
1651 224 550 226
1652 157 650 193
1653 107 717 176
1654 83 751 166
1655 54 739 207
1656 43 691 266
1657 44 618 338
1658 54 513 433
1659 57 396 547
1660 67 293 640
1661 90 216 694
1662 130 159 711
1663 207 131 662
1664 276 102 622
1665 370 106 524
1666 450 117 433
1667 504 154 342
1668 492 203 305
1669 435 292 273
1670 342 406 252
1671 270 527 203
1672 175 628 197
1673 108 719 173
1674 71 775 154
1675 56 775 169
1676 49 741 210
1677 39 659 302
1678 41 555 404
1679 39 432 529
1680 51 333 616
1681 64 230 706
1682 99 161 740
1683 143 126 731
1684 219 116 665
1685 312 122 566
1686 388 133 479
1687 436 180 384
1688 463 231 306
1689 429 307 264
1690 336 410 254
1691 237 538 225
1692 148 647 205
1693 98 730 172
1694 61 769 170
1695 47 759 194
1696 42 722 236
1697 41 651 308
1698 46 549 405
1699 54 416 530
1700 66 299 635
1701 87 204 709
1702 130 144 726
1703 178 111 711
1704 241 100 659
1705 323 108 569
1706 421 128 451
1707 484 163 353
1708 505 217 278
1709 444 291 265
1710 350 412 238
1711 253 539 208
1712 170 647 183
1713 117 722 161
1714 75 755 170
1715 50 762 188
1716 46 733 221
1717 37 663 300
1718 39 551 410
1719 45 422 533
1720 60 308 632
1721 84 218 698
1722 114 161 725
1723 160 124 716
1724 225 107 668
1725 330 112 558
1726 429 119 452
1727 478 149 373
1728 478 214 308
1729 406 304 290
1730 331 433 236
1731 260 545 195
1732 173 633 194
1733 120 715 165
1734 81 761 158
1735 56 770 174
1736 39 730 231
1737 34 657 309
1738 38 533 429
1739 46 417 537
1740 56 321 623
1741 71 229 700
1742 97 168 735
1743 157 133 710
1744 239 113 648
1745 347 104 549
1746 424 120 456
1747 470 159 371
1748 458 209 333
1749 406 313 281
1750 323 426 251
1751 233 544 223
1752 165 654 181
1753 109 731 160
1754 73 771 156
1755 59 768 173
1756 48 732 220
1757 41 639 320
1758 44 533 423
1759 45 412 543
1760 54 301 645
1761 72 215 713
1762 106 157 737
1763 153 126 721
1764 245 115 640
1765 340 116 544
1766 434 127 439
1767 494 154 352
1768 502 205 293
1769 450 283 267
1770 347 393 260
1771 228 527 245
1772 157 657 186
1773 97 727 176
1774 63 776 161
1775 56 783 161
1776 47 739 214
1777 47 670 283
1778 46 560 394
1779 49 427 524
1780 65 294 641
1781 82 208 710
1782 110 142 748
1783 157 107 736
1784 226 104 670
1785 322 104 574
1786 433 118 449
1787 521 140 339
1788 524 185 291
1789 474 268 258
1790 383 384 233
1791 263 510 227
1792 166 633 201
1793 97 730 173
1794 69 785 146
1795 44 791 165
1796 33 771 196
1797 32 699 269
1798 32 584 384
1799 41 458 501
1800 49 326 625
1801 65 221 714
1802 93 150 757
1803 131 116 753
1804 205 98 697
1805 304 96 600
1806 403 112 485
1807 484 139 377
1808 520 190 290
1809 496 259 245
1810 409 354 237
1811 316 475 209
1812 216 586 198
1813 128 688 184
1814 84 760 156
1815 61 777 162
1816 46 749 205
1817 39 695 266
1818 31 607 362
1819 42 494 464
1820 50 372 578
1821 69 262 669
1822 94 171 735
1823 144 129 727
1824 205 107 688
1825 284 100 616
1826 381 109 510
1827 455 125 420
1828 504 173 323
1829 468 234 298
1830 391 361 248
1831 279 480 241
1832 211 614 175
1833 138 689 173
1834 100 753 147
1835 63 775 162
1836 43 764 193
1837 32 723 245
1838 29 607 364
1839 28 491 481
1840 36 358 606
1841 53 275 672
1842 77 194 729
1843 121 148 731
1844 184 115 701
1845 291 93 616
1846 385 102 513
1847 470 124 406
1848 481 172 347
1849 468 244 288
1850 399 338 263
1851 309 453 238
1852 226 576 198
1853 145 681 174
1854 97 753 150
1855 57 779 164
1856 44 771 185
1857 32 712 256
1858 28 630 342
1859 34 519 447
1860 31 390 579
1861 48 288 664
1862 76 199 725
1863 126 145 729
1864 190 103 707
1865 275 98 627
1866 364 95 541
1867 450 117 433
1868 488 160 352
1869 498 224 278
1870 432 303 265
1871 364 423 213
1872 271 533 196
1873 180 631 189
1874 117 725 158
1875 74 766 160
1876 50 766 184
1877 44 726 230
1878 41 653 306
1879 33 536 431
1880 42 434 524
1881 49 327 624
1882 73 226 701
1883 111 161 728
1884 168 123 709
1885 237 106 657
1886 331 110 559
1887 408 133 459
1888 468 158 374
1889 480 205 315
1890 438 294 268
1891 329 401 270
1892 243 548 209
1893 156 651 193
1894 96 734 170
1895 67 771 162
1896 48 775 177
1897 37 747 216
1898 36 669 295
1899 31 563 406
1900 38 421 541
1901 49 311 640
1902 73 217 710
1903 105 156 739
1904 148 120 732
1905 225 105 670
1906 315 106 579
1907 428 122 450
1908 487 151 362
1909 513 202 285
1910 453 270 277
1911 363 391 246
1912 266 517 217
1913 175 629 196
1914 100 719 181
1915 74 778 148
1916 50 775 175
1917 40 748 212
1918 36 690 274
1919 36 573 391
1920 41 447 512
1921 54 330 616
1922 71 227 702
1923 105 151 744
1924 156 120 724
1925 219 96 685
1926 326 91 583
1927 432 101 467
1928 504 121 375
1929 538 166 296
1930 513 235 252
1931 428 336 236
1932 319 452 229
1933 224 585 191
1934 142 685 173
1935 97 757 146
1936 59 782 159
1937 47 775 178
1938 38 718 244
1939 37 626 337
1940 36 511 453
1941 42 379 579
1942 56 273 671
1943 74 187 739
1944 113 144 743
1945 177 112 711
1946 269 105 626
1947 360 105 535
1948 461 129 410
1949 496 160 344
1950 492 231 277
1951 417 321 262
1952 331 439 230
1953 234 557 209
1954 151 661 188
1955 107 744 149
1956 71 764 165
1957 47 769 184
1958 35 722 243
1959 34 644 322
1960 38 527 435
1961 46 405 549
1962 56 293 651
1963 76 200 724
1964 106 160 734
1965 171 125 704
1966 243 107 650
1967 345 113 542
1968 430 128 442
1969 476 165 359
1970 477 231 292
1971 403 323 274
1972 305 437 258
1973 226 570 204
1974 155 667 178
1975 101 732 167
1976 68 771 161
1977 41 767 192
1978 29 728 243
1979 33 648 319
1980 35 530 435
1981 36 395 569
1982 57 297 646
1983 76 211 713
1984 109 153 738
1985 174 124 702
1986 250 98 652
1987 350 102 548
1988 445 120 435
1989 467 160 373
1990 453 236 311
1991 394 336 270
1992 305 453 242
1993 210 571 219
1994 141 692 167
1995 95 757 148
1996 68 785 147
1997 52 772 176
1998 41 712 247
1999 36 623 341
2000 40 511 449
2001 42 389 569
2002 59 266 675
2003 77 184 739
2004 122 138 740
2005 201 106 693
2006 292 87 621
2007 384 85 531
2008 469 105 426
2009 542 142 316
2010 539 192 269
2011 479 277 244
2012 390 383 227
2013 289 504 207
2014 176 624 200
2015 112 739 149
2016 74 783 143
2017 48 784 168
2018 34 760 206
2019 33 689 278
2020 27 584 389
2021 27 469 504
2022 33 349 618
2023 61 228 711
2024 101 156 743
2025 142 115 743
2026 216 98 686
2027 309 95 596
2028 394 107 499
2029 458 137 405
2030 504 193 303
2031 470 268 262
2032 376 374 250
2033 276 509 215
2034 173 626 201
2035 106 732 162
2036 77 787 136
2037 62 786 152
2038 46 745 209
2039 33 686 281
2040 29 593 378
2041 39 462 499
2042 53 335 612
2043 68 215 717
2044 98 145 757
2045 154 116 730
2046 217 101 682
2047 302 97 601
2048 414 105 481
2049 476 124 400
2050 521 189 290
2051 502 264 234
2052 395 353 252
2053 280 489 231
2054 192 619 189
2055 125 711 164
2056 81 770 149
2057 51 795 154
2058 41 760 199
2059 36 695 269
2060 31 611 358
2061 34 480 486
2062 52 347 601
2063 69 237 694
2064 89 161 750
2065 152 116 732
2066 214 88 698
2067 283 91 626
2068 397 106 497
2069 498 123 379
2070 541 155 304
2071 508 222 270
2072 436 331 233
2073 332 448 220
2074 228 580 192
2075 137 681 182
2076 102 757 141
2077 64 775 161
2078 39 781 180
2079 33 739 228
2080 31 636 333
2081 31 521 448
2082 37 389 574
2083 55 282 663
2084 81 188 731
2085 115 144 741
2086 179 104 717
2087 281 82 637
2088 377 83 540
2089 480 102 418
2090 538 131 331
2091 560 180 260
2092 494 252 254
2093 405 362 233
2094 298 491 211
2095 203 620 177
2096 130 714 156
2097 69 768 163
2098 51 800 149
2099 50 769 181
2100 33 698 269
2101 30 605 365
2102 28 479 493
2103 39 352 609
2104 65 247 688
2105 93 167 740
2106 146 107 747
2107 215 85 700
2108 312 87 601
2109 421 83 496
2110 507 100 393
2111 544 141 315
2112 522 209 269
2113 455 311 234
2114 336 438 226
2115 213 579 208
2116 137 700 163
2117 76 780 144
2118 51 824 125
2119 36 808 156
2120 26 755 219
2121 24 663 313
2122 23 538 439
2123 34 398 568
2124 49 266 685
2125 66 171 763
2126 106 110 784
2127 171 86 743
2128 259 74 667
2129 360 78 562
2130 463 102 435
2131 536 139 325
2132 541 198 261
2133 497 288 215
2134 384 393 223
2135 261 530 209
2136 170 665 165
2137 108 752 140
2138 74 790 136
2139 46 787 167
2140 37 756 207
2141 34 675 291
2142 35 573 392
2143 37 435 528
2144 46 298 656
2145 76 202 722
2146 110 134 756
2147 160 103 737
2148 236 84 680
2149 324 89 587
2150 433 103 464
2151 524 132 344
2152 548 178 274
2153 512 250 238
2154 425 354 221
2155 308 472 220
2156 202 608 190
2157 130 709 161
2158 83 767 150
2159 50 785 165
2160 39 772 189
2161 29 711 260
2162 25 617 358
2163 31 503 466
2164 38 361 601
2165 61 253 686
2166 90 172 738
2167 134 125 741
2168 204 94 702
2169 293 85 622
2170 391 90 519
2171 493 106 401
2172 547 146 307
2173 540 200 260
2174 460 288 252
2175 352 415 233
2176 241 554 205
2177 148 674 178
2178 92 762 146
2179 57 802 141
2180 50 797 153
2181 33 750 217
2182 33 679 288
2183 27 552 421
2184 35 419 546
2185 44 291 665
2186 73 194 733
2187 110 125 765
2188 162 93 745
2189 245 88 667
2190 361 76 563
2191 484 87 429
2192 559 97 344
2193 581 150 269
2194 524 225 251
2195 410 351 239
2196 281 497 222
2197 176 631 193
2198 107 748 145
2199 78 806 116
2200 49 825 126
2201 39 801 160
2202 26 736 238
2203 31 623 346
2204 38 472 490
2205 41 331 628
2206 57 211 732
2207 77 137 786
2208 129 98 773
2209 205 70 725
2210 316 59 625
2211 454 61 485
2212 569 74 357
2213 625 100 275
2214 603 164 233
2215 525 260 215
2216 418 377 205
2217 280 512 208
2218 178 661 161
2219 92 761 147
2220 58 834 108
2221 41 842 117
2222 33 795 172
2223 29 707 264
2224 19 594 387
2225 23 469 508
2226 34 316 650
2227 44 205 751
2228 72 122 806
2229 130 86 784
2230 221 75 704
2231 321 72 607
2232 423 85 492
2233 537 108 355
2234 569 147 284
2235 541 226 233
2236 429 337 234
2237 282 485 233
2238 164 643 193
2239 98 764 138
2240 63 817 120
2241 48 829 123
2242 40 805 155
2243 34 734 232
2244 28 629 343
2245 37 487 476
2246 37 320 643
2247 54 199 747
2248 87 129 784
2249 126 84 790
2250 199 69 732
2251 292 67 641
2252 409 79 512
2253 537 104 359
2254 576 143 281
2255 539 225 236
2256 453 332 215
2257 309 463 228
2258 193 622 185
2259 119 740 141
2260 63 802 135
2261 44 833 123
2262 38 813 149
2263 37 737 226
2264 28 631 341
2265 27 509 464
2266 35 351 614
2267 51 225 724
2268 79 147 774
2269 108 88 804
2270 183 79 738
2271 274 80 646
2272 379 95 526
2273 494 112 394
2274 544 155 301
2275 537 231 232
2276 472 316 212
2277 348 440 212
2278 223 573 204
2279 111 697 192
2280 69 794 137
2281 49 819 132
2282 39 796 165
2283 33 730 237
2284 28 651 321
2285 31 532 437
2286 36 396 568
2287 52 267 681
2288 79 154 767
2289 117 102 781
2290 184 87 729
2291 261 86 653
2292 369 88 543
2293 478 99 423
2294 556 126 318
2295 579 177 244
2296 518 267 215
2297 400 380 220
2298 260 513 227
2299 151 654 195
2300 97 761 142
2301 62 804 134
2302 48 812 140
2303 39 775 186
2304 29 694 277
2305 32 591 377
2306 36 455 509
2307 48 310 642
2308 67 191 742
2309 100 129 771
2310 149 88 763
2311 231 76 693
2312 327 75 598
2313 438 82 480
2314 545 107 348
2315 585 145 270
2316 535 224 241
2317 440 336 224
2318 310 472 218
2319 186 614 200
2320 122 739 139
2321 79 796 125
2322 49 814 137
2323 31 806 163
2324 28 745 227
2325 25 636 339
2326 32 503 465
2327 38 354 608
2328 53 223 724
2329 75 151 774
2330 117 111 772
2331 188 77 735
2332 290 67 643
2333 401 74 525
2334 519 96 385
2335 594 127 279
2336 572 183 245
2337 502 277 221
2338 410 387 203
2339 284 513 203
2340 182 649 169
2341 119 744 137
2342 69 785 146
2343 48 804 148
2344 29 769 202
2345 30 694 276
2346 28 583 389
2347 34 459 507
2348 41 317 642
2349 62 215 723
2350 92 153 755
2351 147 104 749
2352 229 84 687
2353 329 77 594
2354 422 88 490
2355 526 119 355
2356 567 157 276
2357 516 218 266
2358 425 331 244
2359 310 471 219
2360 207 606 187
2361 126 716 158
2362 76 786 138
2363 57 805 138
2364 43 786 171
2365 30 739 231
2366 23 639 338
2367 21 506 473
2368 34 373 593
2369 50 250 700
2370 80 164 756
2371 117 115 768
2372 179 97 724
2373 278 82 640
2374 398 83 519
2375 493 96 411
2376 563 134 303
2377 565 187 248
2378 484 271 245
2379 350 401 249
2380 244 553 203
2381 142 674 184
2382 94 775 131
2383 69 810 121
2384 36 797 167
2385 26 777 197
2386 21 703 276
2387 24 578 398
2388 24 423 553
2389 40 302 658
2390 59 185 756
2391 98 131 771
2392 143 105 752
2393 214 80 706
2394 327 83 590
2395 456 95 449
2396 524 121 355
2397 568 174 258
2398 515 247 238
2399 405 354 241
2400 303 490 207
2401 209 617 174
2402 129 708 163
2403 69 776 155
2404 41 810 149
2405 27 785 188
2406 27 726 247
2407 27 619 354
2408 34 483 483
2409 44 349 607
2410 60 248 692
2411 81 164 755
2412 129 109 762
2413 198 86 716
2414 298 76 626
2415 416 83 501
2416 504 101 395
2417 544 147 309
2418 513 208 279
2419 444 323 233
2420 347 447 206
2421 238 567 195
2422 124 686 190
2423 85 793 122
2424 54 814 132
2425 38 799 163
2426 30 754 216
2427 35 647 318
2428 43 518 439
2429 39 390 571
2430 47 275 678
2431 65 160 775
2432 112 121 767
2433 164 89 747
2434 273 82 645
2435 379 80 541
2436 459 103 438
2437 520 151 329
2438 552 205 243
2439 462 288 250
2440 350 417 233
2441 236 561 203
2442 148 682 170
2443 79 772 149
2444 59 818 123
2445 38 790 172
2446 32 757 211
2447 33 680 287
2448 29 550 421
2449 39 410 551
2450 49 279 672
2451 68 179 753
2452 107 114 779
2453 163 103 734
2454 244 80 676
2455 358 76 566
2456 465 92 443
2457 552 125 323
2458 588 169 243
2459 552 233 215
2460 402 334 264
2461 305 495 200
2462 202 615 183
2463 128 722 150
2464 84 780 136
2465 50 791 159
2466 40 781 179
2467 31 727 242
2468 35 635 330
2469 37 470 493
2470 40 348 612
2471 61 238 701
2472 92 159 749
2473 125 117 758
2474 182 94 724
2475 276 91 633
2476 423 89 488
2477 499 107 394
2478 540 153 307
2479 514 222 264
2480 432 327 241
2481 313 451 236
2482 212 593 195
2483 145 697 158
2484 91 766 143
2485 59 802 139
2486 46 788 166
2487 31 732 237
2488 34 642 324
2489 43 515 442
2490 45 364 591
2491 51 258 691
2492 71 183 746
2493 115 127 758
2494 176 97 727
2495 260 92 648
2496 368 98 534
2497 491 117 392
2498 529 145 326
2499 517 213 270
2500 453 300 247
2501 359 420 221
2502 243 544 213
2503 151 665 184
2504 86 751 163
2505 60 797 143
2506 46 795 159
2507 40 741 219
2508 30 660 310
2509 34 550 416
2510 39 422 539
2511 53 296 651
2512 69 196 735
2513 98 134 768
2514 169 107 724
2515 253 90 657
2516 355 87 558
2517 456 95 449
2518 546 122 332
2519 575 158 267
2520 541 229 230
2521 432 325 243
2522 304 461 235
2523 186 606 208
2524 126 727 147
2525 75 779 146
2526 55 803 142
2527 46 787 167
2528 43 725 232
2529 35 632 333
2530 31 504 465
2531 39 363 598
2532 57 234 709
2533 82 164 754
2534 115 115 770
2535 180 98 722
2536 262 95 643
2537 368 106 526
2538 458 128 414
2539 516 179 305
2540 468 250 282
2541 405 368 227
2542 295 480 225
2543 173 607 220
2544 107 732 161
2545 71 787 142
2546 53 801 146
2547 39 768 193
2548 28 711 261
2549 31 604 365
2550 34 489 477
2551 41 359 600
2552 61 227 712
2553 85 152 763
2554 140 114 746
2555 202 92 706
2556 302 87 611
2557 394 94 512
2558 488 117 395
2559 547 153 300
2560 515 226 259
2561 423 333 244
2562 314 463 223
2563 212 594 194
2564 132 701 167
2565 80 774 146
2566 57 803 140
2567 39 790 171
2568 26 735 239
2569 30 641 329
2570 28 507 465
2571 37 378 585
2572 56 262 682
2573 76 170 754
2574 110 121 769
2575 180 100 720
2576 271 85 644
2577 386 88 526
2578 476 107 417
2579 523 146 331
2580 502 215 283
2581 426 328 246
2582 308 453 239
2583 220 592 188
2584 150 695 155
2585 89 762 149
2586 62 804 134
2587 42 792 166
2588 29 743 228
2589 27 643 330
2590 28 520 452
2591 31 380 589
2592 45 274 681
2593 64 193 743
2594 102 132 766
2595 161 106 733
2596 259 96 645
2597 360 98 542
2598 466 120 414
2599 508 154 338
2600 498 218 284
2601 450 309 241
2602 366 418 216
2603 276 528 196
2604 194 628 178
2605 124 708 168
2606 76 756 168
2607 52 770 178
2608 37 730 233
2609 30 654 316
2610 31 552 417
2611 40 441 519
2612 52 332 616
2613 76 240 684
2614 104 168 728
2615 162 126 712
2616 240 108 652
2617 332 106 562
2618 417 116 467
2619 468 142 390
2620 479 200 321
2621 450 281 269
2622 390 382 228
2623 288 484 228
2624 185 604 211
2625 116 709 175
2626 68 768 164
2627 46 790 164
2628 35 754 211
2629 26 684 290
2630 34 592 374
2631 33 482 485
2632 42 363 595
2633 63 249 688
2634 83 169 748
2635 135 127 738
2636 214 111 675
2637 302 102 596
2638 381 106 513
2639 459 137 404
2640 488 178 334
2641 454 263 283
2642 371 377 252
2643 288 502 210
2644 200 601 199
2645 122 698 180
2646 79 772 149
2647 64 784 152
2648 47 758 195
2649 36 690 274
2650 43 587 370
2651 46 455 499
2652 45 353 602
2653 53 257 690
2654 84 175 741
2655 130 132 738
2656 209 112 679
2657 307 101 592
2658 411 106 483
2659 462 134 404
2660 481 185 334
2661 479 262 259
2662 396 346 258
2663 297 472 231
2664 216 591 193
2665 138 683 179
2666 102 756 142
2667 66 764 170
2668 50 749 201
2669 44 688 268
2670 33 610 357
2671 34 495 471
2672 39 375 586
2673 56 278 666
2674 84 188 728
2675 132 152 716
2676 192 119 689
2677 266 120 614
2678 368 124 508
2679 459 137 404
2680 485 166 349
2681 471 237 292
2682 385 341 274
2683 311 463 226
2684 224 570 206
2685 151 656 193
2686 114 725 161
2687 73 749 178
2688 49 761 190
2689 31 714 255
2690 31 628 341
2691 32 506 462
2692 54 398 548
2693 64 290 646
2694 84 211 705
2695 108 167 725
2696 174 131 695
2697 263 112 625
2698 370 109 521
2699 434 124 442
2700 480 168 352
2701 464 230 306
2702 405 325 270
2703 313 428 259
2704 227 556 217
2705 145 661 194
2706 92 746 162
2707 57 784 159
2708 41 775 184
2709 44 729 227
2710 39 631 330
2711 40 533 427
2712 46 404 550
2713 56 293 651
2714 74 198 728
2715 125 142 733
2716 182 100 718
2717 270 89 641
2718 348 99 553
2719 445 119 436
2720 502 151 347
2721 510 205 285
2722 448 292 260
2723 364 410 226
2724 266 536 198
2725 167 645 188
2726 118 734 148
2727 72 763 165
2728 53 777 170
2729 44 742 214
2730 34 664 302
2731 29 556 415
2732 31 435 534
2733 44 324 632
2734 76 222 702
2735 110 161 729
2736 159 113 728
2737 236 99 665
2738 329 100 571
2739 423 115 462
2740 490 142 368
2741 508 186 306
2742 471 270 259
2743 390 368 242
2744 300 497 203
2745 200 601 199
2746 126 700 174
2747 76 759 165
2748 58 782 160
2749 48 756 196
2750 37 682 281
2751 34 595 371
2752 41 469 490
2753 49 358 593
2754 69 251 680
2755 96 172 732
2756 139 122 739
2757 215 105 680
2758 286 103 611
2759 386 119 495
2760 451 145 404
2761 479 191 330
2762 451 270 279
2763 374 377 249
2764 277 504 219
2765 181 618 201
2766 112 716 172
2767 77 769 154
2768 53 778 169
2769 37 756 207
2770 33 693 274
2771 31 590 379
2772 30 465 505
2773 42 352 606
2774 68 242 690
2775 98 163 739
2776 139 124 737
2777 210 105 685
2778 309 97 594
2779 415 101 484
2780 491 120 389
2781 520 157 323
2782 507 238 255
2783 430 330 240
2784 313 446 241
2785 229 582 189
2786 160 674 166
2787 94 739 167
2788 65 786 149
2789 42 778 180
2790 32 720 248
2791 33 638 329
2792 34 521 445
2793 44 384 572
2794 56 282 662
2795 80 205 715
2796 112 134 754
2797 186 110 704
2798 273 94 633
2799 363 89 548
2800 460 116 424
2801 490 156 354
2802 467 228 305
2803 433 328 239
2804 325 433 242
2805 231 565 204
2806 139 675 186
2807 91 772 137
2808 67 793 140
2809 45 777 178
2810 33 727 240
2811 27 639 334
2812 37 540 423
2813 39 398 563
2814 43 286 671
2815 71 185 744
2816 115 136 749
2817 177 108 715
2818 265 96 639
2819 359 96 545
2820 467 101 432
2821 529 135 336
2822 553 185 262
2823 478 262 260
2824 365 386 249
2825 242 527 231
2826 169 662 169
2827 113 735 152
2828 73 786 141
2829 51 792 157
2830 40 764 196
2831 35 698 267
2832 33 579 388
2833 44 440 516
2834 51 294 655
2835 57 214 729
2836 93 157 750
2837 139 115 746
2838 208 97 695
2839 317 94 589
2840 421 104 475
2841 508 139 353
2842 520 198 282
2843 487 266 247
2844 398 356 246
2845 280 487 233
2846 181 623 196
2847 119 725 156
2848 80 777 143
2849 62 781 157
2850 47 740 213
2851 39 687 274
2852 37 605 358
2853 41 476 483
2854 52 336 612
2855 64 223 713
2856 99 159 742
2857 152 120 728
2858 213 108 679
2859 289 100 611
2860 387 106 507
2861 479 137 384
2862 521 185 294
2863 500 256 244
2864 406 341 253
2865 304 474 222
2866 215 588 197
2867 148 685 167
2868 94 746 160
2869 61 769 170
2870 37 754 209
2871 29 707 264
2872 33 630 337
2873 40 493 467
2874 55 372 573
2875 66 260 674
2876 93 188 719
2877 139 138 723
2878 197 107 696
2879 273 96 631
2880 378 97 525
2881 448 129 423
2882 484 180 336
2883 465 256 279
2884 409 347 244
2885 316 453 231
2886 227 577 196
2887 154 677 169
2888 83 749 168
2889 57 788 155
2890 41 763 196
2891 41 703 256
2892 46 612 342
2893 45 501 454
2894 49 378 573
2895 60 274 666
2896 89 191 720
2897 136 123 741
2898 193 101 706
2899 277 104 619
2900 358 111 531
2901 441 141 418
2902 487 181 332
2903 470 239 291
2904 412 339 249
2905 318 465 217
2906 222 581 197
2907 136 674 190
2908 81 753 166
2909 55 778 167
2910 43 764 193
2911 36 718 246
2912 31 625 344
2913 32 504 464
2914 48 387 565
2915 60 278 662
2916 89 187 724
2917 127 133 740
2918 184 109 707
2919 273 98 629
2920 365 102 533
2921 444 131 425
2922 492 169 339
2923 492 230 278
2924 420 321 259
2925 337 447 216
2926 231 554 215
2927 154 671 175
2928 105 744 151
2929 74 764 162
2930 48 757 195
2931 44 722 234
2932 37 635 328
2933 39 516 445
2934 43 407 550
2935 55 286 659
2936 89 201 710
2937 126 147 727
2938 179 117 704
2939 256 99 645
2940 359 109 532
2941 426 125 449
2942 496 167 337
2943 499 218 283
2944 438 300 262
2945 336 415 249
2946 255 547 198
2947 158 646 196
2948 104 733 163
2949 72 771 157
2950 57 761 182
2951 48 725 227
2952 44 652 304
2953 42 541 417
2954 44 411 545
2955 59 310 631
2956 79 208 713
2957 122 150 728
2958 175 117 708
2959 251 100 649
2960 339 97 564
2961 438 120 442
2962 486 151 363
2963 509 204 287
2964 457 283 260
2965 372 393 235
2966 269 511 220
2967 180 631 189
2968 123 723 154
2969 83 757 160
2970 60 766 174
2971 45 736 219
2972 46 672 282
2973 44 561 395
2974 40 445 515
2975 41 329 630
2976 73 236 691
2977 101 170 729
2978 150 133 717
2979 217 114 669
2980 316 111 573
2981 419 123 458
2982 495 136 369
2983 530 176 294
2984 505 234 261
2985 431 325 244
2986 309 436 255
2987 205 577 218
2988 124 684 192
2989 79 753 168
2990 57 785 158
2991 51 767 182
2992 39 715 246
2993 36 636 328
2994 42 528 430
2995 57 381 562
2996 69 259 672
2997 85 178 737
2998 128 130 742
2999 181 105 714
3000 251 104 645
3001 343 113 544
3002 447 129 424
3003 512 172 316
3004 508 229 263
3005 440 314 246
3006 327 430 243
3007 207 568 225
3008 140 689 171
3009 98 747 155
3010 77 773 150
3011 47 751 202
3012 40 724 236
3013 33 646 321
3014 33 537 430
3015 40 399 561
3016 54 271 675
3017 71 199 730
3018 113 156 731
3019 153 136 711
3020 226 123 651
3021 322 128 550
3022 418 141 441
3023 470 183 347
3024 434 259 307
3025 364 367 269
3026 260 480 260
3027 193 604 203
3028 124 684 192
3029 93 748 159
3030 57 766 177
3031 47 760 193
3032 41 694 265
3033 47 592 361
3034 42 473 485
3035 54 354 592
3036 58 262 680
3037 76 194 730
3038 107 158 735
3039 177 133 690
3040 267 129 604
3041 356 141 503
3042 412 171 417
3043 429 234 337
3044 400 309 291
3045 337 406 257
3046 254 505 241
3047 174 613 213
3048 112 697 191
3049 74 747 179
3050 55 755 190
3051 45 711 244
3052 38 646 316
3053 37 556 407
3054 51 458 491
3055 49 336 615
3056 63 254 683
3057 97 190 713
3058 162 148 690
3059 219 127 654
3060 304 135 561
3061 377 140 483
3062 437 165 398
3063 455 227 318
3064 432 291 277
3065 351 378 271
3066 264 501 235
3067 186 609 205
3068 133 679 188
3069 90 727 183
3070 58 745 197
3071 57 715 228
3072 49 652 299
3073 41 573 386
3074 42 458 500
3075 61 349 590
3076 76 260 664
3077 100 197 703
3078 152 155 693
3079 206 133 661
3080 271 142 587
3081 354 156 490
3082 414 188 398
3083 437 237 326
3084 405 303 292
3085 326 398 276
3086 234 519 247
3087 146 633 221
3088 110 712 178
3089 80 734 186
3090 60 732 208
3091 45 703 252
3092 41 652 307
3093 38 561 401
3094 41 443 516
3095 59 326 615
3096 81 229 690
3097 113 185 702
3098 161 155 684
3099 208 136 656
3100 285 140 575
3101 387 154 459
3102 456 170 374
3103 468 218 314
3104 400 303 297
3105 322 415 263
3106 232 523 245
3107 165 632 203
3108 113 695 192
3109 86 733 181
3110 73 744 183
3111 61 709 230
3112 55 636 309
3113 57 530 413
3114 53 420 527
3115 73 315 612
3116 92 232 676
3117 110 175 715
3118 157 146 697
3119 223 134 643
3120 323 141 536
3121 405 147 448
3122 463 175 362
3123 459 222 319
3124 411 309 280
3125 316 414 270
3126 227 538 235
3127 164 639 197
3128 106 695 199
3129 81 747 172
3130 61 744 195
3131 47 717 236
3132 49 644 307
3133 52 537 411
3134 50 410 540
3135 71 311 618
3136 86 234 680
3137 117 167 716
3138 168 139 693
3139 253 115 632
3140 340 103 557
3141 435 123 442
3142 485 155 360
3143 464 204 332
3144 426 302 272
3145 314 407 279
3146 240 547 213
3147 165 645 190
3148 104 732 164
3149 81 773 146
3150 65 764 171
3151 50 731 219
3152 48 648 304
3153 41 545 414
3154 44 412 544
3155 43 311 646
3156 67 225 708
3157 100 160 740
3158 154 136 710
3159 244 115 641
3160 331 108 561
3161 436 124 440
3162 480 152 368
3163 484 209 307
3164 436 291 273
3165 336 404 260
3166 241 528 231
3167 163 644 193
3168 98 729 173
3169 74 778 148
3170 60 774 166
3171 45 731 224
3172 35 664 301
3173 36 561 403
3174 36 436 528
3175 46 320 634
3176 68 225 707
3177 109 154 737
3178 163 117 720
3179 241 106 653
3180 345 95 560
3181 445 94 461
3182 515 119 366
3183 546 165 289
3184 547 229 224
3185 468 299 233
3186 364 415 221
3187 262 530 208
3188 178 643 179
3189 107 728 165
3190 75 774 151
3191 47 760 193
3192 35 724 241
3193 29 666 305
3194 35 556 409
3195 41 435 524
3196 47 316 637
3197 74 225 701
3198 118 152 730
3199 169 122 709
3200 220 107 673
3201 306 114 580
3202 391 138 471
3203 469 174 357
3204 481 215 304
3205 444 294 262
3206 354 404 242
3207 271 524 205
3208 187 622 191
3209 117 699 184
3210 79 745 176
3211 55 747 198
3212 42 730 228
3213 37 664 299
3214 38 559 403
3215 55 438 507
3216 71 323 606
3217 96 230 674
3218 124 159 717
3219 152 129 719
3220 216 118 666
3221 299 120 581
3222 383 142 475
3223 435 179 386
3224 446 242 312
3225 406 324 270
3226 325 435 240
3227 245 546 209
3228 173 637 190
3229 113 707 180
3230 84 745 171
3231 51 737 212
3232 47 707 246
3233 45 629 326
3234 43 520 437
3235 54 411 535
3236 69 309 622
3237 93 224 683
3238 129 162 709
3239 177 134 689
3240 245 116 639
3241 334 126 540
3242 412 146 442
3243 460 177 363
3244 454 231 315
3245 408 322 270
3246 317 430 253
3247 243 549 208
3248 170 641 189
3249 114 704 182
3250 88 740 172
3251 58 735 207
3252 47 711 242
3253 44 631 325
3254 47 526 427
3255 56 404 540
3256 68 303 629
3257 87 228 685
3258 122 173 705
3259 172 143 685
3260 239 117 644
3261 326 130 544
3262 407 148 445
3263 430 189 381
3264 415 267 318
3265 355 357 288
3266 277 472 251
3267 220 580 200
3268 169 663 168
3269 114 701 185
3270 84 738 178
3271 71 727 202
3272 56 662 282
3273 46 587 367
3274 48 482 470
3275 52 372 576
3276 73 285 642
3277 92 226 682
3278 130 170 700
3279 200 143 657
3280 267 138 595
3281 358 146 496
3282 415 160 425
3283 428 213 359
3284 411 287 302
3285 362 363 275
3286 290 468 242
3287 212 567 221
3288 150 650 200
3289 121 704 175
3290 91 719 190
3291 69 696 235
3292 58 644 298
3293 56 579 365
3294 49 476 475
3295 59 384 557
3296 80 291 629
3297 106 216 678
3298 155 175 670
3299 214 149 637
3300 270 142 588
3301 348 151 501
3302 393 176 431
3303 412 223 365
3304 389 297 314
3305 315 395 290
3306 239 510 251
3307 179 612 209
3308 124 679 197
3309 79 725 196
3310 62 745 193
3311 42 715 243
3312 47 661 292
3313 40 558 402
3314 42 450 508
3315 62 346 592
3316 86 259 655
3317 111 189 700
3318 154 144 702
3319 217 131 652
3320 306 122 572
3321 398 136 466
3322 459 152 389
3323 448 195 357
3324 429 293 278
3325 358 382 260
3326 279 498 223
3327 194 590 216
3328 131 684 185
3329 90 733 177
3330 60 758 182
3331 42 745 213
3332 38 665 297
3333 41 580 379
3334 56 461 483
3335 51 354 595
3336 59 265 676
3337 82 208 710
3338 127 160 713
3339 212 128 660
3340 277 123 600
3341 357 143 500
3342 412 182 406
3343 437 234 329
3344 416 298 286
3345 369 376 255
3346 301 471 228
3347 204 571 225
3348 124 673 203
3349 81 733 186
3350 63 737 200
3351 58 703 239
3352 55 644 301
3353 50 569 381
3354 50 479 471
3355 54 379 567
3356 77 273 650
3357 117 190 693
3358 159 146 695
3359 217 138 645
3360 276 139 585
3361 334 155 511
3362 396 187 417
3363 454 225 321
3364 457 273 270
3365 381 353 266
3366 272 473 255
3367 197 590 213
3368 130 664 206
3369 90 715 195
3370 65 723 212
3371 61 710 229
3372 51 666 283
3373 46 596 358
3374 52 481 467
3375 66 358 576
3376 86 270 644
3377 121 199 680
3378 153 156 691
3379 194 137 669
3380 259 140 601
3381 365 145 490
3382 437 154 409
3383 457 205 338
3384 438 273 289
3385 375 363 262
3386 277 469 254
3387 187 586 227
3388 130 673 197
3389 100 725 175
3390 67 746 187
3391 67 728 205
3392 55 660 285
3393 53 582 365
3394 50 478 472
3395 62 364 574
3396 71 265 664
3397 86 204 710
3398 139 168 693
3399 203 133 664
3400 282 137 581
3401 355 136 509
3402 435 167 398
3403 456 201 343
3404 427 279 294
3405 344 369 287
3406 264 488 248
3407 172 603 225
3408 128 691 181
3409 92 736 172
3410 80 741 179
3411 61 719 220
3412 58 660 282
3413 44 573 383
3414 44 468 488
3415 49 353 598
3416 64 260 676
3417 100 200 700
3418 139 159 702
3419 206 142 652
3420 285 134 581
3421 364 142 494
3422 424 168 408
3423 434 223 343
3424 380 306 314
3425 313 420 267
3426 232 528 240
3427 178 626 196
3428 122 688 190
3429 94 736 170
3430 63 738 199
3431 52 714 234
3432 45 642 313
3433 39 535 426
3434 45 433 522
3435 56 329 615
3436 73 256 671
3437 116 191 693
3438 164 146 690
3439 232 122 646
3440 326 126 548
3441 403 139 458
3442 463 164 373
3443 453 208 339
3444 432 291 277
3445 364 377 259
3446 285 490 225
3447 199 593 208
3448 139 675 186
3449 94 722 184
3450 72 742 186
3451 51 720 229
3452 42 658 300
3453 35 581 384
3454 44 475 481
3455 64 363 573
3456 74 261 665
3457 104 204 692
3458 141 154 705
3459 212 139 649
3460 273 130 597
3461 350 146 504
3462 413 175 412
3463 453 224 323
3464 411 286 303
3465 340 385 275
3466 255 506 239
3467 191 606 203
3468 129 679 192
3469 106 725 169
3470 78 719 203
3471 56 698 246
3472 57 658 285
3473 45 558 397
3474 47 449 504
3475 54 347 599
3476 76 267 657
3477 110 199 691
3478 155 171 674
3479 204 147 649
3480 298 138 564
3481 386 144 470
3482 441 165 394
3483 447 212 341
3484 426 286 288
3485 323 375 302
3486 238 506 256
3487 179 615 206
3488 122 683 195
3489 100 734 166
3490 70 735 195
3491 62 718 220
3492 52 652 296
3493 42 573 385
3494 42 452 506
3495 56 343 601
3496 69 261 670
3497 102 197 701
3498 153 163 684
3499 225 129 646
3500 297 123 580
3501 399 130 471
3502 471 149 380
3503 473 186 341
3504 448 266 286
3505 350 355 295
3506 285 487 228
3507 204 586 210
3508 145 673 182
3509 105 725 170
3510 70 746 184
3511 54 744 202
3512 45 680 275
3513 38 600 362
3514 39 475 486
3515 50 375 575
3516 70 277 653
3517 95 205 700
3518 128 159 713
3519 201 128 671
3520 270 119 611
3521 370 130 500
3522 409 155 436
3523 414 216 370
3524 383 309 308
3525 313 412 275
3526 242 528 230
3527 175 630 195
3528 127 706 167
3529 95 743 162
3530 60 750 190
3531 32 724 244
3532 32 659 309
3533 38 556 406
3534 45 434 521
3535 46 325 629
3536 68 248 684
3537 98 189 713
3538 152 152 696
3539 233 124 643
3540 322 108 570
3541 407 122 471
3542 464 159 377
3543 477 211 312
3544 429 275 296
3545 352 382 266
3546 274 496 230
3547 216 602 182
3548 140 676 184
3549 88 738 174
3550 59 753 188
3551 49 730 221
3552 41 676 283
3553 46 577 377
3554 52 458 490
3555 57 346 597
3556 69 267 664
3557 100 193 707
3558 152 147 701
3559 211 118 671
3560 288 113 599
3561 382 135 483
3562 448 160 392
3563 473 206 321
3564 459 260 281
3565 386 348 266
3566 295 467 238
3567 216 587 197
3568 148 671 181
3569 102 717 181
3570 69 738 193
3571 56 725 219
3572 49 684 267
3573 46 603 351
3574 42 487 471
3575 51 371 578
3576 80 278 642
3577 100 203 697
3578 141 162 697
3579 192 134 674
3580 269 124 607
3581 363 128 509
3582 439 150 411
3583 450 190 360
3584 433 272 295
3585 364 364 272
3586 284 474 242
3587 194 582 224
3588 138 682 180
3589 90 734 176
3590 59 760 181
3591 44 751 205
3592 40 684 276
3593 39 596 365
3594 43 487 470
3595 53 375 572
3596 66 265 669
3597 89 200 711
3598 130 151 719
3599 211 119 670
3600 292 105 603
3601 372 112 516
3602 442 141 417
3603 474 183 343
3604 452 261 287
3605 390 348 262
3606 313 459 228
3607 217 568 215
3608 156 678 166
3609 108 732 160
3610 82 751 167
3611 54 735 211
3612 53 685 262
3613 49 599 352
3614 45 492 463
3615 47 387 566
3616 64 275 661
3617 90 204 706
3618 131 159 710
3619 195 134 671
3620 259 120 621
3621 340 142 518
3622 394 168 438
3623 441 219 340
3624 401 284 315
3625 348 395 257
3626 280 493 227
3627 200 586 214
3628 131 680 189
3629 88 727 185
3630 71 744 185
3631 57 710 233
3632 44 659 297
3633 43 561 396
3634 46 464 490
3635 50 368 582
3636 70 270 660
3637 104 203 693
3638 157 152 691
3639 218 133 649
3640 308 123 569
3641 377 131 492
3642 410 159 431
3643 446 222 332
3644 420 284 296
3645 354 377 269
3646 242 494 264
3647 160 625 215
3648 115 717 168
3649 91 754 155
3650 62 750 188
3651 56 716 228
3652 54 660 286
3653 52 569 379
3654 53 454 493
3655 53 322 625
3656 76 230 694
3657 111 170 719
3658 167 139 694
3659 228 117 655
3660 317 112 571
3661 415 114 471
3662 511 131 358
3663 550 167 283
3664 509 220 271
3665 418 321 261
3666 336 443 221
3667 217 547 236
3668 143 671 186
3669 105 743 152
3670 79 764 157
3671 66 754 180
3672 43 714 243
3673 40 636 324
3674 44 517 439
3675 53 409 538
3676 65 276 659
3677 83 192 725
3678 125 153 722
3679 176 121 703
3680 262 110 628
3681 370 102 528
3682 454 113 433
3683 515 137 348
3684 506 209 285
3685 414 302 284
3686 312 433 255
3687 214 567 219
3688 148 676 176
3689 96 750 154
3690 66 791 143
3691 46 797 157
3692 26 745 229
3693 27 672 301
3694 29 540 431
3695 32 404 564
3696 45 292 663
3697 60 205 735
3698 87 149 764
3699 160 116 724
3700 243 95 662
3701 370 85 545
3702 480 90 430
3703 551 116 333
3704 570 157 273
3705 520 225 255
3706 433 331 236
3707 313 451 236
3708 232 592 176
3709 152 683 165
3710 96 758 146
3711 69 788 143
3712 48 774 178
3713 44 727 229
3714 45 625 330
3715 40 504 456
3716 46 368 586
3717 54 271 675
3718 85 188 727
3719 130 127 743
3720 191 96 713
3721 293 82 625
3722 406 82 512
3723 512 90 398
3724 568 120 312
3725 567 161 272
3726 519 245 236
3727 407 354 239
3728 276 497 227
3729 170 642 188
3730 105 748 147
3731 69 805 126
3732 50 811 139
3733 40 789 171
3734 23 715 262
3735 25 623 352
3736 34 478 488
3737 39 324 637
3738 51 213 736
3739 83 144 773
3740 121 106 773
3741 196 90 714
3742 290 89 621
3743 411 87 502
3744 504 111 385
3745 536 172 292
3746 497 251 252
3747 406 359 235
3748 303 488 209
3749 205 607 188
3750 132 706 162
3751 85 781 134
3752 53 804 143
3753 42 775 183
3754 27 707 266
3755 32 614 354
3756 36 480 484
3757 42 357 601
3758 52 252 696
3759 77 167 756
3760 131 119 750
3761 211 94 695
3762 308 82 610
3763 425 78 497
3764 512 95 393
3765 556 131 313
3766 537 192 271
3767 460 296 244
3768 353 421 226
3769 232 553 215
3770 164 686 150
3771 98 758 144
3772 60 807 133
3773 48 809 143
3774 29 760 211
3775 22 675 303
3776 29 557 414
3777 28 418 554
3778 34 286 680
3779 51 208 741
3780 89 142 769
3781 153 102 745
3782 253 87 660
3783 359 72 569
3784 470 84 446
3785 550 112 338
3786 546 164 290
3787 490 246 264
3788 398 368 234
3789 284 500 216
3790 199 629 172
3791 123 729 148
3792 79 793 128
3793 57 809 134
3794 43 779 178
3795 28 711 261
3796 20 604 376
3797 20 480 500
3798 23 351 626
3799 39 248 713
3800 65 168 767
3801 119 126 755
3802 197 102 701
3803 303 92 605
3804 415 93 492
3805 504 105 391
3806 542 145 313
3807 526 210 264
3808 424 306 270
3809 325 450 225
3810 226 573 201
3811 144 682 174
3812 92 763 145
3813 64 803 133
3814 42 791 167
3815 32 748 220
3816 26 662 312
3817 29 524 447
3818 39 398 563
3819 50 279 671
3820 67 187 746
3821 108 130 762
3822 174 101 725
3823 260 78 662
3824 386 78 536
3825 473 90 437
3826 515 129 356
3827 490 206 304
3828 416 323 261
3829 310 454 236
3830 221 589 190
3831 146 701 153
3832 79 776 145
3833 45 831 124
3834 29 826 145
3835 31 765 204
3836 30 646 324
3837 28 516 456
3838 27 383 590
3839 43 272 685
3840 59 181 760
3841 98 110 792
3842 171 76 753
3843 288 64 648
3844 408 66 526
3845 513 76 411
3846 575 104 321
3847 596 153 251
3848 564 223 213
3849 460 326 214
3850 329 464 207
3851 217 607 176
3852 129 717 154
3853 79 795 126
3854 51 817 132
3855 31 796 173
3856 27 746 227
3857 24 647 329
3858 28 512 460
3859 34 365 601
3860 52 249 699
3861 85 153 762
3862 136 98 766
3863 202 68 730
3864 302 52 646
3865 430 51 519
3866 559 58 383
3867 640 76 284
3868 677 111 212
3869 655 170 175
3870 525 247 228
3871 395 407 198
3872 255 553 192
3873 166 694 140
3874 93 776 131
3875 52 831 117
3876 27 837 136
3877 24 803 173
3878 23 729 248
3879 26 570 404
3880 34 421 545
3881 42 272 686
3882 61 182 757
3883 95 108 797
3884 150 68 782
3885 223 47 730
3886 377 48 575
3887 511 53 436
3888 631 68 301
3889 673 97 230
3890 664 145 191
3891 589 228 183
3892 460 343 197
3893 299 493 208
3894 186 653 161
3895 116 761 123
3896 72 816 112
3897 52 831 117
3898 35 803 162
3899 25 737 238
3900 25 632 343
3901 28 482 490
3902 36 319 645
3903 46 203 751
3904 75 138 787
3905 119 94 787
3906 195 78 727
3907 302 68 630
3908 439 66 495
3909 577 79 344
3910 637 104 259
3911 612 160 228
3912 539 250 211
3913 417 367 216
3914 271 505 224
3915 166 661 173
3916 97 768 135
3917 57 824 119
3918 36 839 125
3919 29 804 167
3920 17 721 262
3921 19 616 365
3922 24 476 500
3923 30 315 655
3924 41 202 757
3925 66 135 799
3926 120 95 785
3927 206 76 718
3928 310 73 617
3929 431 74 495
3930 567 93 340
3931 621 118 261
3932 580 177 243
3933 492 285 223
3934 363 413 224
3935 268 561 171
3936 167 659 174
3937 113 759 128
3938 63 794 143
3939 45 819 136
3940 33 778 189
3941 26 682 292
3942 23 561 416
3943 31 416 553
3944 38 310 652
3945 59 203 738
3946 85 147 768
3947 145 96 759
3948 249 77 674
3949 362 69 569
3950 490 77 433
3951 550 94 356
3952 582 140 278
3953 538 215 247
3954 471 315 214
3955 358 433 209
3956 253 565 182
3957 163 678 159
3958 98 760 142
3959 54 808 138
3960 45 806 149
3961 34 740 226
3962 28 651 321
3963 28 539 433
3964 35 407 558
3965 51 287 662
3966 67 189 744
3967 114 125 761
3968 191 80 729
3969 282 69 649
3970 379 67 554
3971 481 82 437
3972 547 112 341
3973 555 166 279
3974 505 256 239
3975 403 370 227
3976 262 517 221
3977 179 669 152
3978 108 754 138
3979 72 810 118
3980 50 816 134
3981 39 784 177
3982 32 705 263
3983 26 598 376
3984 31 457 512
3985 40 300 660
3986 55 206 739
3987 83 135 782
3988 133 101 766
3989 216 83 701
3990 313 79 608
3991 435 89 476
3992 551 108 341
3993 576 149 275
3994 544 218 238
3995 452 321 227
3996 350 447 203
3997 219 567 214
3998 152 702 146
3999 85 759 156
