p=0.00390625 p_inf=0.1 time series=0,1,9,17
Format is t, #suscepted, #infected, #recovered
0 999 1 0
1 997 1 2
2 992 3 5
3 986 8 6
4 979 14 7
5 970 21 9
6 963 30 7
7 956 37 7
8 948 43 9
9 938 51 11
10 923 59 18
11 907 69 24
12 887 79 34
13 866 92 42
14 845 104 51
15 824 118 58
16 797 133 70
17 771 152 77
18 747 170 83
19 727 184 89
20 701 194 105
21 684 207 109
22 664 212 124
23 642 218 140
24 618 225 157
25 598 230 172
26 585 232 183
27 563 231 206
28 557 243 200
29 541 236 223
30 527 247 226
31 507 255 238
32 488 268 244
33 481 282 237
34 479 287 234
35 482 290 228
36 488 275 237
37 484 276 240
38 493 269 238
39 501 252 247
40 512 231 257
41 522 206 272
42 527 191 282
43 529 183 288
44 528 196 276
45 523 196 281
46 524 208 268
47 526 224 250
48 526 243 231
49 511 268 221
50 501 298 201
51 483 316 201
52 457 321 222
53 438 347 215
54 414 354 232
55 386 362 252
56 367 371 262
57 344 365 291
58 321 358 321
59 314 363 323
60 307 365 328
61 305 346 349
62 299 341 360
63 303 339 358
64 308 326 366
65 309 327 364
66 306 333 361
67 313 331 356
68 332 322 346
69 347 322 331
70 349 312 339
71 353 312 335
72 339 321 340
73 338 334 328
74 342 329 329
75 350 327 323
76 339 328 333
77 331 339 330
78 324 357 319
79 317 364 319
80 319 362 319
81 336 347 317
82 341 335 324
83 343 332 325
84 338 329 333
85 330 323 347
86 333 313 354
87 344 303 353
88 356 294 350
89 366 297 337
90 360 299 341
91 356 308 336
92 354 315 331
93 350 323 327
94 351 337 312
95 347 346 307
96 336 359 305
97 321 367 312
98 316 380 304
99 304 376 320
100 299 381 320
101 304 378 318
102 303 359 338
103 302 351 347
104 314 339 347
105 301 319 380
106 311 319 370
107 305 313 382
108 306 314 380
109 315 316 369
110 316 326 358
111 316 333 351
112 318 345 337
113 326 363 311
114 317 355 328
115 308 370 322
116 291 378 331
117 277 393 330
118 250 397 353
119 234 417 349
120 213 421 366
121 218 424 358
122 210 427 363
123 225 420 355
124 235 397 368
125 243 372 385
126 253 360 387
127 253 330 417
128 260 326 414
129 260 316 424
130 273 313 414
131 277 307 416
132 297 326 377
133 300 331 369
134 320 340 340
135 330 350 320
136 328 344 328
137 324 356 320
138 319 363 318
139 298 374 328
140 285 376 339
141 286 384 330
142 270 374 356
143 269 380 351
144 260 387 353
145 261 384 355
146 265 376 359
147 271 361 368
148 274 353 373
149 271 342 387
150 254 355 391
151 248 366 386
152 255 365 380
153 248 361 391
154 258 376 366
155 250 381 369
156 238 397 365
157 232 420 348
158 225 413 362
159 226 409 365
160 235 409 356
161 226 404 370
162 220 398 382
163 213 399 388
164 216 390 394
165 239 364 397
166 255 348 397
167 261 336 403
168 263 330 407
169 281 333 386
170 283 321 396
171 286 318 396
172 308 324 368
173 313 328 359
174 325 339 336
175 330 339 331
176 336 340 324
177 333 331 336
178 331 346 323
179 340 351 309
180 338 336 326
181 315 334 351
182 304 346 350
183 299 357 344
184 302 361 337
185 287 367 346
186 274 367 359
187 277 375 348
188 270 387 343
189 272 396 332
190 274 382 344
191 250 369 381
192 237 389 374
193 231 396 373
194 227 402 371
195 218 398 384
196 210 395 395
197 215 394 391
198 229 403 368
199 230 402 368
200 228 381 391
201 232 376 392
202 238 366 396
203 238 364 398
204 236 367 397
205 230 370 400
206 224 367 409
207 235 374 391
208 228 384 388
209 234 396 370
210 240 400 360
211 254 396 350
212 261 379 360
213 262 369 369
214 257 371 372
215 253 369 378
216 244 363 393
217 246 360 394
218 246 354 400
219 239 358 403
220 238 382 380
221 240 393 367
222 238 389 373
223 250 393 357
224 255 387 358
225 258 385 357
226 256 388 356
227 228 386 386
228 222 390 388
229 223 385 392
230 223 388 389
231 224 384 392
232 216 389 395
233 219 399 382
234 226 393 381
235 256 388 356
236 263 354 383
237 268 352 380
238 277 344 379
239 280 339 381
240 282 331 387
241 277 319 404
242 276 330 394
243 283 336 381
244 278 363 359
245 274 370 356
246 272 382 346
247 274 389 337
248 294 395 311
249 286 387 327
250 270 384 346
251 241 394 365
252 241 396 363
253 232 389 379
254 229 386 385
255 224 382 394
256 236 381 383
257 259 377 364
258 257 357 386
259 274 349 377
260 292 330 378
261 297 319 384
262 309 317 374
263 309 309 382
264 303 310 387
265 308 320 372
266 311 335 354
267 323 340 337
268 310 347 343
269 283 371 346
270 283 400 317
271 284 408 308
272 275 406 319
273 264 405 331
274 264 401 335
275 257 396 347
276 244 396 360
277 237 385 378
278 224 363 413
279 232 368 400
280 242 362 396
281 237 353 410
282 248 362 390
283 253 356 391
284 260 351 389
285 296 355 349
286 300 341 359
287 304 332 364
288 305 334 361
289 311 342 347
290 306 327 367
291 309 338 353
292 311 340 349
293 319 334 347
294 317 340 343
295 308 351 341
296 309 358 333
297 312 349 339
298 314 361 325
299 311 348 341
300 298 349 353
301 276 368 356
302 268 384 348
303 254 381 365
304 252 388 360
305 234 399 367
306 249 405 346
307 246 403 351
308 237 405 358
309 231 395 374
310 239 385 376
311 238 380 382
312 231 374 395
313 234 370 396
314 233 361 406
315 229 364 407
316 255 366 379
317 268 350 382
318 270 347 383
319 281 350 369
320 270 345 385
321 268 360 372
322 255 371 374
323 245 381 374
324 255 389 356
325 261 395 344
326 250 392 358
327 243 400 357
328 246 412 342
329 252 394 354
330 243 377 380
331 243 376 381
332 233 368 399
333 245 372 383
334 245 363 392
335 245 355 400
336 268 343 389
337 273 338 389
338 267 350 383
339 277 357 366
340 261 355 384
341 243 367 390
342 244 394 362
343 243 401 356
344 226 414 360
345 215 436 349
346 215 435 350
347 204 428 368
348 198 441 361
349 185 435 380
350 189 421 390
351 171 410 419
352 162 415 423
353 173 402 425
354 191 392 417
355 204 381 415
356 226 355 419
357 238 339 423
358 248 341 411
359 263 342 395
360 267 322 411
361 248 331 421
362 234 360 406
363 234 385 381
364 228 411 361
365 225 433 342
366 231 434 335
367 252 427 321
368 244 426 330
369 230 425 345
370 213 410 377
371 201 402 397
372 192 388 420
373 209 375 416
374 222 357 421
375 228 351 421
376 240 346 414
377 271 335 394
378 288 319 393
379 302 310 388
380 314 310 376
381 313 311 376
382 303 330 367
383 286 346 368
384 287 368 345
385 290 378 332
386 301 391 308
387 300 389 311
388 301 390 309
389 279 388 333
390 258 391 351
391 254 396 350
392 251 378 371
393 246 371 383
394 251 363 386
395 255 360 385
396 261 355 384
397 266 351 383
398 271 343 386
399 276 333 391
400 287 346 367
401 286 342 372
402 284 351 365
403 280 356 364
404 260 365 375
405 259 389 352
406 261 398 341
407 251 406 343
408 249 403 348
409 250 409 341
410 241 399 360
411 245 403 352
412 250 390 360
413 259 361 380
414 262 343 395
415 278 332 390
416 280 319 401
417 292 311 397
418 310 309 381
419 325 287 388
420 351 285 364
421 362 288 350
422 365 295 340
423 366 303 331
424 359 315 326
425 357 330 313
426 373 334 293
427 363 340 297
428 351 352 297
429 332 361 307
430 330 373 297
431 327 367 306
432 327 358 315
433 311 343 346
434 289 355 356
435 289 371 340
436 285 359 356
437 291 354 355
438 300 336 364
439 305 333 362
440 317 337 346
441 322 340 338
442 325 323 352
443 340 304 356
444 333 301 366
445 349 313 338
446 339 315 346
447 330 328 342
448 317 333 350
449 319 343 338
450 325 358 317
451 312 371 317
452 298 387 315
453 282 389 329
454 277 403 320
455 264 395 341
456 250 403 347
457 221 407 372
458 200 421 379
459 200 429 371
460 212 413 375
461 214 399 387
462 221 383 396
463 225 384 391
464 235 372 393
465 244 358 398
466 241 335 424
467 249 330 421
468 264 338 398
469 279 337 384
470 279 338 383
471 297 337 366
472 305 331 364
473 332 337 331
474 322 333 345
475 313 348 339
476 300 349 351
477 290 363 347
478 294 372 334
479 285 369 346
480 285 384 331
481 268 378 354
482 276 399 325
483 273 376 351
484 261 378 361
485 259 376 365
486 260 369 371
487 254 371 375
488 253 362 385
489 244 369 387
490 269 357 374
491 278 355 367
492 284 344 372
493 288 340 372
494 281 343 376
495 289 348 363
496 272 349 379
497 274 359 367
498 260 369 371
499 258 385 357
500 258 398 344
501 238 402 360
502 228 419 353
503 227 424 349
504 239 424 337
505 250 402 348
506 244 381 375
507 242 371 387
508 253 360 387
509 248 345 407
510 252 333 415
511 261 324 415
512 277 315 408
513 290 321 389
514 289 329 382
515 291 340 369
516 292 349 359
517 303 363 334
518 301 364 335
519 281 375 344
520 268 404 328
521 245 411 344
522 238 426 336
523 221 422 357
524 203 430 367
525 211 434 355
526 215 425 360
527 218 410 372
528 228 378 394
529 228 361 411
530 246 346 408
531 232 332 436
532 241 338 421
533 237 325 438
534 247 338 415
535 272 343 385
536 279 350 371
537 306 360 334
538 315 348 337
539 323 353 324
540 333 339 328
541 328 342 330
542 314 334 352
543 293 343 364
544 282 357 361
545 281 358 361
546 258 371 371
547 267 389 344
548 263 394 343
549 270 395 335
550 269 396 335
551 259 388 353
552 255 384 361
553 250 387 363
554 248 379 373
555 252 363 385
556 262 354 384
557 260 343 397
558 279 344 377
559 290 333 377
560 287 326 387
561 292 326 382
562 303 329 368
563 309 334 357
564 301 337 362
565 300 356 344
566 289 356 355
567 298 378 324
568 305 376 319
569 298 369 333
570 287 373 340
571 275 379 346
572 247 388 365
573 250 397 353
574 242 394 364
575 250 380 370
576 259 374 367
577 257 372 371
578 275 370 355
579 277 346 377
580 287 335 378
581 300 316 384
582 319 306 375
583 324 301 375
584 319 302 379
585 326 309 365
586 339 304 357
587 354 315 331
588 372 311 317
589 353 312 335
590 331 341 328
591 309 368 323
592 293 389 318
593 277 398 325
594 245 419 336
595 230 440 330
596 220 459 321
597 211 468 321
598 208 448 344
599 203 424 373
600 213 408 379
601 224 389 387
602 222 357 421
603 215 338 447
604 232 326 442
605 261 300 439
606 286 291 423
607 300 290 410
608 306 292 402
609 323 305 372
610 331 320 349
611 327 331 342
612 326 347 327
613 319 374 307
614 303 390 307
615 287 407 306
616 270 421 309
617 254 425 321
618 244 426 330
619 246 425 329
620 211 407 382
621 187 415 398
622 181 423 396
623 179 412 409
624 191 400 409
625 191 384 425
626 210 383 407
627 226 365 409
628 253 367 380
629 263 332 405
630 293 314 393
631 308 295 397
632 317 292 391
633 308 299 393
634 322 309 369
635 326 313 361
636 346 307 347
637 356 322 322
638 359 330 311
639 363 346 291
640 351 345 304
641 346 350 304
642 324 345 331
643 311 363 326
644 283 382 335
645 260 395 345
646 230 410 360
647 215 424 361
648 211 440 349
649 228 439 333
650 227 427 346
651 214 410 376
652 202 404 394
653 211 403 386
654 212 379 409
655 212 364 424
656 222 348 430
657 234 339 427
658 247 339 414
659 264 343 393
660 278 332 390
661 294 319 387
662 308 327 365
663 314 328 358
664 307 338 355
665 297 354 349
666 291 364 345
667 293 366 341
668 302 375 323
669 282 379 339
670 278 391 331
671 259 394 347
672 246 403 351
673 231 400 369
674 225 405 370
675 213 409 378
676 213 412 375
677 222 408 370
678 226 387 387
679 230 380 390
680 245 367 388
681 240 355 405
682 238 355 407
683 230 353 417
684 234 358 408
685 259 358 383
686 269 354 377
687 280 351 369
688 286 353 361
689 288 359 353
690 300 357 343
691 315 347 338
692 319 327 354
693 312 323 365
694 317 334 349
695 321 332 347
696 321 326 353
697 322 320 358
698 333 321 346
699 349 320 331
700 351 324 325
701 337 326 337
702 323 329 348
703 332 345 323
704 337 342 321
705 351 343 306
706 356 328 316
707 359 324 317
708 356 317 327
709 359 318 323
710 351 312 337
711 338 304 358
712 324 320 356
713 328 333 339
714 312 344 344
715 295 364 341
716 280 388 332
717 285 402 313
718 284 403 313
719 271 412 317
720 274 409 317
721 269 393 338
722 259 387 354
723 246 377 377
724 239 366 395
725 246 359 395
726 250 351 399
727 268 338 394
728 280 323 397
729 282 327 391
730 291 331 378
731 311 332 357
732 318 323 359
733 302 323 375
734 308 347 345
735 314 354 332
736 292 363 345
737 277 381 342
738 271 392 337
739 278 397 325
740 280 399 321
741 261 397 342
742 255 392 353
743 253 391 356
744 261 384 355
745 265 358 377
746 272 343 385
747 283 331 386
748 292 318 390
749 309 311 380
750 313 299 388
751 305 296 399
752 318 311 371
753 333 324 343
754 348 324 328
755 337 321 342
756 336 345 319
757 339 353 308
758 329 362 309
759 308 375 317
760 285 381 334
761 279 391 330
762 276 397 327
763 261 403 336
764 262 394 344
765 264 385 351
766 258 374 368
767 271 367 362
768 267 348 385
769 263 342 395
770 253 340 407
771 267 344 389
772 280 339 381
773 292 335 373
774 316 334 350
775 340 317 343
776 350 312 338
777 354 308 338
778 350 306 344
779 350 306 344
780 346 311 343
781 349 319 332
782 352 317 331
783 340 331 329
784 344 348 308
785 340 348 312
786 332 354 314
787 318 362 320
788 294 371 335
789 285 387 328
790 266 398 336
791 259 403 338
792 256 393 351
793 254 396 350
794 259 392 349
795 262 379 359
796 260 367 373
797 253 353 394
798 248 349 403
799 249 349 402
800 255 358 387
801 262 349 389
802 272 346 382
803 286 349 365
804 311 347 342
805 305 336 359
806 306 346 348
807 309 345 346
808 318 333 349
809 320 333 347
810 319 334 347
811 309 332 359
812 313 344 343
813 323 351 326
814 329 331 340
815 334 326 340
816 320 333 347
817 312 347 341
818 315 354 331
819 294 353 353
820 278 362 360
821 280 371 349
822 277 389 334
823 271 397 332
824 268 396 336
825 265 385 350
826 262 381 357
827 271 385 344
828 271 367 362
829 268 358 374
830 273 343 384
831 280 330 390
832 297 324 379
833 312 318 370
834 310 307 383
835 321 305 374
836 326 312 362
837 340 316 344
838 347 317 336
839 344 323 333
840 335 332 333
841 327 347 326
842 311 366 323
843 292 384 324
844 286 396 318
845 281 398 321
846 259 402 339
847 240 418 342
848 244 428 328
849 237 409 354
850 233 397 370
851 239 383 378
852 236 365 399
853 216 366 418
854 217 382 401
855 229 365 406
856 239 343 418
857 246 352 402
858 260 357 383
859 276 357 367
860 266 359 375
861 260 368 372
862 276 358 366
863 280 359 361
864 260 377 363
865 249 388 363
866 257 394 349
867 244 386 370
868 243 397 360
869 258 389 353
870 248 384 368
871 244 393 363
872 243 379 378
873 240 369 391
874 246 366 388
875 259 368 373
876 278 344 378
877 292 333 375
878 286 324 390
879 299 321 380
880 303 322 375
881 322 328 350
882 328 312 360
883 337 304 359
884 345 319 336
885 340 322 338
886 348 336 316
887 339 331 330
888 319 339 342
889 312 353 335
890 304 376 320
891 275 392 333
892 263 406 331
893 244 415 341
894 238 420 342
895 232 431 337
896 240 429 331
897 235 407 358
898 212 389 399
899 214 396 390
900 209 380 411
901 221 376 403
902 224 359 417
903 239 345 416
904 261 332 407
905 276 332 392
906 273 335 392
907 277 331 392
908 266 343 391
909 278 358 364
910 290 363 347
911 286 365 349
912 268 382 350
913 276 400 324
914 281 389 330
915 272 388 340
916 266 385 349
917 251 376 373
918 247 386 367
919 229 388 383
920 212 389 399
921 195 388 417
922 200 416 384
923 209 412 379
924 231 406 363
925 223 393 384
926 228 391 381
927 247 384 369
928 262 364 374
929 249 350 401
930 262 335 403
931 260 326 414
932 263 334 403
933 270 344 386
934 260 339 401
935 270 356 374
936 270 366 364
937 281 380 339
938 279 384 337
939 275 395 330
940 276 391 333
941 274 380 346
942 264 387 349
943 256 380 364
944 259 378 363
945 268 361 371
946 262 348 390
947 276 343 381
948 290 333 377
949 285 330 385
950 296 328 376
951 294 324 382
952 301 328 371
953 300 338 362
954 316 352 332
955 325 341 334
956 328 342 330
957 337 342 321
958 333 335 332
959 324 343 333
960 316 348 336
961 299 346 355
962 301 349 350
963 302 358 340
964 300 356 344
965 306 358 336
966 312 359 329
967 318 345 337
968 339 334 327
969 361 315 324
970 355 290 355
971 349 287 364
972 329 295 376
973 322 313 365
974 325 319 356
975 323 330 347
976 335 343 322
977 340 350 310
978 341 370 289
979 333 372 295
980 340 372 288
981 345 347 308
982 349 336 315
983 348 321 331
984 330 309 361
985 315 320 365
986 303 315 382
987 310 325 365
988 321 318 361
989 319 332 349
990 319 345 336
991 327 360 313
992 309 364 327
993 297 371 332
994 285 388 327
995 290 390 320
996 253 392 355
997 232 415 353
998 210 423 367
999 200 430 370
1000 201 436 363
1001 198 428 374
1002 207 414 379
1003 210 403 387
1004 219 398 383
1005 242 366 392
1006 258 335 407
1007 263 312 425
1008 278 301 421
1009 298 294 408
1010 304 288 408
1011 294 293 413
1012 315 308 377
1013 330 319 351
1014 336 335 329
1015 335 352 313
1016 325 364 311
1017 321 381 298
1018 315 391 294
1019 307 392 301
1020 287 385 328
1021 280 394 326
1022 268 385 347
1023 265 380 355
1024 259 371 370
1025 258 360 382
1026 263 351 386
1027 265 345 390
1028 260 350 390
1029 250 346 404
1030 265 365 370
1031 264 355 381
1032 261 365 374
1033 258 379 363
1034 262 391 347
1035 267 393 340
1036 275 383 342
1037 257 379 364
1038 261 378 361
1039 252 384 364
1040 248 383 369
1041 228 373 399
1042 225 381 394
1043 221 382 397
1044 231 396 373
1045 248 390 362
1046 243 374 383
1047 254 373 373
1048 271 363 366
1049 277 356 367
1050 273 342 385
1051 266 345 389
1052 267 338 395
1053 264 343 393
1054 254 362 384
1055 265 373 362
1056 272 372 356
1057 290 372 338
1058 284 368 348
1059 301 371 328
1060 297 361 342
1061 291 360 349
1062 274 347 379
1063 280 353 367
1064 269 348 383
1065 272 359 369
1066 272 360 368
1067 269 357 374
1068 272 370 358
1069 289 368 343
1070 297 364 339
1071 285 350 365
1072 277 367 356
1073 280 364 356
1074 284 360 356
1075 278 359 363
1076 282 352 366
1077 290 350 360
1078 303 346 351
1079 292 347 361
1080 302 341 357
1081 308 334 358
1082 300 332 368
1083 308 341 351
1084 308 340 352
1085 309 342 349
1086 308 345 347
1087 313 345 342
1088 319 346 335
1089 305 347 348
1090 300 363 337
1091 287 359 354
1092 274 373 353
1093 268 384 348
1094 261 387 352
1095 266 394 340
1096 262 388 350
1097 247 391 362
1098 246 390 364
1099 237 395 368
1100 239 390 371
1101 224 377 399
1102 226 389 385
1103 226 380 394
1104 227 386 387
1105 242 382 376
1106 254 368 378
1107 265 351 384
1108 262 345 393
1109 258 361 381
1110 258 353 389
1111 246 362 392
1112 239 368 393
1113 242 379 379
1114 241 390 369
1115 245 408 347
1116 237 410 353
1117 245 402 353
1118 249 402 349
1119 240 389 371
1120 238 392 370
1121 228 383 389
1122 221 382 397
1123 220 371 409
1124 226 370 404
1125 216 372 412
1126 223 382 395
1127 239 388 373
1128 252 369 379
1129 254 365 381
1130 256 364 380
1131 264 373 363
1132 258 366 376
1133 250 370 380
1134 237 368 395
1135 245 375 380
1136 231 386 383
1137 231 404 365
1138 231 405 364
1139 238 396 366
1140 239 396 365
1141 260 391 349
1142 273 372 355
1143 265 352 383
1144 261 349 390
1145 271 335 394
1146 287 324 389
1147 285 317 398
1148 291 319 390
1149 312 318 370
1150 332 316 352
1151 338 316 346
1152 336 313 351
1153 331 329 340
1154 327 345 328
1155 312 356 332
1156 317 369 314
1157 311 365 324
1158 303 373 324
1159 311 381 308
1160 316 376 308
1161 314 355 331
1162 321 341 338
1163 310 323 367
1164 324 321 355
1165 311 311 378
1166 306 316 378
1167 314 313 373
1168 336 310 354
1169 341 309 350
1170 345 318 337
1171 361 332 307
1172 334 318 348
1173 323 355 322
1174 305 361 334
1175 293 382 325
1176 285 397 318
1177 280 406 314
1178 272 402 326
1179 275 396 329
1180 265 407 328
1181 267 380 353
1182 259 372 369
1183 255 359 386
1184 257 348 395
1185 248 337 415
1186 247 350 403
1187 230 357 413
1188 257 363 380
1189 264 363 373
1190 272 364 364
1191 265 369 366
1192 254 387 359
1193 236 409 355
1194 218 414 368
1195 215 425 360
1196 214 422 364
1197 215 423 362
1198 219 421 360
1199 220 412 368
1200 222 393 385
1201 227 369 404
1202 228 359 413
1203 245 347 408
1204 248 333 419
1205 254 329 417
1206 251 325 424
1207 263 337 400
1208 274 344 382
1209 281 357 362
1210 290 360 350
1211 300 363 337
1212 296 367 337
1213 293 375 332
1214 284 382 334
1215 263 379 358
1216 248 393 359
1217 250 395 355
1218 241 390 369
1219 228 396 376
1220 227 405 368
1221 222 398 380
1222 245 396 359
1223 256 376 368
1224 269 351 380
1225 276 336 388
1226 278 334 388
1227 270 326 404
1228 282 325 393
1229 274 320 406
1230 260 330 410
1231 261 364 375
1232 266 388 346
1233 271 398 331
1234 282 395 323
1235 286 392 322
1236 284 389 327
1237 267 396 337
1238 253 403 344
1239 236 383 381
1240 218 376 406
1241 208 384 408
1242 216 397 387
1243 224 392 384
1244 222 387 391
1245 241 382 377
1246 260 356 384
1247 283 357 360
1248 279 341 380
1249 272 337 391
1250 274 331 395
1251 275 334 391
1252 272 338 390
1253 296 346 358
1254 284 348 368
1255 294 359 347
1256 293 365 342
1257 297 370 333
1258 274 372 354
1259 274 392 334
1260 267 388 345
1261 242 387 371
1262 243 410 347
1263 236 398 366
1264 240 399 361
1265 247 390 363
1266 245 381 374
1267 249 363 388
1268 256 363 381
1269 264 357 379
1270 267 326 407
1271 245 335 420
1272 242 356 402
1273 242 368 390
1274 253 377 370
1275 243 384 373
1276 240 394 366
1277 243 403 354
1278 238 431 331
1279 235 427 338
1280 245 409 346
1281 241 387 372
1282 224 382 394
1283 224 392 384
1284 221 382 397
1285 204 376 420
1286 229 365 406
1287 257 344 399
1288 285 334 381
1289 304 328 368
1290 321 314 365
1291 329 287 384
1292 331 289 380
1293 342 293 365
1294 347 293 360
1295 339 309 352
1296 333 327 340
1297 326 339 335
1298 323 360 317
1299 297 390 313
1300 282 414 304
1301 276 425 299
1302 252 431 317
1303 243 439 318
1304 227 430 343
1305 219 434 347
1306 217 421 362
1307 223 393 384
1308 235 363 402
1309 248 340 412
1310 241 321 438
1311 249 320 431
1312 255 321 424
1313 264 311 425
1314 296 315 389
1315 323 311 366
1316 334 314 352
1317 335 326 339
1318 343 344 313
1319 333 337 330
1320 319 346 335
1321 308 370 322
1322 291 377 332
1323 275 398 327
1324 261 411 328
1325 241 413 346
1326 256 415 329
1327 244 407 349
1328 224 410 366
1329 220 406 374
1330 205 403 392
1331 208 397 395
1332 217 381 402
1333 227 370 403
1334 236 358 406
1335 245 357 398
1336 271 345 384
1337 296 323 381
1338 312 301 387
1339 329 291 380
1340 337 290 373
1341 346 293 361
1342 339 296 365
1343 357 304 339
1344 376 298 326
1345 381 301 318
1346 383 318 299
1347 375 326 299
1348 367 335 298
1349 360 340 300
1350 353 344 303
1351 354 343 303
1352 342 348 310
1353 330 357 313
1354 315 352 333
1355 312 359 329
1356 313 353 334
1357 316 347 337
1358 305 340 355
1359 308 352 340
1360 294 344 362
1361 304 349 347
1362 306 344 350
1363 309 335 356
1364 314 338 348
1365 319 339 342
1366 314 341 345
1367 311 334 355
1368 305 345 350
1369 291 346 363
1370 301 365 334
1371 290 364 346
1372 272 372 356
1373 262 389 349
1374 268 397 335
1375 252 398 350
1376 255 403 342
1377 236 399 365
1378 231 399 370
1379 229 405 366
1380 233 399 368
1381 236 378 386
1382 245 367 388
1383 256 357 387
1384 273 341 386
1385 291 328 381
1386 298 310 392
1387 307 297 396
1388 331 294 375
1389 343 291 366
1390 339 290 371
1391 346 304 350
1392 353 313 334
1393 366 319 315
1394 381 324 295
1395 385 322 293
1396 368 321 311
1397 350 341 309
1398 339 360 301
1399 322 357 321
1400 306 365 329
1401 292 375 333
1402 267 384 349
1403 274 411 315
1404 259 405 336
1405 257 400 343
1406 268 383 349
1407 283 375 342
1408 277 352 371
1409 274 348 378
1410 264 342 394
1411 266 325 409
1412 279 329 392
1413 289 321 390
1414 298 328 374
1415 295 327 378
1416 292 353 355
1417 283 360 357
1418 288 375 337
1419 285 387 328
1420 283 386 331
1421 274 396 330
1422 280 398 322
1423 270 393 337
1424 272 377 351
1425 283 368 349
1426 292 342 366
1427 296 321 383
1428 296 318 386
1429 295 308 397
1430 304 307 389
1431 325 303 372
1432 332 298 370
1433 340 300 360
1434 339 318 343
1435 333 340 327
1436 325 349 326
1437 329 367 304
1438 306 364 330
1439 306 391 303
1440 306 396 298
1441 281 394 325
1442 276 401 323
1443 271 384 345
1444 276 380 344
1445 290 357 353
1446 291 346 363
1447 301 318 381
1448 327 303 370
1449 351 279 370
1450 379 248 373
1451 390 237 373
1452 415 230 355
1453 425 228 347
1454 453 229 318
1455 457 229 314
1456 473 240 287
1457 491 248 261
1458 480 261 259
1459 476 283 241
1460 469 294 237
1461 452 303 245
1462 430 319 251
1463 407 341 252
1464 383 353 264
1465 373 369 258
1466 363 366 271
1467 351 354 295
1468 331 355 314
1469 313 366 321
1470 284 368 348
1471 259 375 366
1472 230 388 382
1473 220 401 379
1474 227 414 359
1475 226 419 355
1476 222 419 359
1477 237 412 351
1478 258 395 347
1479 269 367 364
1480 270 343 387
1481 262 329 409
1482 267 324 409
1483 272 314 414
1484 292 309 399
1485 297 296 407
1486 327 308 365
1487 343 306 351
1488 354 314 332
1489 355 317 328
1490 345 321 334
1491 337 341 322
1492 335 354 311
1493 321 369 310
1494 295 371 334
1495 283 399 318
1496 276 403 321
1497 270 407 323
1498 251 409 340
1499 235 408 357
1500 227 411 362
1501 236 404 360
1502 231 393 376
1503 235 370 395
1504 232 362 406
1505 239 361 400
1506 253 352 395
1507 269 339 392
1508 281 320 399
1509 298 315 387
1510 325 309 366
1511 337 305 358
1512 346 301 353
1513 345 293 362
1514 347 303 350
1515 358 314 328
1516 354 322 324
1517 348 331 321
1518 344 343 313
1519 343 351 306
1520 338 356 306
1521 330 369 301
1522 311 367 322
1523 293 375 332
1524 282 385 333
1525 273 387 340
1526 267 384 349
1527 257 382 361
1528 262 387 351
1529 266 369 365
1530 279 367 354
1531 283 346 371
1532 288 332 380
1533 290 325 385
1534 274 326 400
1535 260 344 396
1536 270 353 377
1537 276 361 363
1538 291 357 352
1539 318 363 319
1540 322 350 328
1541 319 353 328
1542 306 355 339
1543 304 350 346
1544 296 343 361
1545 297 343 360
1546 281 346 373
1547 282 356 362
1548 266 368 366
1549 259 381 360
1550 269 386 345
1551 274 381 345
1552 260 383 357
1553 251 397 352
1554 242 403 355
1555 230 402 368
1556 233 402 365
1557 231 386 383
1558 231 383 386
1559 235 388 377
1560 240 382 378
1561 251 363 386
1562 267 346 387
1563 268 331 401
1564 282 330 388
1565 294 332 374
1566 286 323 391
1567 293 326 381
1568 307 325 368
1569 306 330 364
1570 311 348 341
1571 293 358 349
1572 279 377 344
1573 270 389 341
1574 266 407 327
1575 257 408 335
1576 244 418 338
1577 237 426 337
1578 221 415 364
1579 208 421 371
1580 205 415 380
1581 206 406 388
1582 226 387 387
1583 220 366 414
1584 220 362 418
1585 221 354 425
1586 226 364 410
1587 244 353 403
1588 260 341 399
1589 271 334 395
1590 277 342 381
1591 283 357 360
1592 283 355 362
1593 271 363 366
1594 272 365 363
1595 270 375 355
1596 265 389 346
1597 261 401 338
1598 254 397 349
1599 259 389 352
1600 260 386 354
1601 283 377 340
1602 277 352 371
1603 276 348 376
1604 278 335 387
1605 281 321 398
1606 287 322 391
1607 294 324 382
1608 308 320 372
1609 325 315 360
1610 325 323 352
1611 333 327 340
1612 340 332 328
1613 320 339 341
1614 323 358 319
1615 317 353 330
1616 304 363 333
1617 279 381 340
1618 275 398 327
1619 276 398 326
1620 261 392 347
1621 262 400 338
1622 267 380 353
1623 273 380 347
1624 256 364 380
1625 245 363 392
1626 248 357 395
1627 255 354 391
1628 249 353 398
1629 260 351 389
1630 239 360 401
1631 243 381 376
1632 248 393 359
1633 249 389 362
1634 255 394 351
1635 248 391 361
1636 260 399 341
1637 244 389 367
1638 235 396 369
1639 224 384 392
1640 233 383 384
1641 229 378 393
1642 244 377 379
1643 243 365 392
1644 243 358 399
1645 254 368 378
1646 273 350 377
1647 275 343 382
1648 286 342 372
1649 300 336 364
1650 297 323 380
1651 294 338 368
1652 295 348 357
1653 305 337 358
1654 300 345 355
1655 302 357 341
1656 311 356 333
1657 319 353 328
1658 299 358 343
1659 292 363 345
1660 307 360 333
1661 295 356 349
1662 292 360 348
1663 288 351 361
1664 281 356 363
1665 283 366 351
1666 289 359 352
1667 288 348 364
1668 283 352 365
1669 288 361 351
1670 284 352 364
1671 268 365 367
1672 258 376 366
1673 254 376 370
1674 258 387 355
1675 261 394 345
1676 254 387 359
1677 268 385 347
1678 262 380 358
1679 269 373 358
1680 258 355 387
1681 247 366 387
1682 245 366 389
1683 244 361 395
1684 241 369 390
1685 235 374 391
1686 247 385 368
1687 263 380 357
1688 263 382 355
1689 254 371 375
1690 261 380 359
1691 262 378 360
1692 260 369 371
1693 250 366 384
1694 251 365 384
1695 252 369 379
1696 261 366 373
1697 273 368 359
1698 277 347 376
1699 291 345 364
1700 295 340 365
1701 305 339 356
1702 298 330 372
1703 300 333 367
1704 306 334 360
1705 316 326 358
1706 318 337 345
1707 309 337 354
1708 302 351 347
1709 296 359 345
1710 276 374 350
1711 267 391 342
1712 264 399 337
1713 242 410 348
1714 230 421 349
1715 216 433 351
1716 223 433 344
1717 225 418 357
1718 233 401 366
1719 232 376 392
1720 247 369 384
1721 257 343 400
1722 255 322 423
1723 273 312 415
1724 283 294 423
1725 296 299 405
1726 321 303 376
1727 329 303 368
1728 332 302 366
1729 343 325 332
1730 344 335 321
1731 338 344 318
1732 330 368 302
1733 321 371 308
1734 322 376 302
1735 310 375 315
1736 278 388 334
1737 275 397 328
1738 269 390 341
1739 256 387 357
1740 240 376 384
1741 242 389 369
1742 229 382 389
1743 224 396 380
1744 224 388 388
1745 227 379 394
1746 224 383 393
1747 244 389 367
1748 234 380 386
1749 234 377 389
1750 231 384 385
1751 241 373 386
1752 252 371 377
1753 241 369 390
1754 243 376 381
1755 246 368 386
1756 264 374 362
1757 239 359 402
1758 251 377 372
1759 258 376 366
1760 260 371 369
1761 269 371 360
1762 277 355 368
1763 270 355 375
1764 278 356 366
1765 278 363 359
1766 286 345 369
1767 287 338 375
1768 279 342 379
1769 269 350 381
1770 263 376 361
1771 256 382 362
1772 255 388 357
1773 274 382 344
1774 268 381 351
1775 275 394 331
1776 280 383 337
1777 265 370 365
1778 274 359 367
1779 278 344 378
1780 280 334 386
1781 279 338 383
1782 278 340 382
1783 284 328 388
1784 303 333 364
1785 329 327 344
1786 346 312 342
1787 350 310 340
1788 335 316 349
1789 329 327 344
1790 328 331 341
1791 304 344 352
1792 300 363 337
1793 312 373 315
1794 302 376 322
1795 279 388 333
1796 262 405 333
1797 253 411 336
1798 232 416 352
1799 223 424 353
1800 213 414 373
1801 208 414 378
1802 208 416 376
1803 216 404 380
1804 225 379 396
1805 250 364 386
1806 259 334 407
1807 266 317 417
1808 275 320 405
1809 272 311 417
1810 274 312 414
1811 285 322 393
1812 290 336 374
1813 295 346 359
1814 297 371 332
1815 294 386 320
1816 262 386 352
1817 251 427 322
1818 238 437 325
1819 227 440 333
1820 224 437 339
1821 199 430 371
1822 198 430 372
1823 199 416 385
1824 193 415 392
1825 201 380 419
1826 210 362 428
1827 220 350 430
1828 236 343 421
1829 238 334 428
1830 250 332 418
1831 261 334 405
1832 288 324 388
1833 283 332 385
1834 269 355 376
1835 272 381 347
1836 262 385 353
1837 265 404 331
1838 257 403 340
1839 266 409 325
1840 255 410 335
1841 233 413 354
1842 228 412 360
1843 229 391 380
1844 228 386 386
1845 231 368 401
1846 227 366 407
1847 225 364 411
1848 235 365 400
1849 253 352 395
1850 263 335 402
1851 266 346 388
1852 274 348 378
1853 269 358 373
1854 256 365 379
1855 254 380 366
1856 256 381 363
1857 263 392 345
1858 256 402 342
1859 251 398 351
1860 233 401 366
1861 232 409 359
1862 226 403 371
1863 213 394 393
1864 212 406 382
1865 208 396 396
1866 212 390 398
1867 228 390 382
1868 252 371 377
1869 260 339 401
1870 283 337 380
1871 278 323 399
1872 289 316 395
1873 285 315 400
1874 279 325 396
1875 275 331 394
1876 276 354 370
1877 267 385 348
1878 262 396 342
1879 263 415 322
1880 245 421 334
1881 235 440 325
1882 230 440 330
1883 205 439 356
1884 185 441 374
1885 195 430 375
1886 193 409 398
1887 196 392 412
1888 183 383 434
1889 201 377 422
1890 217 359 424
1891 229 344 427
1892 263 330 407
1893 279 307 414
1894 303 312 385
1895 319 305 376
1896 331 298 371
1897 338 292 370
1898 344 303 353
1899 343 312 345
1900 337 327 336
1901 315 356 329
1902 307 373 320
1903 309 388 303
1904 304 393 303
1905 284 404 312
1906 255 413 332
1907 242 433 325
1908 204 431 365
1909 201 440 359
1910 188 426 386
1911 187 424 389
1912 190 420 390
1913 186 406 408
1914 186 401 413
1915 201 381 418
1916 215 368 417
1917 235 345 420
1918 246 339 415
1919 254 330 416
1920 271 326 403
1921 282 323 395
1922 315 317 368
1923 336 304 360
1924 356 296 348
1925 358 299 343
1926 360 303 337
1927 353 310 337
1928 355 321 324
1929 351 322 327
1930 350 332 318
1931 343 346 311
1932 336 361 303
1933 332 365 303
1934 323 365 312
1935 302 367 331
1936 306 377 317
1937 307 372 321
1938 307 361 332
1939 303 347 350
1940 315 336 349
1941 317 320 363
1942 322 318 360
1943 331 311 358
1944 322 292 386
1945 337 306 357
1946 351 302 347
1947 355 302 343
1948 347 309 344
1949 341 333 326
1950 333 341 326
1951 338 356 306
1952 319 370 311
1953 306 375 319
1954 276 392 332
1955 253 422 325
1956 245 438 317
1957 240 422 338
1958 246 419 335
1959 240 398 362
1960 240 390 370
1961 243 385 372
1962 224 365 411
1963 226 354 420
1964 239 336 425
1965 252 339 409
1966 280 329 391
1967 292 322 386
1968 313 318 369
1969 334 302 364
1970 358 301 341
1971 363 288 349
1972 361 301 338
1973 356 300 344
1974 349 315 336
1975 340 329 331
1976 343 342 315
1977 323 355 322
1978 315 376 309
1979 307 397 296
1980 308 392 300
1981 306 392 302
1982 287 379 334
1983 286 384 330
1984 277 372 351
1985 262 368 370
1986 258 362 380
1987 257 345 398
1988 254 351 395
1989 260 354 386
1990 267 361 372
1991 279 349 372
1992 289 349 362
1993 302 343 355
1994 332 336 332
1995 337 323 340
1996 332 312 356
1997 328 314 358
1998 325 311 364
1999 307 326 367
2000 301 344 355
2001 309 356 335
2002 302 355 343
2003 312 375 313
2004 318 376 306
2005 311 368 321
2006 300 378 322
2007 296 374 330
2008 294 360 346
2009 297 350 353
2010 292 348 360
2011 299 333 368
2012 313 325 362
2013 317 319 364
2014 326 305 369
2015 335 300 365
2016 349 305 346
2017 352 301 347
2018 365 300 335
2019 373 302 325
2020 369 302 329
2021 378 312 310
2022 377 317 306
2023 383 323 294
2024 373 312 315
2025 365 326 309
2026 343 335 322
2027 343 355 302
2028 331 355 314
2029 318 357 325
2030 319 365 316
2031 334 358 308
2032 330 354 316
2033 318 344 338
2034 303 347 350
2035 281 342 377
2036 273 364 363
2037 255 370 375
2038 258 380 362
2039 256 384 360
2040 264 390 346
2041 268 392 340
2042 294 385 321
2043 275 364 361
2044 276 361 363
2045 272 354 374
2046 280 348 372
2047 265 336 399
2048 260 345 395
2049 268 348 384
2050 274 347 379
2051 300 362 338
2052 306 339 355
2053 329 340 331
2054 327 323 350
2055 329 337 334
2056 323 326 351
2057 320 329 351
2058 299 333 368
2059 309 339 352
2060 313 352 335
2061 318 347 335
2062 304 359 337
2063 319 359 322
2064 320 355 325
2065 324 351 325
2066 331 343 326
2067 324 330 346
2068 328 324 348
2069 322 325 353
2070 325 319 356
2071 314 316 370
2072 297 331 372
2073 287 352 361
2074 286 370 344
2075 295 384 321
2076 282 381 337
2077 290 393 317
2078 283 391 326
2079 278 401 321
2080 287 391 322
2081 280 361 359
2082 275 350 375
2083 273 341 386
2084 266 346 388
2085 257 341 402
2086 256 352 392
2087 265 343 392
2088 293 344 363
2089 308 346 346
2090 330 342 328
2091 330 329 341
2092 336 324 340
2093 328 323 349
2094 336 320 344
2095 326 321 353
2096 325 330 345
2097 316 329 355
2098 320 342 338
2099 317 351 332
2100 319 359 322
2101 331 358 311
2102 327 349 324
2103 325 352 323
2104 322 345 333
2105 309 349 342
2106 298 349 353
2107 296 351 353
2108 304 345 351
2109 309 338 353
2110 316 342 342
2111 325 332 343
2112 328 330 342
2113 347 323 330
2114 352 304 344
2115 349 297 354
2116 348 306 346
2117 329 314 357
2118 316 329 355
2119 296 352 352
2120 292 374 334
2121 286 385 329
2122 266 410 324
2123 253 437 310
2124 241 441 318
2125 242 445 313
2126 231 429 340
2127 226 417 357
2128 207 400 393
2129 202 408 390
2130 193 388 419
2131 194 370 436
2132 191 365 444
2133 220 364 416
2134 248 351 401
2135 269 335 396
2136 278 331 391
2137 295 314 391
2138 311 317 372
2139 315 319 366
2140 319 320 361
2141 312 317 371
2142 310 337 353
2143 304 355 341
2144 307 365 328
2145 301 379 320
2146 293 382 325
2147 296 388 316
2148 301 384 315
2149 284 382 334
2150 274 379 347
2151 258 371 371
2152 246 377 377
2153 238 375 387
2154 241 380 379
2155 251 371 378
2156 248 365 387
2157 239 370 391
2158 237 382 381
2159 227 392 381
2160 225 396 379
2161 216 400 384
2162 224 404 372
2163 228 405 367
2164 221 407 372
2165 220 409 371
2166 221 398 381
2167 239 387 374
2168 238 365 397
2169 250 362 388
2170 245 346 409
2171 239 350 411
2172 247 354 399
2173 266 344 390
2174 279 336 385
2175 292 334 374
2176 293 343 364
2177 301 345 354
2178 291 353 356
2179 296 359 345
2180 303 350 347
2181 309 353 338
2182 315 355 330
2183 312 351 337
2184 317 345 338
2185 321 338 341
2186 328 326 346
2187 320 313 367
2188 297 330 373
2189 293 350 357
2190 284 352 364
2191 288 365 347
2192 307 367 326
2193 317 355 328
2194 343 357 300
2195 343 344 313
2196 347 327 326
2197 358 303 339
2198 345 290 365
2199 329 290 381
2200 325 304 371
2201 300 320 380
2202 289 343 368
2203 287 367 346
2204 304 386 310
2205 290 393 317
2206 285 420 295
2207 271 425 304
2208 246 425 329
2209 233 434 333
2210 212 424 364
2211 201 421 378
2212 196 413 391
2213 187 411 402
2214 192 393 415
2215 222 383 395
2216 230 353 417
2217 244 336 420
2218 258 332 410
2219 266 321 413
2220 278 321 401
2221 290 311 399
2222 294 317 389
2223 299 323 378
2224 287 348 365
2225 286 377 337
2226 295 382 323
2227 284 384 332
2228 269 395 336
2229 261 420 319
2230 255 422 323
2231 229 422 349
2232 229 423 348
2233 241 394 365
2234 242 377 381
2235 248 374 378
2236 241 357 402
2237 246 339 415
2238 256 332 412
2239 260 322 418
2240 294 317 389
2241 300 312 388
2242 303 323 374
2243 310 323 367
2244 321 333 346
2245 315 340 345
2246 312 353 335
2247 329 366 305
2248 326 354 320
2249 320 362 318
2250 311 357 332
2251 301 366 333
2252 299 366 335
2253 291 361 348
2254 286 356 358
2255 286 348 366
2256 273 360 367
2257 272 365 363
2258 259 371 370
2259 260 375 365
2260 275 374 351
2261 290 364 346
2262 297 354 349
2263 303 355 342
2264 309 337 354
2265 298 326 376
2266 303 331 366
2267 304 322 374
2268 302 322 376
2269 309 334 357
2270 308 337 355
2271 309 337 354
2272 304 354 342
2273 298 370 332
2274 293 371 336
2275 297 385 318
2276 283 381 336
2277 281 383 336
2278 282 382 336
2279 278 381 341
2280 258 368 374
2281 262 372 366
2282 248 367 385
2283 252 367 381
2284 263 367 370
2285 259 354 387
2286 263 359 378
2287 273 356 371
2288 289 359 352
2289 284 339 377
2290 293 349 358
2291 281 340 379
2292 262 352 386
2293 246 384 370
2294 252 395 353
2295 237 392 371
2296 257 404 339
2297 264 404 332
2298 282 387 331
2299 287 378 335
2300 263 361 376
2301 261 353 386
2302 270 344 386
2303 266 338 396
2304 262 330 408
2305 286 334 380
2306 294 327 379
2307 313 328 359
2308 345 326 329
2309 349 302 349
2310 339 307 354
2311 329 323 348
2312 323 341 336
2313 313 343 344
2314 291 360 349
2315 273 381 346
2316 284 401 315
2317 277 414 309
2318 262 416 322
2319 250 415 335
2320 243 409 348
2321 232 414 354
2322 244 408 348
2323 236 375 389
2324 239 363 398
2325 246 347 407
2326 241 338 421
2327 253 344 403
2328 240 338 422
2329 251 346 403
2330 265 341 394
2331 270 360 370
2332 279 367 354
2333 293 374 333
2334 295 369 336
2335 297 361 342
2336 290 365 345
2337 271 364 365
2338 246 388 366
2339 250 394 356
2340 240 383 377
2341 239 386 375
2342 252 392 356
2343 260 387 353
2344 278 375 347
2345 282 358 360
2346 285 330 385
2347 291 321 388
2348 289 326 385
2349 286 325 389
2350 289 322 389
2351 297 324 379
2352 310 328 362
2353 324 332 344
2354 326 346 328
2355 327 353 320
2356 321 347 332
2357 316 354 330
2358 301 362 337
2359 290 375 335
2360 293 382 325
2361 285 375 340
2362 277 369 354
2363 275 370 355
2364 258 378 364
2365 260 388 352
2366 247 378 375
2367 244 378 378
2368 241 374 385
2369 237 384 379
2370 250 394 356
2371 256 380 364
2372 254 366 380
2373 263 358 379
2374 282 359 359
2375 292 340 368
2376 277 334 389
2377 294 339 367
2378 306 312 382
2379 324 314 362
2380 346 310 344
2381 344 296 360
2382 355 297 348
2383 356 305 339
2384 358 310 332
2385 368 303 329
2386 364 320 316
2387 353 322 325
2388 359 337 304
2389 358 345 297
2390 358 345 297
2391 370 337 293
2392 375 320 305
2393 357 322 321
2394 359 323 318
2395 342 319 339
2396 336 321 343
2397 337 319 344
2398 343 318 339
2399 337 320 343
2400 328 343 329
2401 326 350 324
2402 331 351 318
2403 334 350 316
2404 337 345 318
2405 328 344 328
2406 321 354 325
2407 302 359 339
2408 287 355 358
2409 285 363 352
2410 273 364 363
2411 272 377 351
2412 267 383 350
2413 260 389 351
2414 261 386 353
2415 268 380 352
2416 277 377 346
2417 277 360 363
2418 256 359 385
2419 254 367 379
2420 242 363 395
2421 246 369 385
2422 248 368 384
2423 256 372 372
2424 273 367 360
2425 271 367 362
2426 261 370 369
2427 259 372 369
2428 262 378 360
2429 270 369 361
2430 262 362 376
2431 256 366 378
2432 268 377 355
2433 279 365 356
2434 301 351 348
2435 297 327 376
2436 289 325 386
2437 286 342 372
2438 263 352 385
2439 242 371 387
2440 229 381 390
2441 216 406 378
2442 241 433 326
2443 243 432 325
2444 234 432 334
2445 217 424 359
2446 227 431 342
2447 229 402 369
2448 224 390 386
2449 201 370 429
2450 196 366 438
2451 202 372 426
2452 225 366 409
2453 241 351 408
2454 266 328 406
2455 290 332 378
2456 307 320 373
2457 320 323 357
2458 303 314 383
2459 307 325 368
2460 294 327 379
2461 306 355 339
2462 285 366 349
2463 279 383 338
2464 263 401 336
2465 257 414 329
2466 242 429 329
2467 234 433 333
2468 225 439 336
2469 220 420 360
2470 225 414 361
2471 227 392 381
2472 230 372 398
2473 239 356 405
2474 258 332 410
2475 267 309 424
2476 292 294 414
2477 291 288 421
2478 304 295 401
2479 311 304 385
2480 325 317 358
2481 347 319 334
2482 357 321 322
2483 355 334 311
2484 359 351 290
2485 345 353 302
2486 334 360 306
2487 319 362 319
2488 315 364 321
2489 304 366 330
2490 275 375 350
2491 255 391 354
2492 249 394 357
2493 236 398 366
2494 249 404 347
2495 255 389 356
2496 269 381 350
2497 274 365 361
2498 287 351 362
2499 302 322 376
2500 299 304 397
2501 308 303 389
2502 313 288 399
2503 304 298 398
2504 285 315 400
2505 279 350 371
2506 292 370 338
2507 303 386 311
2508 306 393 301
2509 321 391 288
2510 309 391 300
2511 321 393 286
2512 302 364 334
2513 298 348 354
2514 287 332 381
2515 291 327 382
2516 292 316 392
2517 301 317 382
2518 314 308 378
2519 342 293 365
2520 369 294 337
2521 384 283 333
2522 404 284 312
2523 400 269 331
2524 406 284 310
2525 408 277 315
2526 397 284 319
2527 384 310 306
2528 376 322 302
2529 370 341 289
2530 375 346 279
2531 363 356 281
2532 360 353 287
2533 355 363 282
2534 340 361 299
2535 331 350 319
2536 322 347 331
2537 319 337 344
2538 288 335 377
2539 293 356 351
2540 281 354 365
2541 282 356 362
2542 297 357 346
2543 304 353 343
2544 314 349 337
2545 310 349 341
2546 299 355 346
2547 294 345 361
2548 304 352 344
2549 300 340 360
2550 310 343 347
2551 314 337 349
2552 299 337 364
2553 291 352 357
2554 309 354 337
2555 310 346 344
2556 325 338 337
2557 334 335 331
2558 335 323 342
2559 329 328 343
2560 331 334 335
2561 343 317 340
2562 352 303 345
2563 366 302 332
2564 361 296 343
2565 359 304 337
2566 355 318 327
2567 346 317 337
2568 363 320 317
2569 372 320 308
2570 367 325 308
2571 370 331 299
2572 362 334 304
2573 351 334 315
2574 360 331 309
2575 364 323 313
2576 353 316 331
2577 337 327 336
2578 336 338 326
2579 325 333 342
2580 312 341 347
2581 303 354 343
2582 279 366 355
2583 267 398 335
2584 253 417 330
2585 244 420 336
2586 233 418 349
2587 233 434 333
2588 232 426 342
2589 234 414 352
2590 219 400 381
2591 220 383 397
2592 225 363 412
2593 247 355 398
2594 251 335 414
2595 262 315 423
2596 272 312 416
2597 291 314 395
2598 308 309 383
2599 306 309 385
2600 311 331 358
2601 314 334 352
2602 313 351 336
2603 302 372 326
2604 290 386 324
2605 270 396 334
2606 266 421 313
2607 246 425 329
2608 251 423 326
2609 247 415 338
2610 238 402 360
2611 231 390 379
2612 232 383 385
2613 226 372 402
2614 229 353 418
2615 253 346 401
2616 266 324 410
2617 274 319 407
2618 284 324 392
2619 291 326 383
2620 303 326 371
2621 316 325 359
2622 316 331 353
2623 327 338 335
2624 300 349 351
2625 292 381 327
2626 295 384 321
2627 298 379 323
2628 299 376 325
2629 296 376 328
2630 302 373 325
2631 291 360 349
2632 281 360 359
2633 282 338 380
2634 295 334 371
2635 291 326 383
2636 294 333 373
2637 302 330 368
2638 309 325 366
2639 296 331 373
2640 306 344 350
2641 303 356 341
2642 297 363 340
2643 285 377 338
2644 278 382 340
2645 277 392 331
2646 259 398 343
2647 261 410 329
2648 260 395 345
2649 264 384 352
2650 253 373 374
2651 258 370 372
2652 259 360 381
2653 259 349 392
2654 260 343 397
2655 266 330 404
2656 279 339 382
2657 279 337 384
2658 285 348 367
2659 294 345 361
2660 301 346 353
2661 292 350 358
2662 297 365 338
2663 296 373 331
2664 295 365 340
2665 276 368 356
2666 282 376 342
2667 262 373 365
2668 256 392 352
2669 258 394 348
2670 253 377 370
2671 269 374 357
2672 277 366 357
2673 289 355 356
2674 294 335 371
2675 298 333 369
2676 299 310 391
2677 301 307 392
2678 291 322 387
2679 285 335 380
2680 282 349 369
2681 286 363 351
2682 270 379 351
2683 284 397 319
2684 281 406 313
2685 271 412 317
2686 283 407 310
2687 267 382 351
2688 242 384 374
2689 232 395 373
2690 225 389 386
2691 211 378 411
2692 204 383 413
2693 227 384 389
2694 243 366 391
2695 257 375 368
2696 260 359 381
2697 272 345 383
2698 281 339 380
2699 273 341 386
2700 268 344 388
2701 278 348 374
2702 253 356 391
2703 257 372 371
2704 267 384 349
2705 254 388 358
2706 250 407 343
2707 250 409 341
2708 257 406 337
2709 247 395 358
2710 248 397 355
2711 232 380 388
2712 224 384 392
2713 205 388 407
2714 221 388 391
2715 224 370 406
2716 240 370 390
2717 228 365 407
2718 248 375 377
2719 257 372 371
2720 260 359 381
2721 277 352 371
2722 277 335 388
2723 277 353 370
2724 276 353 371
2725 260 359 381
2726 246 365 389
2727 248 382 370
2728 260 393 347
2729 262 388 350
2730 252 403 345
2731 260 395 345
2732 253 387 360
2733 256 388 356
2734 252 379 369
2735 242 366 392
2736 256 365 379
2737 255 356 389
2738 266 342 392
2739 281 339 380
2740 279 332 389
2741 298 333 369
2742 311 323 366
2743 310 323 367
2744 308 325 367
2745 310 336 354
2746 289 348 363
2747 276 372 352
2748 270 392 338
2749 267 397 336
2750 248 410 342
2751 240 429 331
2752 229 435 336
2753 218 435 347
2754 217 434 349
2755 218 411 371
2756 210 390 400
2757 205 393 402
2758 210 385 405
2759 227 361 412
2760 237 338 425
2761 249 328 423
2762 278 317 405
2763 302 311 387
2764 315 308 377
2765 328 292 380
2766 343 287 370
2767 345 296 359
2768 335 317 348
2769 333 337 330
2770 318 350 332
2771 296 371 333
2772 287 396 317
2773 275 421 304
2774 257 438 305
2775 247 447 306
2776 229 436 335
2777 223 434 343
2778 210 427 363
2779 209 419 372
2780 213 395 392
2781 214 366 420
2782 229 348 423
2783 250 324 426
2784 264 314 422
2785 278 302 420
2786 287 295 418
2787 300 294 406
2788 312 305 383
2789 310 322 368
2790 308 342 350
2791 307 368 325
2792 309 379 312
2793 298 389 313
2794 296 407 297
2795 281 410 309
2796 272 414 314
2797 264 406 330
2798 251 394 355
2799 226 381 393
2800 224 395 381
2801 229 387 384
2802 230 364 406
2803 237 360 403
2804 256 349 395
2805 275 338 387
2806 289 331 380
2807 294 330 376
2808 312 311 377
2809 323 301 376
2810 333 313 354
2811 329 307 364
2812 320 322 358
2813 320 342 338
2814 314 349 337
2815 327 356 317
2816 303 362 335
2817 296 396 308
2818 299 391 310
2819 293 394 313
2820 279 385 336
2821 262 379 359
2822 266 389 345
2823 248 378 374
2824 235 390 375
2825 229 369 402
2826 219 380 401
2827 218 387 395
2828 220 397 383
2829 216 401 383
2830 215 395 390
2831 218 407 375
2832 246 392 362
2833 245 385 370
2834 238 375 387
2835 253 375 372
2836 240 350 410
2837 250 359 391
2838 236 355 409
2839 263 357 380
2840 261 345 394
2841 260 354 386
2842 255 365 380
2843 258 370 372
2844 252 392 356
2845 251 389 360
2846 250 394 356
2847 236 393 371
2848 220 419 361
2849 209 426 365
2850 203 426 371
2851 202 427 371
2852 226 406 368
2853 222 385 393
2854 232 384 384
2855 220 375 405
2856 229 361 410
2857 241 345 414
2858 249 333 418
2859 260 324 416
2860 278 334 388
2861 287 337 376
2862 298 329 373
2863 320 327 353
2864 325 319 356
2865 332 330 338
2866 329 335 336
2867 312 347 341
2868 302 354 344
2869 293 361 346
2870 289 378 333
2871 287 384 329
2872 273 394 333
2873 276 397 327
2874 272 389 339
2875 262 381 357
2876 246 384 370
2877 229 393 378
2878 232 393 375
2879 224 384 392
2880 227 382 391
2881 234 376 390
2882 250 377 373
2883 249 369 382
2884 254 367 379
2885 249 353 398
2886 245 358 397
2887 240 371 389
2888 245 378 377
2889 234 379 387
2890 225 389 386
2891 230 406 364
2892 231 403 366
2893 250 416 334
2894 235 392 373
2895 229 394 377
2896 237 393 370
2897 234 384 382
2898 231 377 392
2899 230 363 407
2900 222 367 411
2901 252 362 386
2902 266 356 378
2903 270 340 390
2904 272 337 391
2905 287 344 369
2906 289 336 375
2907 295 348 357
2908 290 338 372
2909 281 348 371
2910 280 363 357
2911 286 380 334
2912 279 377 344
2913 264 377 359
2914 258 400 342
2915 262 394 344
2916 257 400 343
2917 253 395 352
2918 235 384 381
2919 245 385 370
2920 239 378 383
2921 234 384 382
2922 251 366 383
2923 239 355 406
2924 258 361 381
2925 265 347 388
2926 272 351 377
2927 272 343 385
2928 262 350 388
2929 271 354 375
2930 259 363 378
2931 247 386 367
2932 254 392 354
2933 240 399 361
2934 248 409 343
2935 236 409 355
2936 241 414 345
2937 234 405 361
2938 225 403 372
2939 237 389 374
2940 224 371 405
2941 223 377 400
2942 217 368 415
2943 209 374 417
2944 226 377 397
2945 232 369 399
2946 251 365 384
2947 269 360 371
2948 270 360 370
2949 277 353 370
2950 271 355 374
2951 271 355 374
2952 274 352 374
2953 272 357 371
2954 264 363 373
2955 265 376 359
2956 264 375 361
2957 257 383 360
2958 254 388 358
2959 257 391 352
2960 246 391 363
2961 247 397 356
2962 241 390 369
2963 235 383 382
2964 239 390 371
2965 246 378 376
2966 254 366 380
2967 250 355 395
2968 245 359 396
2969 257 358 385
2970 264 353 383
2971 262 353 385
2972 276 348 376
2973 277 346 377
2974 277 357 366
2975 287 368 345
2976 288 354 358
2977 291 354 355
2978 298 356 346
2979 304 349 347
2980 291 348 361
2981 285 363 352
2982 280 358 362
2983 291 352 357
2984 291 355 354
2985 272 355 373
2986 287 372 341
2987 295 364 341
2988 298 357 345
2989 299 339 362
2990 310 343 347
2991 313 338 349
2992 315 332 353
2993 319 330 351
2994 315 309 376
2995 313 321 366
2996 323 330 347
2997 325 338 337
2998 332 332 336
2999 335 330 335
3000 343 333 324
3001 350 327 323
3002 318 341 341
3003 297 361 342
3004 286 373 341
3005 284 376 340
3006 277 384 339
3007 257 393 350
3008 252 410 338
3009 237 421 342
3010 247 422 331
3011 244 392 364
3012 245 383 372
3013 243 379 378
3014 236 373 391
3015 223 371 406
3016 223 367 410
3017 227 356 417
3018 248 351 401
3019 260 360 380
3020 264 357 379
3021 274 357 369
3022 280 353 367
3023 285 349 366
3024 293 348 359
3025 292 351 357
3026 277 357 366
3027 272 363 365
3028 271 371 358
3029 258 372 370
3030 257 389 354
3031 263 394 343
3032 263 389 348
3033 275 386 339
3034 265 368 367
3035 264 372 364
3036 257 365 378
3037 255 371 374
3038 254 356 390
3039 269 352 379
3040 272 342 386
3041 283 342 375
3042 290 349 361
3043 295 338 367
3044 298 340 362
3045 309 331 360
3046 317 335 348
3047 316 331 353
3048 310 342 348
3049 296 348 356
3050 298 355 347
3051 290 364 346
3052 276 370 354
3053 261 393 346
3054 257 404 339
3055 239 412 349
3056 229 419 352
3057 216 423 361
3058 199 429 372
3059 204 437 359
3060 193 426 381
3061 197 414 389
3062 200 399 401
3063 219 388 393
3064 224 362 414
3065 232 353 415
3066 249 339 412
3067 268 314 418
3068 292 306 402
3069 303 294 403
3070 296 298 406
3071 288 316 396
3072 276 350 374
3073 279 371 350
3074 295 382 323
3075 274 391 335
3076 264 420 316
3077 244 442 314
3078 228 458 314
3079 210 456 334
3080 205 440 355
3081 186 424 390
3082 182 432 386
3083 167 427 406
3084 173 413 414
3085 175 385 440
3086 206 367 427
3087 228 338 434
3088 249 332 419
3089 245 327 428
3090 246 323 431
3091 264 327 409
3092 277 323 400
3093 296 338 366
3094 313 337 350
3095 311 349 340
3096 321 357 322
3097 343 352 305
3098 341 334 325
3099 341 332 327
3100 324 336 340
3101 313 338 349
3102 298 350 352
3103 287 353 360
3104 273 356 371
3105 277 375 348
3106 274 389 337
3107 272 394 334
3108 284 392 324
3109 265 378 357
3110 263 385 352
3111 256 384 360
3112 240 388 372
3113 232 385 383
3114 235 379 386
3115 235 371 394
3116 245 373 382
3117 261 377 362
3118 267 354 379
3119 287 349 364
3120 302 325 373
3121 315 313 372
3122 336 306 358
3123 343 293 364
3124 335 284 381
3125 346 288 366
3126 336 300 364
3127 335 315 350
3128 337 340 323
3129 316 350 334
3130 301 378 321
3131 285 406 309
3132 282 431 287
3133 267 430 303
3134 260 433 307
3135 238 425 337
3136 239 422 339
3137 227 411 362
3138 219 395 386
3139 217 375 408
3140 223 352 425
3141 248 347 405
3142 260 319 421
3143 274 315 411
3144 290 304 406
3145 316 299 385
3146 331 289 380
3147 359 294 347
3148 363 289 348
3149 372 290 338
3150 377 309 314
3151 385 308 307
3152 385 311 304
3153 387 316 297
3154 370 324 306
3155 353 336 311
3156 344 358 298
3157 313 366 321
3158 292 378 330
3159 268 400 332
3160 258 421 321
3161 252 426 322
3162 244 424 332
3163 239 420 341
3164 230 403 367
3165 222 404 374
3166 224 400 376
3167 230 376 394
3168 231 349 420
3169 243 343 414
3170 257 333 410
3171 280 323 397
3172 289 317 394
3173 305 307 388
3174 325 295 380
3175 340 299 361
3176 331 311 358
3177 330 326 344
3178 323 337 340
3179 308 354 338
3180 301 375 324
3181 310 392 298
3182 295 395 310
3183 283 406 311
3184 269 406 325
3185 252 405 343
3186 252 411 337
3187 236 394 370
3188 228 389 383
3189 227 380 393
3190 228 378 394
3191 241 366 393
3192 262 353 385
3193 277 333 390
3194 282 312 406
3195 294 324 382
3196 308 317 375
3197 294 312 394
3198 293 328 379
3199 292 341 367
3200 287 355 358
3201 284 380 336
3202 276 404 320
3203 272 400 328
3204 269 411 320
3205 266 419 315
3206 254 406 340
3207 241 405 354
3208 218 404 378
3209 201 402 397
3210 212 395 393
3211 210 388 402
3212 214 379 407
3213 240 367 393
3214 260 354 386
3215 278 335 387
3216 287 318 395
3217 294 311 395
3218 292 311 397
3219 313 320 367
3220 305 308 387
3221 305 328 367
3222 305 341 354
3223 307 360 333
3224 318 375 307
3225 330 371 299
3226 308 359 333
3227 307 372 321
3228 302 385 313
3229 275 370 355
3230 253 384 363
3231 222 387 391
3232 224 403 373
3233 223 405 372
3234 231 418 351
3235 223 397 380
3236 236 392 372
3237 235 394 371
3238 234 381 385
3239 229 379 392
3240 219 368 413
3241 208 376 416
3242 221 374 405
3243 226 382 392
3244 228 382 390
3245 253 378 369
3246 270 366 364
3247 293 351 356
3248 294 339 367
3249 299 330 371
3250 289 327 384
3251 284 329 387
3252 283 334 383
3253 272 339 389
3254 260 362 378
3255 262 389 349
3256 263 399 338
3257 267 407 326
3258 274 406 320
3259 268 397 335
3260 254 398 348
3261 228 407 365
3262 220 410 370
3263 204 391 405
3264 212 397 391
3265 219 381 400
3266 223 375 402
3267 229 380 391
3268 235 373 392
3269 247 358 395
3270 274 343 383
3271 281 335 384
3272 284 322 394
3273 275 335 390
3274 272 350 378
3275 273 348 379
3276 273 354 373
3277 276 369 355
3278 261 381 358
3279 269 404 327
3280 246 409 345
3281 238 419 343
3282 226 412 362
3283 227 426 347
3284 218 419 363
3285 215 413 372
3286 217 404 379
3287 217 379 404
3288 220 374 406
3289 229 361 410
3290 228 359 413
3291 227 346 427
3292 246 354 400
3293 268 341 391
3294 284 328 388
3295 291 337 372
3296 308 335 357
3297 302 331 367
3298 306 339 355
3299 292 348 360
3300 307 354 339
3301 310 352 338
3302 302 362 336
3303 304 361 335
3304 315 361 324
3305 321 354 325
3306 321 340 339
3307 319 331 350
3308 304 327 369
3309 285 344 371
3310 277 353 370
3311 264 362 374
3312 258 375 367
3313 272 388 340
3314 275 388 337
3315 285 394 321
3316 267 388 345
3317 263 389 348
3318 260 384 356
3319 259 378 363
3320 244 366 390
3321 240 368 392
3322 237 372 391
3323 243 369 388
3324 247 369 384
3325 254 364 382
3326 271 362 367
3327 286 351 363
3328 301 348 351
3329 293 331 376
3330 298 335 367
3331 293 333 374
3332 299 338 363
3333 305 337 358
3334 316 333 351
3335 316 333 351
3336 330 336 334
3337 338 339 323
3338 348 327 325
3339 355 319 326
3340 353 307 340
3341 348 310 342
3342 328 319 353
3343 320 339 341
3344 314 344 342
3345 330 347 323
3346 332 343 325
3347 335 349 316
3348 329 358 313
3349 320 361 319
3350 306 361 333
3351 313 355 332
3352 303 343 354
3353 298 350 352
3354 294 359 347
3355 298 357 345
3356 305 344 351
3357 323 334 343
3358 337 316 347
3359 346 308 346
3360 348 311 341
3361 330 302 368
3362 330 311 359
3363 323 313 364
3364 326 333 341
3365 331 340 329
3366 334 353 313
3367 311 358 331
3368 313 378 309
3369 303 385 312
3370 307 386 307
3371 287 380 333
3372 284 380 336
3373 272 376 352
3374 259 375 366
3375 261 383 356
3376 250 361 389
3377 259 365 376
3378 260 355 385
3379 261 360 379
3380 258 359 383
3381 257 366 377
3382 267 368 365
3383 291 350 359
3384 298 348 354
3385 303 337 360
3386 302 342 356
3387 308 338 354
3388 303 333 364
3389 306 331 363
3390 321 326 353
3391 318 329 353
3392 328 334 338
3393 325 335 340
3394 326 333 341
3395 338 336 326
3396 347 329 324
3397 335 322 343
3398 327 339 334
3399 316 344 340
3400 311 350 339
3401 317 354 329
3402 311 350 339
3403 308 353 339
3404 317 363 320
3405 315 361 324
3406 309 346 345
3407 307 347 346
3408 305 343 352
3409 308 341 351
3410 309 342 349
3411 311 338 351
3412 310 326 364
3413 326 329 345
3414 320 328 352
3415 311 333 356
3416 301 346 353
3417 289 358 353
3418 283 369 348
3419 272 379 349
3420 261 402 337
3421 254 410 336
3422 239 418 343
3423 236 428 336
3424 239 418 343
3425 238 403 359
3426 244 393 363
3427 235 377 388
3428 238 363 399
3429 241 352 407
3430 240 341 419
3431 260 332 408
3432 271 322 407
3433 281 326 393
3434 292 326 382
3435 311 331 358
3436 316 326 358
3437 316 332 352
3438 315 343 342
3439 307 353 340
3440 301 371 328
3441 295 373 332
3442 279 379 342
3443 278 390 332
3444 272 396 332
3445 274 396 330
3446 280 383 337
3447 268 367 365
3448 275 361 364
3449 282 352 366
3450 284 339 377
3451 283 326 391
3452 297 321 382
3453 320 307 373
3454 344 297 359
3455 365 289 346
3456 373 274 353
3457 366 275 359
3458 370 295 335
3459 376 304 320
3460 381 303 316
3461 373 312 315
3462 377 330 293
3463 386 334 280
3464 380 340 280
3465 365 345 290
3466 358 340 302
3467 364 338 298
3468 354 333 313
3469 336 334 330
3470 325 334 341
3471 316 341 343
3472 320 344 336
3473 333 335 332
3474 328 327 345
3475 316 334 350
3476 311 351 338
3477 318 355 327
3478 302 348 350
3479 302 357 341
3480 304 354 342
3481 312 361 327
3482 308 361 331
3483 302 358 340
3484 304 347 349
3485 311 341 348
3486 308 341 351
3487 300 335 365
3488 281 346 373
3489 267 358 375
3490 268 372 360
3491 276 374 350
3492 279 377 344
3493 268 380 352
3494 280 391 329
3495 266 385 349
3496 272 388 340
3497 272 370 358
3498 292 356 352
3499 291 334 375
3500 289 332 379
3501 290 331 379
3502 296 319 385
3503 302 319 379
3504 314 310 376
3505 321 316 363
3506 332 323 345
3507 345 334 321
3508 350 323 327
3509 354 319 327
3510 356 327 317
3511 366 325 309
3512 352 324 324
3513 343 332 325
3514 318 334 348
3515 309 348 343
3516 288 368 344
3517 283 393 324
3518 287 390 323
3519 290 388 322
3520 298 386 316
3521 313 370 317
3522 317 353 330
3523 316 335 349
3524 317 316 367
3525 329 290 381
3526 333 281 386
3527 335 279 386
3528 337 279 384
3529 345 293 362
3530 353 302 345
3531 352 312 336
3532 357 332 311
3533 352 353 295
3534 336 367 297
3535 305 385 310
3536 276 416 308
3537 259 431 310
3538 245 439 316
3539 231 443 326
3540 211 437 352
3541 200 436 364
3542 193 433 374
3543 200 422 378
3544 211 384 405
3545 209 358 433
3546 218 352 430
3547 220 339 441
3548 239 343 418
3549 250 325 425
3550 268 317 415
3551 301 310 389
3552 310 315 375
3553 310 332 358
3554 306 338 356
3555 304 355 341
3556 309 353 338
3557 305 366 329
3558 292 378 330
3559 270 398 332
3560 262 415 323
3561 259 406 335
3562 253 403 344
3563 265 392 343
3564 262 382 356
3565 250 372 378
3566 247 372 381
3567 237 355 408
3568 243 348 409
3569 246 351 403
3570 251 351 398
3571 253 357 390
3572 255 365 380
3573 251 373 376
3574 272 377 351
3575 284 373 343
3576 283 368 349
3577 283 366 351
3578 275 366 359
3579 266 368 366
3580 254 369 377
3581 260 373 367
3582 244 363 393
3583 234 383 383
3584 248 398 354
3585 240 386 374
3586 240 394 366
3587 244 392 364
3588 245 387 368
3589 240 382 378
3590 222 397 381
3591 225 395 380
3592 233 377 390
3593 227 381 392
3594 225 379 396
3595 209 383 408
3596 211 404 385
3597 217 407 376
3598 233 386 381
3599 249 372 379
3600 236 374 390
3601 247 383 370
3602 248 374 378
3603 239 369 392
3604 244 357 399
3605 250 349 401
3606 251 364 385
3607 239 377 384
3608 212 387 401
3609 217 405 378
3610 230 409 361
3611 251 401 348
3612 254 392 354
3613 240 397 363
3614 227 396 377
3615 221 396 383
3616 205 392 403
3617 201 390 409
3618 208 390 402
3619 220 391 389
3620 208 388 404
3621 224 395 381
3622 245 380 375
3623 248 359 393
3624 266 360 374
3625 268 344 388
3626 260 342 398
3627 248 349 403
3628 241 364 395
3629 243 364 393
3630 248 377 375
3631 247 393 360
3632 256 393 351
3633 254 400 346
3634 239 404 357
3635 231 412 357
3636 250 405 345
3637 237 386 377
3638 216 386 398
3639 222 391 387
3640 209 385 406
3641 210 391 399
3642 211 386 403
3643 229 377 394
3644 240 366 394
3645 242 374 384
3646 247 372 381
3647 257 362 381
3648 262 358 380
3649 268 347 385
3650 286 346 368
3651 290 337 373
3652 278 344 378
3653 278 348 374
3654 287 350 363
3655 282 351 367
3656 297 360 343
3657 276 356 368
3658 259 378 363
3659 242 404 354
3660 241 414 345
3661 244 411 345
3662 243 406 351
3663 239 406 355
3664 231 401 368
3665 229 413 358
3666 214 393 393
3667 207 382 411
3668 213 379 408
3669 222 376 402
3670 222 372 406
3671 229 372 399
3672 219 370 411
3673 246 368 386
3674 267 361 372
3675 274 351 375
3676 258 347 395
3677 254 366 380
3678 242 374 384
3679 233 386 381
3680 242 397 361
3681 239 390 371
3682 251 400 349
3683 254 398 348
3684 256 399 345
3685 255 378 367
3686 251 371 378
3687 246 363 391
3688 253 357 390
3689 249 357 394
3690 253 351 396
3691 252 349 399
3692 260 349 391
3693 250 362 388
3694 238 379 383
3695 242 399 359
3696 241 401 358
3697 243 402 355
3698 227 406 367
3699 226 424 350
3700 220 425 355
3701 214 418 368
3702 231 407 362
3703 233 370 397
3704 241 366 393
3705 243 357 400
3706 231 351 418
3707 235 345 420
3708 237 340 423
3709 254 345 401
3710 276 339 385
3711 280 354 366
3712 290 354 356
3713 304 353 343
3714 330 345 325
3715 342 325 333
3716 343 318 339
3717 346 312 342
3718 332 315 353
3719 325 314 361
3720 311 321 368
3721 309 336 355
3722 311 346 343
3723 315 364 321
3724 321 367 312
3725 313 367 320
3726 310 372 318
3727 304 376 320
3728 303 375 322
3729 282 361 357
3730 272 372 356
3731 266 364 370
3732 271 367 362
3733 267 362 371
3734 269 361 370
3735 271 355 374
3736 285 354 361
3737 291 354 355
3738 304 337 359
3739 300 332 368
3740 308 333 359
3741 323 330 347
3742 321 316 363
3743 309 324 367
3744 290 337 373
3745 294 356 350
3746 282 369 349
3747 284 386 330
3748 287 383 330
3749 287 383 330
3750 285 397 318
3751 278 391 331
3752 268 385 347
3753 252 376 372
3754 246 379 375
3755 246 368 386
3756 241 371 388
3757 234 376 390
3758 245 369 386
3759 265 364 371
3760 274 350 376
3761 276 350 374
3762 288 345 367
3763 278 344 378
3764 261 351 388
3765 265 363 372
3766 264 366 370
3767 279 372 349
3768 281 371 348
3769 292 369 339
3770 285 363 352
3771 272 371 357
3772 257 377 366
3773 246 380 374
3774 237 388 375
3775 230 391 379
3776 224 399 377
3777 226 407 367
3778 217 411 372
3779 231 412 357
3780 248 392 360
3781 245 372 383
3782 249 367 384
3783 254 360 386
3784 258 347 395
3785 271 335 394
3786 283 318 399
3787 291 305 404
3788 299 317 384
3789 313 329 358
3790 319 320 361
3791 329 321 350
3792 345 324 331
3793 350 320 330
3794 370 332 298
3795 368 325 307
3796 364 315 321
3797 369 307 324
3798 361 311 328
3799 356 318 326
3800 349 320 331
3801 325 331 344
3802 314 343 343
3803 304 361 335
3804 290 381 329
3805 285 403 312
3806 286 404 310
3807 279 396 325
3808 280 401 319
3809 274 389 337
3810 250 383 367
3811 242 389 369
3812 238 377 385
3813 232 359 409
3814 240 364 396
3815 239 364 397
3816 246 360 394
3817 267 365 368
3818 273 350 377
3819 290 338 372
3820 322 333 345
3821 317 319 364
3822 310 319 371
3823 321 326 353
3824 323 319 358
3825 321 312 367
3826 320 329 351
3827 303 342 355
3828 286 364 350
3829 283 395 322
3830 264 398 338
3831 251 410 339
3832 239 430 331
3833 224 449 327
3834 219 447 334
3835 216 439 345
3836 199 420 381
3837 207 406 387
3838 223 395 382
3839 222 367 411
3840 223 348 429
3841 242 328 430
3842 259 311 430
3843 287 302 411
3844 300 293 407
3845 300 294 406
3846 316 305 379
3847 326 317 357
3848 340 326 334
3849 343 332 325
3850 355 346 299
3851 363 343 294
3852 377 344 279
3853 366 329 305
3854 357 329 314
3855 345 326 329
3856 324 329 347
3857 310 344 346
3858 295 344 361
3859 290 362 348
3860 301 366 333
3861 299 370 331
3862 288 372 340
3863 299 386 315
3864 297 372 331
3865 289 359 352
3866 272 367 361
3867 265 366 369
3868 245 369 386
3869 245 385 370
3870 245 383 372
3871 252 369 379
3872 264 376 360
3873 267 377 356
3874 272 366 362
3875 266 362 372
3876 262 365 373
3877 261 353 386
3878 283 356 361
3879 274 348 378
3880 262 350 388
3881 272 361 367
3882 289 362 349
3883 292 349 359
3884 316 343 341
3885 322 331 347
3886 316 322 362
3887 312 336 352
3888 312 338 350
3889 313 327 360
3890 317 325 358
3891 320 334 346
3892 305 337 358
3893 301 364 335
3894 293 377 330
3895 283 371 346
3896 285 379 336
3897 275 388 337
3898 275 400 325
3899 282 391 327
3900 273 381 346
3901 283 363 354
3902 287 340 373
3903 300 342 358
3904 291 321 388
3905 284 321 395
3906 291 316 393
3907 297 318 385
3908 317 322 361
3909 319 320 361
3910 308 341 351
3911 314 350 336
3912 295 365 340
3913 289 384 327
3914 273 395 332
3915 251 409 340
3916 240 427 333
3917 224 440 336
3918 236 435 329
3919 223 414 363
3920 226 412 362
3921 233 390 377
3922 229 372 399
3923 226 362 412
3924 213 347 440
3925 220 347 433
3926 243 345 412
3927 252 343 405
3928 292 336 372
3929 312 318 370
3930 328 316 356
3931 341 310 349
3932 338 312 350
3933 336 315 349
3934 308 319 373
3935 302 349 349
3936 291 362 347
3937 287 391 322
3938 283 397 320
3939 276 407 317
3940 277 412 311
3941 282 408 310
3942 264 399 337
3943 251 387 362
3944 238 387 375
3945 236 371 393
3946 223 367 410
3947 231 370 399
3948 245 357 398
3949 260 347 393
3950 280 341 379
3951 284 333 383
3952 294 329 377
3953 296 335 369
3954 305 337 358
3955 311 325 364
3956 310 332 358
3957 319 343 338
3958 325 340 335
3959 326 342 332
3960 320 345 335
3961 301 345 354
3962 292 362 346
3963 284 383 333
3964 277 384 339
3965 269 380 351
3966 268 391 341
3967 274 390 336
3968 267 381 352
3969 245 388 367
3970 232 393 375
3971 233 385 382
3972 250 383 367
3973 246 370 384
3974 250 363 387
3975 263 360 377
3976 267 356 377
3977 283 345 372
3978 293 324 383
3979 289 322 389
3980 296 328 376
3981 294 334 372
3982 293 343 364
3983 305 347 348
3984 326 339 335
3985 343 329 328
3986 343 333 324
3987 337 335 328
3988 316 335 349
3989 309 350 341
3990 301 348 351
3991 284 352 364
3992 284 377 339
3993 279 387 334
3994 283 388 329
3995 284 382 334
3996 286 381 333
3997 273 364 363
3998 263 379 358
3999 238 385 377
