0.000000000000000000e+00 4.725274725274725141e-01 3.406593406593406703e-01 1.868131868131868156e-01
1.000000000000000056e-01 4.631578947368421018e-01 3.473684210526316041e-01 1.894736842105263219e-01
2.000000000000000111e-01 4.954128440366972752e-01 3.761467889908257090e-01 1.284403669724770714e-01
3.000000000000000444e-01 5.365853658536585691e-01 3.089430894308943243e-01 1.544715447154471621e-01
4.000000000000000222e-01 6.136363636363636465e-01 3.068181818181818232e-01 7.954545454545454419e-02
5.000000000000000000e-01 6.082474226804123196e-01 3.195876288659793563e-01 7.216494845360824084e-02
6.000000000000000888e-01 6.285714285714285587e-01 2.857142857142856984e-01 8.571428571428571508e-02
7.000000000000000666e-01 6.494845360824742508e-01 2.268041237113402053e-01 1.237113402061855716e-01
8.000000000000000444e-01 6.315789473684210176e-01 3.157894736842105088e-01 5.263157894736841813e-02
9.000000000000000222e-01 7.777777777777777901e-01 1.234567901234567833e-01 9.876543209876542662e-02
1.000000000000000000e+00 7.283950617283950768e-01 2.098765432098765316e-01 6.172839506172839164e-02
1.100000000000000089e+00 7.073170731707316694e-01 1.829268292682926789e-01 1.097560975609756101e-01
1.200000000000000178e+00 8.082191780821917915e-01 1.506849315068493067e-01 4.109589041095890183e-02
1.300000000000000044e+00 7.761194029850746468e-01 1.641791044776119424e-01 5.970149253731343170e-02
1.400000000000000133e+00 8.518518518518518601e-01 7.407407407407406996e-02 7.407407407407406996e-02
1.500000000000000000e+00 7.704918032786884918e-01 1.967213114754098324e-01 3.278688524590164105e-02
1.600000000000000089e+00 9.302325581395348708e-01 6.976744186046511531e-02 0.000000000000000000e+00
1.700000000000000178e+00 8.823529411764705621e-01 7.843137254901960675e-02 3.921568627450980338e-02
1.800000000000000044e+00 7.962962962962962798e-01 1.481481481481481399e-01 5.555555555555555247e-02
1.900000000000000133e+00 9.473684210526315264e-01 5.263157894736841813e-02 0.000000000000000000e+00
2.000000000000000000e+00 7.391304347826086474e-01 1.304347826086956486e-01 1.304347826086956486e-01
2.100000000000000089e+00 8.709677419354838745e-01 1.290322580645161255e-01 0.000000000000000000e+00
2.200000000000000178e+00 8.148148148148147696e-01 1.111111111111111049e-01 7.407407407407406996e-02
2.300000000000000266e+00 1.000000000000000000e+00 0.000000000000000000e+00 0.000000000000000000e+00
2.400000000000000355e+00 9.545454545454545858e-01 4.545454545454545581e-02 0.000000000000000000e+00
2.500000000000000000e+00 1.000000000000000000e+00 0.000000000000000000e+00 0.000000000000000000e+00
2.600000000000000089e+00 1.000000000000000000e+00 0.000000000000000000e+00 0.000000000000000000e+00
2.700000000000000178e+00 9.499999999999999556e-01 5.000000000000000278e-02 0.000000000000000000e+00
2.800000000000000266e+00 1.000000000000000000e+00 0.000000000000000000e+00 0.000000000000000000e+00
2.900000000000000355e+00 1.000000000000000000e+00 0.000000000000000000e+00 0.000000000000000000e+00
3.000000000000000000e+00 1.000000000000000000e+00 0.000000000000000000e+00 0.000000000000000000e+00
3.100000000000000089e+00 1.000000000000000000e+00 0.000000000000000000e+00 0.000000000000000000e+00
3.200000000000000178e+00 1.000000000000000000e+00 0.000000000000000000e+00 0.000000000000000000e+00
3.300000000000000266e+00 1.000000000000000000e+00 0.000000000000000000e+00 0.000000000000000000e+00
3.400000000000000355e+00 1.000000000000000000e+00 0.000000000000000000e+00 0.000000000000000000e+00
3.500000000000000000e+00 9.000000000000000222e-01 1.000000000000000056e-01 0.000000000000000000e+00
3.600000000000000089e+00 1.000000000000000000e+00 0.000000000000000000e+00 0.000000000000000000e+00
3.700000000000000178e+00 1.000000000000000000e+00 0.000000000000000000e+00 0.000000000000000000e+00
3.800000000000000266e+00 1.000000000000000000e+00 0.000000000000000000e+00 0.000000000000000000e+00
3.900000000000000355e+00 1.000000000000000000e+00 0.000000000000000000e+00 0.000000000000000000e+00
4.000000000000000000e+00 1.000000000000000000e+00 0.000000000000000000e+00 0.000000000000000000e+00
4.100000000000000533e+00 1.000000000000000000e+00 0.000000000000000000e+00 0.000000000000000000e+00
4.200000000000000178e+00 1.000000000000000000e+00 0.000000000000000000e+00 0.000000000000000000e+00
4.299999999999999822e+00 1.000000000000000000e+00 0.000000000000000000e+00 0.000000000000000000e+00
4.400000000000000355e+00 1.000000000000000000e+00 0.000000000000000000e+00 0.000000000000000000e+00
4.500000000000000000e+00 1.000000000000000000e+00 0.000000000000000000e+00 0.000000000000000000e+00
4.600000000000000533e+00 1.000000000000000000e+00 0.000000000000000000e+00 0.000000000000000000e+00
4.700000000000000178e+00 1.000000000000000000e+00 0.000000000000000000e+00 0.000000000000000000e+00
4.800000000000000711e+00 1.000000000000000000e+00 0.000000000000000000e+00 0.000000000000000000e+00
4.900000000000000355e+00 1.000000000000000000e+00 0.000000000000000000e+00 0.000000000000000000e+00
5.000000000000000000e+00 1.000000000000000000e+00 0.000000000000000000e+00 0.000000000000000000e+00
5.100000000000000533e+00 1.000000000000000000e+00 0.000000000000000000e+00 0.000000000000000000e+00
5.200000000000000178e+00 1.000000000000000000e+00 0.000000000000000000e+00 0.000000000000000000e+00
5.300000000000000711e+00 1.000000000000000000e+00 0.000000000000000000e+00 0.000000000000000000e+00
5.400000000000000355e+00 1.000000000000000000e+00 0.000000000000000000e+00 0.000000000000000000e+00
5.500000000000000000e+00 1.000000000000000000e+00 0.000000000000000000e+00 0.000000000000000000e+00
5.600000000000000533e+00 1.000000000000000000e+00 0.000000000000000000e+00 0.000000000000000000e+00
5.700000000000000178e+00 1.000000000000000000e+00 0.000000000000000000e+00 0.000000000000000000e+00
5.800000000000000711e+00 1.000000000000000000e+00 0.000000000000000000e+00 0.000000000000000000e+00
5.900000000000000355e+00 1.000000000000000000e+00 0.000000000000000000e+00 0.000000000000000000e+00
6.000000000000000000e+00 1.000000000000000000e+00 0.000000000000000000e+00 0.000000000000000000e+00
6.100000000000000533e+00 1.000000000000000000e+00 0.000000000000000000e+00 0.000000000000000000e+00
6.200000000000000178e+00 1.000000000000000000e+00 0.000000000000000000e+00 0.000000000000000000e+00
6.300000000000000711e+00 1.000000000000000000e+00 0.000000000000000000e+00 0.000000000000000000e+00
6.400000000000000355e+00 1.000000000000000000e+00 0.000000000000000000e+00 0.000000000000000000e+00
6.500000000000000000e+00 1.000000000000000000e+00 0.000000000000000000e+00 0.000000000000000000e+00
6.600000000000000533e+00 1.000000000000000000e+00 0.000000000000000000e+00 0.000000000000000000e+00
6.700000000000000178e+00 1.000000000000000000e+00 0.000000000000000000e+00 0.000000000000000000e+00
6.800000000000000711e+00 1.000000000000000000e+00 0.000000000000000000e+00 0.000000000000000000e+00
6.900000000000000355e+00 1.000000000000000000e+00 0.000000000000000000e+00 0.000000000000000000e+00
7.000000000000000000e+00 1.000000000000000000e+00 0.000000000000000000e+00 0.000000000000000000e+00
7.100000000000000533e+00 1.000000000000000000e+00 0.000000000000000000e+00 0.000000000000000000e+00
7.200000000000000178e+00 1.000000000000000000e+00 0.000000000000000000e+00 0.000000000000000000e+00
7.300000000000000711e+00 1.000000000000000000e+00 0.000000000000000000e+00 0.000000000000000000e+00
7.400000000000000355e+00 1.000000000000000000e+00 0.000000000000000000e+00 0.000000000000000000e+00
7.500000000000000000e+00 1.000000000000000000e+00 0.000000000000000000e+00 0.000000000000000000e+00
7.600000000000000533e+00 1.000000000000000000e+00 0.000000000000000000e+00 0.000000000000000000e+00
7.700000000000000178e+00 1.000000000000000000e+00 0.000000000000000000e+00 0.000000000000000000e+00
7.800000000000000711e+00 1.000000000000000000e+00 0.000000000000000000e+00 0.000000000000000000e+00
7.900000000000000355e+00 1.000000000000000000e+00 0.000000000000000000e+00 0.000000000000000000e+00
8.000000000000000000e+00 1.000000000000000000e+00 0.000000000000000000e+00 0.000000000000000000e+00
8.099999999999999645e+00 1.000000000000000000e+00 0.000000000000000000e+00 0.000000000000000000e+00
8.200000000000001066e+00 1.000000000000000000e+00 0.000000000000000000e+00 0.000000000000000000e+00
8.300000000000000711e+00 1.000000000000000000e+00 0.000000000000000000e+00 0.000000000000000000e+00
8.400000000000000355e+00 1.000000000000000000e+00 0.000000000000000000e+00 0.000000000000000000e+00
8.500000000000000000e+00 1.000000000000000000e+00 0.000000000000000000e+00 0.000000000000000000e+00
8.599999999999999645e+00 1.000000000000000000e+00 0.000000000000000000e+00 0.000000000000000000e+00
8.700000000000001066e+00 1.000000000000000000e+00 0.000000000000000000e+00 0.000000000000000000e+00
8.800000000000000711e+00 1.000000000000000000e+00 0.000000000000000000e+00 0.000000000000000000e+00
8.900000000000000355e+00 1.000000000000000000e+00 0.000000000000000000e+00 0.000000000000000000e+00
9.000000000000000000e+00 1.000000000000000000e+00 0.000000000000000000e+00 0.000000000000000000e+00
9.099999999999999645e+00 1.000000000000000000e+00 0.000000000000000000e+00 0.000000000000000000e+00
9.200000000000001066e+00 1.000000000000000000e+00 0.000000000000000000e+00 0.000000000000000000e+00
9.300000000000000711e+00 1.000000000000000000e+00 0.000000000000000000e+00 0.000000000000000000e+00
9.400000000000000355e+00 1.000000000000000000e+00 0.000000000000000000e+00 0.000000000000000000e+00
9.500000000000000000e+00 1.000000000000000000e+00 0.000000000000000000e+00 0.000000000000000000e+00
9.600000000000001421e+00 1.000000000000000000e+00 0.000000000000000000e+00 0.000000000000000000e+00
9.700000000000001066e+00 1.000000000000000000e+00 0.000000000000000000e+00 0.000000000000000000e+00
9.800000000000000711e+00 1.000000000000000000e+00 0.000000000000000000e+00 0.000000000000000000e+00
