0.000000000000000000e+00 3.972602739726027177e-01 3.424657534246575152e-01 2.602739726027397116e-01
1.000000000000000056e-01 4.252873563218390607e-01 3.218390804597701105e-01 2.528735632183908288e-01
2.000000000000000111e-01 3.536585365853658347e-01 2.926829268292682751e-01 3.536585365853658347e-01
3.000000000000000444e-01 4.022988505747126520e-01 2.298850574712643646e-01 3.678160919540229834e-01
4.000000000000000222e-01 4.756097560975609539e-01 3.048780487804877981e-01 2.195121951219512202e-01
5.000000000000000000e-01 4.929577464788732488e-01 2.253521126760563431e-01 2.816901408450704358e-01
6.000000000000000888e-01 5.999999999999999778e-01 2.923076923076923239e-01 1.076923076923076983e-01
7.000000000000000666e-01 6.097560975609755962e-01 2.682926829268292845e-01 1.219512195121951192e-01
8.000000000000000444e-01 4.843750000000000000e-01 3.125000000000000000e-01 2.031250000000000000e-01
9.000000000000000222e-01 6.034482758620689502e-01 2.931034482758620441e-01 1.034482758620689641e-01
1.000000000000000000e+00 6.545454545454545414e-01 2.545454545454545192e-01 9.090909090909091161e-02
1.100000000000000089e+00 7.692307692307692735e-01 1.282051282051281937e-01 1.025641025641025605e-01
1.200000000000000178e+00 8.055555555555555802e-01 1.111111111111111049e-01 8.333333333333332871e-02
1.300000000000000044e+00 7.894736842105263275e-01 1.315789473684210453e-01 7.894736842105262720e-02
1.400000000000000133e+00 6.500000000000000222e-01 2.250000000000000056e-01 1.250000000000000000e-01
1.500000000000000000e+00 7.391304347826086474e-01 1.739130434782608647e-01 8.695652173913043237e-02
1.600000000000000089e+00 7.894736842105263275e-01 1.052631578947368363e-01 1.052631578947368363e-01
1.700000000000000178e+00 8.499999999999999778e-01 1.000000000000000056e-01 5.000000000000000278e-02
1.800000000000000044e+00 8.421052631578946901e-01 1.052631578947368363e-01 5.263157894736841813e-02
1.900000000000000133e+00 8.461538461538461453e-01 1.538461538461538547e-01 0.000000000000000000e+00
2.000000000000000000e+00 8.888888888888888395e-01 1.111111111111111049e-01 0.000000000000000000e+00
2.100000000000000089e+00 8.823529411764705621e-01 5.882352941176470507e-02 5.882352941176470507e-02
2.200000000000000178e+00 1.000000000000000000e+00 0.000000000000000000e+00 0.000000000000000000e+00
2.300000000000000266e+00 9.090909090909090606e-01 0.000000000000000000e+00 9.090909090909091161e-02
2.400000000000000355e+00 1.000000000000000000e+00 0.000000000000000000e+00 0.000000000000000000e+00
2.500000000000000000e+00 6.666666666666666297e-01 0.000000000000000000e+00 3.333333333333333148e-01
2.600000000000000089e+00 9.000000000000000222e-01 1.000000000000000056e-01 0.000000000000000000e+00
2.700000000000000178e+00 5.000000000000000000e-01 5.000000000000000000e-01 0.000000000000000000e+00
2.800000000000000266e+00 8.333333333333333703e-01 0.000000000000000000e+00 1.666666666666666574e-01
2.900000000000000355e+00 8.000000000000000444e-01 2.000000000000000111e-01 0.000000000000000000e+00
3.000000000000000000e+00 1.000000000000000000e+00 0.000000000000000000e+00 0.000000000000000000e+00
3.100000000000000089e+00 1.000000000000000000e+00 0.000000000000000000e+00 0.000000000000000000e+00
3.200000000000000178e+00 1.000000000000000000e+00 0.000000000000000000e+00 0.000000000000000000e+00
3.300000000000000266e+00 8.000000000000000444e-01 2.000000000000000111e-01 0.000000000000000000e+00
3.400000000000000355e+00 1.000000000000000000e+00 0.000000000000000000e+00 0.000000000000000000e+00
3.500000000000000000e+00 1.000000000000000000e+00 0.000000000000000000e+00 0.000000000000000000e+00
3.600000000000000089e+00 1.000000000000000000e+00 0.000000000000000000e+00 0.000000000000000000e+00
3.700000000000000178e+00 1.000000000000000000e+00 0.000000000000000000e+00 0.000000000000000000e+00
3.800000000000000266e+00 1.000000000000000000e+00 0.000000000000000000e+00 0.000000000000000000e+00
3.900000000000000355e+00 1.000000000000000000e+00 0.000000000000000000e+00 0.000000000000000000e+00
4.000000000000000000e+00 1.000000000000000000e+00 0.000000000000000000e+00 0.000000000000000000e+00
4.100000000000000533e+00 1.000000000000000000e+00 0.000000000000000000e+00 0.000000000000000000e+00
4.200000000000000178e+00 1.000000000000000000e+00 0.000000000000000000e+00 0.000000000000000000e+00
4.299999999999999822e+00 1.000000000000000000e+00 0.000000000000000000e+00 0.000000000000000000e+00
4.400000000000000355e+00 1.000000000000000000e+00 0.000000000000000000e+00 0.000000000000000000e+00
4.500000000000000000e+00 1.000000000000000000e+00 0.000000000000000000e+00 0.000000000000000000e+00
4.600000000000000533e+00 1.000000000000000000e+00 0.000000000000000000e+00 0.000000000000000000e+00
4.700000000000000178e+00 1.000000000000000000e+00 0.000000000000000000e+00 0.000000000000000000e+00
4.800000000000000711e+00 1.000000000000000000e+00 0.000000000000000000e+00 0.000000000000000000e+00
4.900000000000000355e+00 1.000000000000000000e+00 0.000000000000000000e+00 0.000000000000000000e+00
5.000000000000000000e+00 1.000000000000000000e+00 0.000000000000000000e+00 0.000000000000000000e+00
5.100000000000000533e+00 1.000000000000000000e+00 0.000000000000000000e+00 0.000000000000000000e+00
5.200000000000000178e+00 1.000000000000000000e+00 0.000000000000000000e+00 0.000000000000000000e+00
5.300000000000000711e+00 1.000000000000000000e+00 0.000000000000000000e+00 0.000000000000000000e+00
5.400000000000000355e+00 1.000000000000000000e+00 0.000000000000000000e+00 0.000000000000000000e+00
5.500000000000000000e+00 1.000000000000000000e+00 0.000000000000000000e+00 0.000000000000000000e+00
5.600000000000000533e+00 1.000000000000000000e+00 0.000000000000000000e+00 0.000000000000000000e+00
5.700000000000000178e+00 1.000000000000000000e+00 0.000000000000000000e+00 0.000000000000000000e+00
5.800000000000000711e+00 1.000000000000000000e+00 0.000000000000000000e+00 0.000000000000000000e+00
5.900000000000000355e+00 1.000000000000000000e+00 0.000000000000000000e+00 0.000000000000000000e+00
6.000000000000000000e+00 1.000000000000000000e+00 0.000000000000000000e+00 0.000000000000000000e+00
6.100000000000000533e+00 1.000000000000000000e+00 0.000000000000000000e+00 0.000000000000000000e+00
6.200000000000000178e+00 1.000000000000000000e+00 0.000000000000000000e+00 0.000000000000000000e+00
6.300000000000000711e+00 1.000000000000000000e+00 0.000000000000000000e+00 0.000000000000000000e+00
6.400000000000000355e+00 1.000000000000000000e+00 0.000000000000000000e+00 0.000000000000000000e+00
6.500000000000000000e+00 1.000000000000000000e+00 0.000000000000000000e+00 0.000000000000000000e+00
6.600000000000000533e+00 1.000000000000000000e+00 0.000000000000000000e+00 0.000000000000000000e+00
6.700000000000000178e+00 1.000000000000000000e+00 0.000000000000000000e+00 0.000000000000000000e+00
6.800000000000000711e+00 1.000000000000000000e+00 0.000000000000000000e+00 0.000000000000000000e+00
6.900000000000000355e+00 1.000000000000000000e+00 0.000000000000000000e+00 0.000000000000000000e+00
7.000000000000000000e+00 1.000000000000000000e+00 0.000000000000000000e+00 0.000000000000000000e+00
7.100000000000000533e+00 1.000000000000000000e+00 0.000000000000000000e+00 0.000000000000000000e+00
7.200000000000000178e+00 1.000000000000000000e+00 0.000000000000000000e+00 0.000000000000000000e+00
7.300000000000000711e+00 1.000000000000000000e+00 0.000000000000000000e+00 0.000000000000000000e+00
7.400000000000000355e+00 1.000000000000000000e+00 0.000000000000000000e+00 0.000000000000000000e+00
7.500000000000000000e+00 1.000000000000000000e+00 0.000000000000000000e+00 0.000000000000000000e+00
7.600000000000000533e+00 1.000000000000000000e+00 0.000000000000000000e+00 0.000000000000000000e+00
7.700000000000000178e+00 1.000000000000000000e+00 0.000000000000000000e+00 0.000000000000000000e+00
7.800000000000000711e+00 1.000000000000000000e+00 0.000000000000000000e+00 0.000000000000000000e+00
7.900000000000000355e+00 1.000000000000000000e+00 0.000000000000000000e+00 0.000000000000000000e+00
8.000000000000000000e+00 1.000000000000000000e+00 0.000000000000000000e+00 0.000000000000000000e+00
8.099999999999999645e+00 1.000000000000000000e+00 0.000000000000000000e+00 0.000000000000000000e+00
8.200000000000001066e+00 1.000000000000000000e+00 0.000000000000000000e+00 0.000000000000000000e+00
8.300000000000000711e+00 1.000000000000000000e+00 0.000000000000000000e+00 0.000000000000000000e+00
8.400000000000000355e+00 1.000000000000000000e+00 0.000000000000000000e+00 0.000000000000000000e+00
8.500000000000000000e+00 1.000000000000000000e+00 0.000000000000000000e+00 0.000000000000000000e+00
8.599999999999999645e+00 1.000000000000000000e+00 0.000000000000000000e+00 0.000000000000000000e+00
8.700000000000001066e+00 1.000000000000000000e+00 0.000000000000000000e+00 0.000000000000000000e+00
8.800000000000000711e+00 1.000000000000000000e+00 0.000000000000000000e+00 0.000000000000000000e+00
8.900000000000000355e+00 1.000000000000000000e+00 0.000000000000000000e+00 0.000000000000000000e+00
9.000000000000000000e+00 1.000000000000000000e+00 0.000000000000000000e+00 0.000000000000000000e+00
9.099999999999999645e+00 1.000000000000000000e+00 0.000000000000000000e+00 0.000000000000000000e+00
9.200000000000001066e+00 1.000000000000000000e+00 0.000000000000000000e+00 0.000000000000000000e+00
9.300000000000000711e+00 1.000000000000000000e+00 0.000000000000000000e+00 0.000000000000000000e+00
9.400000000000000355e+00 1.000000000000000000e+00 0.000000000000000000e+00 0.000000000000000000e+00
9.500000000000000000e+00 1.000000000000000000e+00 0.000000000000000000e+00 0.000000000000000000e+00
9.600000000000001421e+00 1.000000000000000000e+00 0.000000000000000000e+00 0.000000000000000000e+00
9.700000000000001066e+00 1.000000000000000000e+00 0.000000000000000000e+00 0.000000000000000000e+00
9.800000000000000711e+00 1.000000000000000000e+00 0.000000000000000000e+00 0.000000000000000000e+00
