0 1.0 1.0 0.0 0.0
0.01 0.990147861407 0.990197201801 0.00980279819902 4.93403938955e-05
0.02 0.980583108996 0.980777886865 0.0192221131352 0.000194777869068
0.03 0.971293711359 0.971726268533 0.0282737314672 0.00043255717398
0.04 0.962268237689 0.963027314803 0.0369726851974 0.000759077113212
0.05 0.953495822043 0.954666705262 0.0453332947384 0.00117088321878
0.06 0.944966130112 0.946630790949 0.0533692090506 0.00166466083726
0.07 0.936669328313 0.938906556917 0.0610934430827 0.00223722860463
0.08 0.928596054992 0.931481587275 0.0685184127255 0.00288553228293
0.09 0.920737393592 0.924344032526 0.0756559674736 0.00360663893479
0.1 0.913084847617 0.917482579031 0.0825174209689 0.00439773141391
0.11 0.905630317262 0.910886420413 0.0891135795874 0.00525610315103
0.12 0.898366077569 0.904545230786 0.0954547692143 0.00617915321658
0.13 0.891284758014 0.898449139657 0.101550860343 0.00716438164265
0.14 0.884379323391 0.892588708379 0.107411291621 0.008209384988
0.15 0.877643055918 0.88695490805 0.11304509195 0.00931185213132
0.16 0.871069538467 0.881539098745 0.118460901255 0.0104695602786
0.17 0.864652638829 0.876333010001 0.123666989999 0.0116803711721
0.18 0.858386494959 0.871328722448 0.128671277552 0.0129422274883
0.19 0.852265501108 0.866518650522 0.133481349478 0.0142531494144
0.2 0.846284294793 0.861895526185 0.138104473815 0.0156112313924
0.21 0.840437744549 0.85745238357 0.14254761643 0.0170146390214
0.22 0.834720938398 0.853182544507 0.146817455493 0.0184616061091
0.23 0.829129172993 0.849079604857 0.150920395143 0.0199504318636
0.24 0.823657943394 0.845137421613 0.154862578387 0.0214794782182
0.25 0.818302933423 0.841350100704 0.158649899296 0.0230471672818
0.26 0.813060006568 0.837711985475 0.162288014525 0.0246519789076
0.27 0.807925197405 0.834217645779 0.165782354221 0.0262924483739
0.28 0.802894703488 0.830861867659 0.169138132341 0.0279671641711
0.29 0.79796487769 0.827639643579 0.172360356421 0.0296747658894
0.3 0.793132220963 0.824546163164 0.175453836836 0.0314139422008
0.31 0.78839337549 0.821576804422 0.178423195578 0.033183428932
0.32 0.783745118199 0.818727125422 0.181272874578 0.0349820072228
0.33 0.779184354632 0.815992856397 0.184007143603 0.0368085017649
0.34 0.774708113124 0.813369892242 0.186630107758 0.0386617791182
0.35 0.770313539297 0.810854285398 0.189145714602 0.0405407461002
0.36 0.765997890835 0.80844223908 0.19155776092 0.0424443482448
0.37 0.761758532523 0.80613010085 0.19386989915 0.0443715683265
0.38 0.757592931544 0.803914356492 0.196085643508 0.0463214249484
0.39 0.753498653011 0.801791624199 0.198208375801 0.0482929711886
0.4 0.749473355723 0.799758649028 0.200241350972 0.0502852933049
0.41 0.745514788131 0.797812297623 0.202187702377 0.0522975094918
0.42 0.741620784504 0.795949553195 0.204050446805 0.054328768691
0.43 0.737789261279 0.794167510728 0.205832489272 0.0563782494488
0.44 0.734018213592 0.792463372414 0.207536627586 0.0584451588222
0.45 0.730305711971 0.790834443299 0.209165556701 0.0605287313285
0.46 0.726649899193 0.78927812713 0.21072187287 0.0626282279374
0.47 0.723048987285 0.78779192239 0.21220807761 0.0647429351045
0.48 0.719501254667 0.786373418509 0.213626581491 0.0668721638426
0.49 0.716005043426 0.785020292257 0.214979707743 0.0690152488305
0.5 0.712558756725 0.783730304282 0.216269695718 0.0711715475574
0.51 0.709160856317 0.782501295817 0.217498704183 0.0733404394999
0.52 0.705809860188 0.781331185521 0.218668814479 0.0755213253331
0.53 0.702504340294 0.780217966465 0.219782033535 0.0777136261706
0.54 0.699242920408 0.779159703244 0.220840296756 0.0799167828356
0.55 0.696024274059 0.778154529218 0.221845470782 0.082130255159
0.56 0.692847122564 0.777200643869 0.222799356131 0.0843535213056
0.57 0.689710233149 0.776296310274 0.223703689726 0.0865860771251
0.58 0.686612417149 0.775439852678 0.224560147322 0.0888274355288
0.59 0.683552528287 0.774629654176 0.225370345824 0.0910771258894
0.6 0.68052946103 0.773864154494 0.226135845506 0.0933346934636
0.61 0.677542149014 0.773141847851 0.226858152149 0.0955996988366
0.62 0.674589563537 0.772461280924 0.227538719076 0.0978717173875
0.63 0.671670712112 0.771821050887 0.228178949113 0.100150338775
0.64 0.668784637092 0.771219803531 0.228780196469 0.10243516644
0.65 0.665930414338 0.77065623147 0.22934376853 0.104725817132
0.66 0.663107151958 0.770129072403 0.229870927597 0.107021920445
0.67 0.660313989084 0.769637107465 0.230362892535 0.109323118381
0.68 0.657550094712 0.769179159628 0.230820840372 0.111629064916
0.69 0.65481466658 0.768754092178 0.231245907822 0.113939425597
0.7 0.652106930101 0.768360807242 0.231639192758 0.116253877141
0.71 0.649426137328 0.767998244384 0.232001755616 0.118572107055
0.72 0.646771565975 0.767665379246 0.232334620754 0.12089381327
0.73 0.644142518465 0.767361222251 0.232638777749 0.123218703786
0.74 0.641538321022 0.767084817349 0.232915182651 0.125546496327
0.75 0.6389583228 0.766835240819 0.233164759181 0.127876918019
0.76 0.636401895044 0.76661160011 0.23338839989 0.130209705066
0.77 0.633868430286 0.766413032733 0.233586967267 0.132544602447
0.78 0.63135734157 0.76623870519 0.23376129481 0.134881363619
0.79 0.628868061714 0.76608781195 0.23391218805 0.137219750236
0.8 0.62640004259 0.765959574458 0.234040425542 0.139559531868
0.81 0.623952754442 0.765853240184 0.234146759816 0.141900485743
0.82 0.621525685226 0.765768081711 0.234231918289 0.144242396485
0.83 0.619118339977 0.76570339585 0.23429660415 0.146585055873
0.84 0.616730240195 0.765658502794 0.234341497206 0.148928262598
0.85 0.614360923266 0.765632745303 0.234367254697 0.151271822038
0.86 0.612009941889 0.76562548792 0.23437451208 0.153615546031
0.87 0.609676863542 0.765636116208 0.234363883792 0.155959252666
0.88 0.607361269953 0.765664036027 0.234335963973 0.158302766074
0.89 0.605062756605 0.765708672832 0.234291327168 0.160645916227
0.9 0.602780932243 0.765769470994 0.234230529006 0.162988538751
0.91 0.600515418416 0.765845893149 0.234154106851 0.165330474732
0.92 0.598265849029 0.765937419574 0.234062580426 0.167671570545
0.93 0.596031869905 0.766043547578 0.233956452422 0.170011677674
0.94 0.593813138375 0.766163790922 0.233836209078 0.172350652547
0.95 0.591609322879 0.766297679255 0.233702320745 0.174688356376
0.96 0.589420102574 0.766444757574 0.233555242426 0.177024654999
0.97 0.587245166971 0.766604585701 0.233395414299 0.179359418729
0.98 0.585084215571 0.76677673778 0.23322326222 0.181692522209
0.99 0.582936957521 0.766960801792 0.233039198208 0.184023844271
1.0 0.580803111288 0.767156379087 0.232843620913 0.186353267799
1.01 0.578682404329 0.76736308393 0.23263691607 0.188680679601
1.02 0.576574572792 0.767580543068 0.232419456932 0.191005970276
1.03 0.574479361212 0.767808395311 0.232191604689 0.193329034099
1.04 0.572396522229 0.768046291123 0.231953708877 0.195649768895
1.05 0.570325816307 0.768293892235 0.231706107765 0.197968075929
1.06 0.568267011471 0.768550871265 0.231449128735 0.200283859793
1.07 0.566219883051 0.768816911353 0.231183088647 0.202597028303
1.08 0.564184213428 0.769091705816 0.230908294184 0.204907492388
1.09 0.562159791801 0.769374957799 0.230625042201 0.207215165997
1.1 0.560146413956 0.769666379957 0.230333620043 0.209519966001
1.11 0.55814388204 0.769965694134 0.230034305866 0.211821812094
1.12 0.556152004348 0.770272631059 0.229727368941 0.214120626711
1.13 0.554170595118 0.770586930053 0.229413069947 0.216416334935
1.14 0.552199474328 0.770908338741 0.229091661259 0.218708864413
1.15 0.550238467506 0.771236612784 0.228763387216 0.220998145278
1.16 0.548287405542 0.771571515606 0.228428484394 0.223284110064
1.17 0.546346124511 0.771912818146 0.228087181854 0.225566693635
1.18 0.544414465495 0.772260298605 0.227739701395 0.22784583311
1.19 0.54249227442 0.772613742208 0.227386257792 0.230121467788
1.2 0.540579401895 0.772972940979 0.227027059021 0.232393539084
1.21 0.538675703051 0.773337693509 0.226662306491 0.234661990458
1.22 0.536781037395 0.773707804749 0.226292195251 0.236926767353
1.23 0.534895268666 0.774083085798 0.225916914202 0.239187817132
1.24 0.533018264688 0.774463353704 0.225536646296 0.241445089016
1.25 0.531149897242 0.77484843127 0.22515156873 0.243698534027
1.26 0.529290041931 0.775238146863 0.224761853137 0.245948104932
1.27 0.527438578052 0.775632334238 0.224367665762 0.248193756186
1.28 0.52559538848 0.77603083236 0.22396916764 0.25043544388
1.29 0.523760359545 0.776433485236 0.223566514764 0.252673125691
1.3 0.52193338092 0.776840141751 0.223159858249 0.254906760831
1.31 0.520114345509 0.777250655509 0.222749344491 0.25713631
1.32 0.518303149346 0.777664884684 0.222335115316 0.259361735337
1.33 0.516499691486 0.778082691867 0.221917308133 0.261583000381
1.34 0.514703873909 0.778503943927 0.221496056073 0.263800070018
1.35 0.512915601425 0.778928511875 0.221071488125 0.26601291045
1.36 0.511134781579 0.779356270725 0.220643729275 0.268221489146
1.37 0.509361324564 0.779787099369 0.220212900631 0.270425774804
1.38 0.507595143133 0.780220880451 0.219779119549 0.272625737318
1.39 0.505836152515 0.780657500249 0.219342499751 0.274821347734
1.4 0.504084270335 0.781096848555 0.218903151445 0.277012578219
1.41 0.502339416539 0.781538818564 0.218461181436 0.279199402025
1.42 0.500601513312 0.781983306766 0.218016693234 0.281381793455
1.43 0.49887048501 0.782430212841 0.217569787159 0.283559727831
1.44 0.497146258089 0.782879439552 0.217120560448 0.285733181464
1.45 0.495428761036 0.783330892655 0.216669107345 0.28790213162
1.46 0.493717924303 0.783784480797 0.216215519203 0.290066556495
1.47 0.492013680244 0.784240115427 0.215759884573 0.292226435183
1.48 0.490315963053 0.784697710704 0.215302289296 0.294381747651
1.49 0.488624708706 0.785157183417 0.214842816583 0.296532474712
1.5 0.486939854899 0.785618452894 0.214381547106 0.298678597995
1.51 0.485261341001 0.786081440927 0.213918559073 0.300820099926
1.52 0.483589107989 0.78654607169 0.21345392831 0.302956963701
1.53 0.481923098406 0.787012271668 0.212987728332 0.305089173262
1.54 0.480263256306 0.787479969581 0.212520030419 0.307216713275
1.55 0.478609527204 0.787949096313 0.212050903687 0.309339569108
1.56 0.476961858034 0.788419584844 0.211580415156 0.31145772681
1.57 0.475320197098 0.788891370188 0.211108629812 0.31357117309
1.58 0.473684494026 0.789364389321 0.210635610679 0.315679895295
1.59 0.472054699733 0.789838581128 0.210161418872 0.317783881395
1.6 0.470430766375 0.790313886336 0.209686113664 0.319883119961
1.61 0.468812647313 0.790790247462 0.209209752538 0.321977600149
1.62 0.467200297071 0.79126760875 0.20873239125 0.324067311679
1.63 0.465593671303 0.791745916124 0.208254083876 0.326152244821
1.64 0.463992726753 0.792225117131 0.207774882869 0.328232390378
1.65 0.462397421222 0.792705160891 0.207294839109 0.33030773967
1.66 0.460807713534 0.79318599805 0.20681400195 0.332378284516
1.67 0.459223563505 0.793667580729 0.206332419271 0.334444017224
1.68 0.457644931908 0.79414986248 0.20585013752 0.336504930572
1.69 0.456071780447 0.794632798242 0.205367201758 0.338561017795
1.7 0.454504071723 0.795116344296 0.204883655704 0.340612272573
1.71 0.452941769209 0.795600458225 0.204399541775 0.342658689017
1.72 0.45138483722 0.796085098873 0.203914901127 0.344700261653
1.73 0.449833240887 0.796570226304 0.203429773696 0.346736985417
1.74 0.448286946134 0.797055801768 0.202944198232 0.348768855634
1.75 0.446745919648 0.797541787662 0.202458212338 0.350795868014
1.76 0.445210128858 0.798028147493 0.201971852507 0.352818018635
1.77 0.443679541911 0.798514845847 0.201485154153 0.354835303936
1.78 0.442154127649 0.799001848354 0.200998151646 0.356847720705
1.79 0.440633855588 0.799489121655 0.200510878345 0.358855266067
1.8 0.439118695896 0.799976633373 0.200023366627 0.360857937477
1.81 0.437608619371 0.800464352081 0.199535647919 0.36285573271
1.82 0.436103597425 0.800952247273 0.199047752727 0.364848649848
1.83 0.434603602063 0.801440289338 0.198559710662 0.366836687275
1.84 0.433108605861 0.801928449528 0.198071550472 0.368819843668
1.85 0.431618581953 0.802416699937 0.197583300063 0.370798117984
1.86 0.430133504011 0.80290501347 0.19709498653 0.372771509459
1.87 0.42865334623 0.803393363823 0.196606636177 0.374740017592
1.88 0.42717808331 0.803881725454 0.196118274546 0.376703642145
1.89 0.425707690438 0.804370073566 0.195629926434 0.378662383129
1.9 0.424242143279 0.804858384078 0.195141615922 0.380616240799
1.91 0.422781417955 0.805346633605 0.194653366395 0.382565215651
1.92 0.421325491035 0.805834799441 0.194165200559 0.384509308406
1.93 0.419874339519 0.806322859533 0.193677140467 0.386448520015
1.94 0.418427940824 0.806810792464 0.193189207536 0.38838285164
1.95 0.416986272773 0.807298577432 0.192701422568 0.390312304659
1.96 0.415549313582 0.807786194234 0.192213805766 0.392236880652
1.97 0.414117041846 0.808273623246 0.191726376754 0.3941565814
1.98 0.412689436529 0.808760845406 0.191239154594 0.396071408877
1.99 0.411266476952 0.809247842196 0.190752157804 0.397981365244
2.0 0.409848142783 0.809734595628 0.190265404372 0.399886452844
2.01 0.408434414026 0.810221088226 0.189778911774 0.401786674201
2.02 0.407025271007 0.810707303013 0.189292696987 0.403682032006
2.03 0.405620694371 0.811193223493 0.188806776507 0.405572529122
2.04 0.404220665065 0.811678833637 0.188321166363 0.407458168571
2.05 0.402825164336 0.812164117872 0.187835882128 0.409338953536
2.06 0.401434173714 0.812649061065 0.187350938935 0.411214887351
2.07 0.40004767501 0.813133648511 0.186866351489 0.4130859735
2.08 0.398665650304 0.813617865918 0.186382134082 0.414952215614
2.09 0.397288081937 0.814101699399 0.185898300601 0.416813617462
2.1 0.395914952503 0.814585135454 0.185414864546 0.418670182951
2.11 0.394546244844 0.815068160966 0.184931839034 0.420521916122
2.12 0.393181942039 0.815550763182 0.184449236818 0.422368821143
2.13 0.391822027397 0.816032929708 0.183967070292 0.42421090231
2.14 0.390466484454 0.816514648496 0.183485351504 0.426048164041
2.15 0.389115296961 0.816995907833 0.183004092167 0.427880610872
2.16 0.387768448881 0.817476696335 0.182523303665 0.429708247454
2.17 0.38642592438 0.817957002932 0.182042997068 0.431531078552
2.18 0.385087707824 0.818436816862 0.181563183138 0.433349109038
2.19 0.383753783771 0.818916127663 0.181083872337 0.435162343892
2.2 0.382424136965 0.819394925161 0.180605074839 0.436970788196
2.21 0.381098752331 0.819873199464 0.180126800536 0.438774447133
2.22 0.37977761497 0.820350940953 0.179649059047 0.440573325983
2.23 0.378460710154 0.820828140276 0.179171859724 0.442367430121
2.24 0.37714802332 0.821304788335 0.178695211665 0.444156765015
2.25 0.375839540064 0.821780876286 0.178219123714 0.445941336222
2.26 0.374535246139 0.822256395525 0.177743604475 0.447721149385
2.27 0.37323512745 0.822731337685 0.177268662315 0.449496210235
2.28 0.371939170047 0.823205694629 0.176794305371 0.451266524583
2.29 0.370647360122 0.823679458442 0.176320541558 0.45303209832
2.3 0.369359684007 0.824152621424 0.175847378576 0.454792937417
2.31 0.368076128168 0.824625176087 0.175374823913 0.456549047919
2.32 0.366796679199 0.825097115146 0.174902884854 0.458300435947
2.33 0.365521323823 0.825568431515 0.174431568485 0.460047107692
2.34 0.364250048884 0.8260391183 0.1739608817 0.461789069416
2.35 0.362982841347 0.826509168794 0.173490831206 0.463526327447
2.36 0.361719688291 0.826978576473 0.173021423527 0.465258888183
2.37 0.360460576909 0.82744733499 0.17255266501 0.466986758082
2.38 0.359205494502 0.827915438169 0.172084561831 0.468709943667
2.39 0.357954428478 0.828382880001 0.171617119999 0.470428451523
2.4 0.356707366348 0.82884965464 0.17115034536 0.472142288291
2.41 0.355464295724 0.829315756397 0.170684243603 0.473851460673
2.42 0.354225204314 0.829781179739 0.170218820261 0.475555975425
2.43 0.352990079921 0.830245919279 0.169754080721 0.477255839358
2.44 0.351758910441 0.830709969777 0.169290030223 0.478951059336
2.45 0.350531683858 0.831173326134 0.168826673866 0.480641642276
2.46 0.349308388245 0.831635983389 0.168364016611 0.482327595144
2.47 0.348089011757 0.832097936712 0.167902063288 0.484008924955
2.48 0.346873542634 0.832559181406 0.167440818594 0.485685638772
2.49 0.345661969194 0.833019712899 0.166980287101 0.487357743704
2.5 0.344454279835 0.833479526741 0.166520473259 0.489025246906
2.51 0.343250463027 0.833938618603 0.166061381397 0.490688155576
2.52 0.342050507317 0.834396984273 0.165603015727 0.492346476955
2.53 0.340854401324 0.834854619649 0.165145380351 0.494000218325
2.54 0.339662133734 0.835311520744 0.164688479256 0.49564938701
2.55 0.338473693303 0.835767683674 0.164232316326 0.497293990371
2.56 0.337289068853 0.836223104662 0.163776895338 0.49893403581
2.57 0.336108249269 0.836677780033 0.163322219967 0.500569530763
2.58 0.334931223502 0.837131706208 0.162868293792 0.502200482706
2.59 0.33375798056 0.837584879708 0.162415120292 0.503826899148
2.6 0.332588509514 0.838037297147 0.161962702853 0.505448787633
2.61 0.331422799491 0.838488955228 0.161511044772 0.507066155737
2.62 0.330260839676 0.838939850746 0.161060149254 0.50867901107
2.63 0.329102619308 0.839389980582 0.160610019418 0.510287361274
2.64 0.32794812768 0.839839341701 0.160160658299 0.511891214021
2.65 0.326797354138 0.84028793115 0.15971206885 0.513490577012
2.66 0.325650288079 0.840735746059 0.159264253941 0.51508545798
2.67 0.324506918949 0.841182783632 0.158817216368 0.516675864682
2.68 0.323367236245 0.841629041152 0.158370958848 0.518261804907
2.69 0.322231229509 0.842074515978 0.157925484022 0.519843286468
2.7 0.321098888331 0.842519205536 0.157480794464 0.521420317205
2.71 0.319970202345 0.842963107329 0.157036892671 0.522992904984
2.72 0.318845161231 0.843406218924 0.156593781076 0.524561057693
2.73 0.317723754711 0.843848537958 0.156151462042 0.526124783247
2.74 0.316605972549 0.844290062133 0.155709937867 0.527684089583
2.75 0.315491804552 0.844730789214 0.155269210786 0.529238984662
2.76 0.314381240566 0.84517071703 0.15482928297 0.530789476464
2.77 0.313274270477 0.845609843469 0.154390156531 0.532335572992
2.78 0.312170884208 0.846048166481 0.153951833519 0.533877282272
2.79 0.311071071723 0.846485684071 0.153514315929 0.535414612348
2.8 0.309974823021 0.846922394303 0.153077605697 0.536947571282
2.81 0.308882128136 0.847358295295 0.152641704705 0.538476167159
2.82 0.30779297714 0.84779338522 0.15220661478 0.54000040808
2.83 0.306707360139 0.848227662303 0.151772337697 0.541520302164
2.84 0.305625267271 0.84866112482 0.15133887518 0.543035857549
2.85 0.30454668871 0.849093771099 0.150906228901 0.544547082389
2.86 0.303471614662 0.849525599516 0.150474400484 0.546053984853
2.87 0.302400035364 0.849956608494 0.150043391506 0.54755657313
2.88 0.301331941085 0.850386796505 0.149613203495 0.54905485542
2.89 0.300267322124 0.850816162066 0.149183837934 0.550548839941
2.9 0.299206168813 0.851244703738 0.148755296262 0.552038534925
2.91 0.298148471511 0.851672420128 0.148327579872 0.553523948618
2.92 0.297094220606 0.852099309884 0.147900690116 0.555005089278
2.93 0.296043406517 0.852525371697 0.147474628303 0.55648196518
2.94 0.294996019688 0.852950604297 0.147049395703 0.557954584608
2.95 0.293952050595 0.853375006457 0.146624993543 0.559422955862
2.96 0.292911489736 0.853798576987 0.146201423013 0.560887087251
2.97 0.29187432764 0.854221314738 0.145778685262 0.562346987098
2.98 0.290840554859 0.854643218595 0.145356781405 0.563802663736
2.99 0.289810161974 0.855064287484 0.144935712516 0.56525412551
3.0 0.288783139589 0.855484520362 0.144515479638 0.566701380774
3.01 0.287759478334 0.855903916227 0.144096083773 0.568144437893
3.02 0.286739168865 0.856322474107 0.143677525893 0.569583305242
3.03 0.285722201859 0.856740193066 0.143259806934 0.571017991207
3.04 0.284708568021 0.857157072201 0.142842927799 0.572448504181
3.05 0.283698258076 0.857573110642 0.142426889358 0.573874852565
3.06 0.282691262775 0.857988307548 0.142011692452 0.575297044773
3.07 0.281687572891 0.858402662114 0.141597337886 0.576715089222
3.08 0.28068717922 0.858816173561 0.141183826439 0.578128994341
3.09 0.279690072579 0.859228841143 0.140771158857 0.579538768564
3.1 0.278696243809 0.859640664142 0.140359335858 0.580944420334
3.11 0.277705683771 0.86005164187 0.13994835813 0.582345958099
3.12 0.276718383351 0.860461773667 0.139538226333 0.583743390316
3.13 0.275734333451 0.860871058899 0.139128941101 0.585136725447
3.14 0.274753524999 0.861279496961 0.138720503039 0.586525971962
3.15 0.273775948942 0.861687087276 0.138312912724 0.587911138334
3.16 0.272801596246 0.86209382929 0.13790617071 0.589292233044
3.17 0.271830457901 0.862499722478 0.137500277522 0.590669264578
3.18 0.270862524913 0.862904766339 0.137095233661 0.592042241426
3.19 0.269897788311 0.863308960395 0.136691039605 0.593411172084
3.2 0.268936239144 0.863712304196 0.136287695804 0.594776065052
3.21 0.267977868477 0.864114797313 0.135885202687 0.596136928836
3.22 0.2670226674 0.864516439342 0.135483560658 0.597493771943
3.23 0.266070627016 0.864917229903 0.135082770097 0.598846602887
3.24 0.265121738453 0.865317168637 0.134682831363 0.600195430184
3.25 0.264175992854 0.865716255209 0.134283744791 0.601540262355
3.26 0.263233381381 0.866114489303 0.133885510697 0.602881107922
3.27 0.262293895218 0.866511870629 0.133488129371 0.604217975411
3.28 0.261357525563 0.866908398915 0.133091601085 0.605550873353
3.29 0.260424263635 0.867304073912 0.132695926088 0.606879810278
3.3 0.25949410067 0.86769889539 0.13230110461 0.60820479472
3.31 0.258567027925 0.86809286314 0.13190713686 0.609525835216
3.32 0.25764303667 0.868485976973 0.131514023027 0.610842940303
3.33 0.256722118197 0.86887823672 0.13112176328 0.612156118523
3.34 0.255804263814 0.86926964223 0.13073035777 0.613465378416
3.35 0.254889464846 0.869660193373 0.130339806627 0.614770728526
3.36 0.253977712638 0.870049890035 0.129950109965 0.616072177397
3.37 0.25306899855 0.870438732124 0.129561267876 0.617369733574
3.38 0.25216331396 0.870826719564 0.129173280436 0.618663405604
3.39 0.251260650263 0.871213852296 0.128786147704 0.619953202032
3.4 0.250360998873 0.87160013028 0.12839986972 0.621239131407
3.41 0.249464351219 0.871985553495 0.128014446505 0.622521202276
3.42 0.248570698748 0.872370121934 0.127629878066 0.623799423186
3.43 0.247680032923 0.872753835609 0.127246164391 0.625073802686
3.44 0.246792345224 0.873136694547 0.126863305453 0.626344349323
3.45 0.245907627149 0.873518698794 0.126481301206 0.627611071645
3.46 0.245025870213 0.873899848409 0.126100151591 0.628873978196
3.47 0.244147065944 0.874280143469 0.125719856531 0.630133077525
3.48 0.243271205892 0.874659584067 0.125340415933 0.631388378175
3.49 0.242398281618 0.87503817031 0.12496182969 0.632639888691
3.5 0.241528284705 0.875415902322 0.124584097678 0.633887617617
3.51 0.240661206748 0.87579278024 0.12420721976 0.635131573492
3.52 0.23979703936 0.876168804219 0.123831195781 0.636371764858
3.53 0.238935774172 0.876543974425 0.123456025575 0.637608200254
3.54 0.238077402827 0.876918291042 0.123081708958 0.638840888215
3.55 0.23722191699 0.877291754267 0.122708245733 0.640069837278
3.56 0.236369308337 0.87766436431 0.12233563569 0.641295055974
3.57 0.235519568563 0.878036121397 0.121963878603 0.642516552835
3.58 0.234672689378 0.878407025767 0.121592974233 0.643734336388
3.59 0.23382866251 0.878777077671 0.121222922329 0.644948415161
3.6 0.232987479701 0.879146277377 0.120853722623 0.646158797676
3.61 0.232149132709 0.879514625162 0.120485374838 0.647365492453
3.62 0.23131361331 0.879882121321 0.120117878679 0.648568508011
3.63 0.230480913294 0.880248766158 0.119751233842 0.649767852864
3.64 0.229651024468 0.880614559992 0.119385440008 0.650963535525
3.65 0.228823938654 0.880979503154 0.119020496846 0.6521555645
3.66 0.227999647691 0.881343595987 0.118656404013 0.653343948296
3.67 0.227178143434 0.881706838848 0.118293161152 0.654528695414
3.68 0.226359417753 0.882069232104 0.117930767896 0.655709814351
3.69 0.225543462534 0.882430776137 0.117569223863 0.656887313602
3.7 0.22473026968 0.882791471338 0.117208528662 0.658061201658
3.71 0.223919831108 0.883151318111 0.116848681889 0.659231487004
3.72 0.223112138752 0.883510316874 0.116489683126 0.660398178122
3.73 0.222307184561 0.883868468053 0.116131531947 0.661561283492
3.74 0.221504960502 0.884225772087 0.115774227913 0.662720811585
3.75 0.220705458555 0.884582229427 0.115417770573 0.663876770872
3.76 0.219908670717 0.884937840534 0.115062159466 0.665029169818
3.77 0.219114589001 0.885292605882 0.114707394118 0.666178016881
3.78 0.218323205435 0.885646525953 0.114353474047 0.667323320518
3.79 0.217534512064 0.885999601242 0.114000398758 0.668465089178
3.8 0.216748500947 0.886351832254 0.113648167746 0.669603331307
3.81 0.215965164161 0.886703219506 0.113296780494 0.670738055345
3.82 0.215184493797 0.887053763524 0.112946236476 0.671869269728
3.83 0.214406481961 0.887403464845 0.112596535155 0.672996982884
3.84 0.213631120777 0.887752324015 0.112247675985 0.674121203238
3.85 0.212858402384 0.888100341593 0.111899658407 0.675241939209
3.86 0.212088318935 0.888447518145 0.111552481855 0.67635919921
3.87 0.211320862602 0.88879385425 0.11120614575 0.677472991648
3.88 0.210556025569 0.889139350494 0.110860649506 0.678583324924
3.89 0.209793800039 0.889484007474 0.110515992526 0.679690207435
3.9 0.209034178228 0.889827825799 0.110172174201 0.68079364757
3.91 0.20827715237 0.890170806083 0.109829193917 0.681893653713
3.92 0.207522714713 0.890512948953 0.109487051047 0.68299023424
3.93 0.206770857522 0.890854255045 0.109145744955 0.684083397523
3.94 0.206021573077 0.891194725003 0.108805274997 0.685173151926
3.95 0.205274853673 0.891534359481 0.108465640519 0.686259505808
3.96 0.204530691623 0.891873159143 0.108126840857 0.687342467519
3.97 0.203789079254 0.89221112466 0.10778887534 0.688422045406
3.98 0.203050008909 0.892548256713 0.107451743287 0.689498247805
3.99 0.202313472946 0.892884555993 0.107115444007 0.690571083047
4.0 0.201579463741 0.893220023199 0.106779976801 0.691640559458
4.01 0.200847973683 0.893554659037 0.106445340963 0.692706685355
4.02 0.200118995178 0.893888464225 0.106111535775 0.693769469046
4.03 0.19939252065 0.894221439486 0.105778560514 0.694828918837
4.04 0.198668542534 0.894553585554 0.105446414446 0.695885043021
4.05 0.197947053284 0.894884903171 0.105115096829 0.696937849887
4.06 0.19722804537 0.895215393087 0.104784606913 0.697987347716
4.07 0.196511511277 0.895545056059 0.104454943941 0.699033544782
4.08 0.195797443505 0.895873892854 0.104126107146 0.700076449349
4.09 0.19508583457 0.896201904246 0.103798095754 0.701116069676
4.1 0.194376677004 0.896529091017 0.103470908983 0.702152414013
4.11 0.193669963357 0.896855453959 0.103144546041 0.703185490602
4.12 0.192965686191 0.897180993868 0.102819006132 0.704215307677
4.13 0.192263838087 0.897505711552 0.102494288448 0.705241873465
4.14 0.191564411638 0.897829607823 0.102170392177 0.706265196184
4.15 0.190867399458 0.898152683503 0.101847316497 0.707285284044
4.16 0.190172794173 0.89847493942 0.10152506058 0.708302145247
4.17 0.189480588426 0.898796376411 0.101203623589 0.709315787986
4.18 0.188790774875 0.899116995321 0.100883004679 0.710326220446
4.19 0.188103346195 0.899436796999 0.100563203001 0.711333450803
4.2 0.187418295077 0.899755782304 0.100244217696 0.712337487227
4.21 0.186735614227 0.900073952102 0.0999260478978 0.713338337876
4.22 0.186055296366 0.900391307266 0.0996086927338 0.7143360109
4.23 0.185377334233 0.900707848676 0.0992921513242 0.715330514443
4.24 0.184701720581 0.901023577218 0.0989764227821 0.716321856636
4.25 0.184028448181 0.901338493786 0.0986615062137 0.717310045605
4.26 0.183357509818 0.901652599282 0.0983474007181 0.718295089464
4.27 0.182688898292 0.901965894612 0.0980341053877 0.71927699632
4.28 0.182022606422 0.902278380692 0.0977216193082 0.72025577427
4.29 0.181358627041 0.902590058441 0.0974099415586 0.721231431401
4.3 0.180696952997 0.902900928789 0.097099071211 0.722203975792
4.31 0.180037577155 0.903210992669 0.0967890073313 0.723173415513
4.32 0.179380492398 0.903520251021 0.0964797489786 0.724139758624
4.33 0.17872569162 0.903828704794 0.0961712952056 0.725103013175
4.34 0.178073167734 0.904136354941 0.0958636450587 0.726063187207
4.35 0.177422913671 0.904443202422 0.0955567975779 0.727020288751
4.36 0.176774922372 0.904749248203 0.0952507517969 0.727974325831
4.37 0.1761291868 0.905054493257 0.0949455067431 0.728925306457
4.38 0.175485699931 0.905358938562 0.0946410614379 0.729873238631
4.39 0.174844454755 0.905662585103 0.0943374148967 0.730818130348
4.4 0.174205444283 0.905965433872 0.0940345661284 0.731759989589
4.41 0.173568661537 0.906267485864 0.0937325141364 0.732698824326
4.42 0.172934099558 0.906568742082 0.093431257918 0.733634642524
4.43 0.172301751402 0.906869203536 0.0931307964644 0.734567452134
4.44 0.171671610139 0.907168871239 0.0928311287614 0.735497261099
4.45 0.17104366886 0.907467746211 0.0925322537888 0.736424077352
4.46 0.170417920666 0.907765829479 0.0922341705206 0.737347908814
4.47 0.169794358677 0.908063122075 0.0919368779253 0.738268763398
4.48 0.16917297603 0.908359625034 0.0916403749658 0.739186649005
4.49 0.168553765875 0.9086553394 0.0913446605995 0.740101573526
4.5 0.16793672138 0.908950266222 0.0910497337782 0.741013544842
4.51 0.167321835729 0.909244406552 0.0907555934484 0.741922570823
4.52 0.16670910212 0.909537761449 0.0904622385509 0.742828659329
4.53 0.16609851377 0.909830331978 0.0901696680217 0.743731818209
4.54 0.165490063909 0.910122119209 0.0898778807911 0.7446320553
4.55 0.164883745784 0.910413124216 0.0895868757843 0.745529378432
4.56 0.164279552659 0.910703348079 0.0892966519214 0.74642379542
4.57 0.163677477812 0.910992791883 0.0890072081174 0.74731531407
4.58 0.163077514539 0.911281456718 0.088718543282 0.748203942179
4.59 0.162479656151 0.91156934368 0.0884306563203 0.749089687529
4.6 0.161883895974 0.911856453868 0.088143546132 0.749972557894
4.61 0.161290227351 0.912142788388 0.0878572116122 0.750852561037
4.62 0.16069864364 0.912428348349 0.087571651651 0.751729704709
4.63 0.160109138218 0.912713134866 0.0872868651337 0.752603996648
4.64 0.159521704473 0.912997149059 0.0870028509409 0.753475444586
4.65 0.158936335814 0.913280392052 0.0867196079484 0.754344056238
4.66 0.158353025661 0.913562864973 0.0864371350275 0.755209839312
4.67 0.157771767454 0.913844568955 0.0861554310447 0.756072801502
4.68 0.157192554646 0.914125505138 0.085874494862 0.756932950492
4.69 0.156615380709 0.914405674663 0.0855943253369 0.757790293954
4.7 0.156040239127 0.914685078677 0.0853149213226 0.75864483955
4.71 0.155467123404 0.914963718333 0.0850362816675 0.759496594929
4.72 0.154896027056 0.915241594784 0.084758405216 0.760345567728
4.73 0.154326943619 0.915518709192 0.0844812908079 0.761191765573
4.74 0.153759866641 0.915795062721 0.0842049372791 0.76203519608
4.75 0.153194789688 0.916070656539 0.0839293434608 0.762875866851
4.76 0.152631706342 0.91634549182 0.0836545081803 0.763713785478
4.77 0.1520706102 0.916619569739 0.0833804302608 0.764548959539
4.78 0.151511494875 0.916892891479 0.0831071085213 0.765381396604
4.79 0.150954353997 0.917165458223 0.0828345417768 0.766211104227
4.8 0.15039918121 0.917437271162 0.0825627288382 0.767038089952
4.81 0.149845970175 0.917708331487 0.0822916685128 0.767862361312
4.82 0.14929471457 0.917978640397 0.0820213596035 0.768683925827
4.83 0.148745408085 0.91824819909 0.0817518009097 0.769502791005
4.84 0.148198044431 0.918517008773 0.0814829912268 0.770318964342
4.85 0.147652617331 0.918785070653 0.0812149293467 0.771132453322
4.86 0.147109120525 0.919052385943 0.0809476140572 0.771943265417
4.87 0.146567547769 0.919318955857 0.0806810441427 0.772751408088
4.88 0.146027892835 0.919584781616 0.0804152183839 0.773556888781
4.89 0.14549014951 0.919849864442 0.0801501355579 0.774359714932
4.9 0.144954311597 0.920114205562 0.0798857944382 0.775159893964
4.91 0.144420372916 0.920377806205 0.0796221937949 0.775957433289
4.92 0.143888327301 0.920640667605 0.0793593323946 0.776752340304
4.93 0.143358168603 0.920902791 0.0790972090004 0.777544622397
4.94 0.142829890687 0.921164177628 0.0788358223721 0.77833428694
4.95 0.142303487438 0.921424828734 0.0785751712663 0.779121341296
4.96 0.141778952751 0.921684745564 0.0783152544361 0.779905792813
4.97 0.14125628054 0.921943929369 0.0780560706314 0.780687648828
4.98 0.140735464736 0.922202381401 0.0777976185991 0.781466916665
4.99 0.140216499282 0.922460102917 0.0775398970826 0.782243603635
5.0 0.13969937814 0.922717095178 0.0772829048225 0.783017717038
5.01 0.139184095285 0.922973359444 0.0770266405562 0.783789264159
5.02 0.138670644711 0.923228896982 0.0767711030179 0.784558252271
5.03 0.138159020424 0.923483709061 0.0765162909392 0.785324688637
5.04 0.137649216448 0.923737796952 0.0762622030484 0.786088580504
5.05 0.137141226821 0.923991161929 0.076008838071 0.786849935108
5.06 0.136635045599 0.92424380527 0.0757561947296 0.787608759671
5.07 0.136130666852 0.924495728256 0.0755042717441 0.788365061404
5.08 0.135628084666 0.924746932169 0.0752530678314 0.789118847503
5.09 0.135127293141 0.924997418294 0.0750025817059 0.789870125153
5.1 0.134628286396 0.925247187921 0.0747528120792 0.790618901525
5.11 0.134131058562 0.92549624234 0.07450375766 0.791365183779
5.12 0.133635603787 0.925744582845 0.0742554171546 0.792108979058
5.13 0.133141916236 0.925992210733 0.0740077892668 0.792850294497
5.14 0.132649990088 0.926239127302 0.0737608726976 0.793589137215
5.15 0.132159819537 0.926485333854 0.0735146661457 0.794325514318
5.16 0.131671398793 0.926730831693 0.0732691683072 0.7950594329
5.17 0.131184722082 0.926975622124 0.0730243778758 0.795790900042
5.18 0.130699783646 0.927219706457 0.0727802935428 0.796519922811
5.19 0.130216577741 0.927463086003 0.0725369139972 0.797246508262
5.2 0.129735098638 0.927705762074 0.0722942379255 0.797970663436
5.21 0.129255340627 0.927947735988 0.0720522640122 0.798692395361
5.22 0.128777298008 0.928189009061 0.0718109909393 0.799411711052
5.23 0.128300965102 0.928429582613 0.0715704173867 0.800128617512
5.24 0.12782633624 0.928669457968 0.0713305420322 0.800843121727
5.25 0.127353405773 0.928908636449 0.0710913635514 0.801555230675
5.26 0.126882168065 0.929147119382 0.0708528806177 0.802264951317
5.27 0.126412617496 0.929384908097 0.0706150919026 0.802972290602
5.28 0.12594474846 0.929622003924 0.0703779960755 0.803677255465
5.29 0.125478555368 0.929858408196 0.0701415918039 0.804379852828
5.3 0.125014032645 0.930094122247 0.0699058777533 0.805080089602
5.31 0.124551174733 0.930329147413 0.0696708525872 0.80577797268
5.32 0.124089976088 0.930563485033 0.0694365149673 0.806473508945
5.33 0.12363043118 0.930797136446 0.0692028635535 0.807166705266
5.34 0.123172534497 0.931030102996 0.0689698970039 0.807857568499
5.35 0.12271628054 0.931262386025 0.0687376139747 0.808546105485
5.36 0.122261663827 0.931493986879 0.0685060131205 0.809232323053
5.37 0.121808678889 0.931724906906 0.0682750930941 0.809916228017
5.38 0.121357320274 0.931955147453 0.0680448525468 0.810597827179
5.39 0.120907582544 0.932184709872 0.067815290128 0.811277127328
5.4 0.120459460276 0.932413595514 0.0675864044858 0.811954135238
5.41 0.120012948064 0.932641805734 0.0673581942665 0.812628857669
5.42 0.119568040515 0.932869341885 0.067130658115 0.81330130137
5.43 0.119124732251 0.933096205325 0.0669037946747 0.813971473074
5.44 0.118683017911 0.933322397413 0.0666776025875 0.814639379501
5.45 0.118242892147 0.933547919506 0.0664520804939 0.815305027359
5.46 0.117804349627 0.933772772967 0.066227227033 0.81596842334
5.47 0.117367385033 0.933996959157 0.0660030408426 0.816629574124
5.48 0.116931993064 0.934220479441 0.065779520559 0.817288486377
5.49 0.116498168432 0.934443335183 0.0655566648175 0.81794516675
5.5 0.116065905865 0.934665527748 0.0653344722518 0.818599621884
5.51 0.115635200104 0.934887058505 0.0651129414945 0.819251858401
5.52 0.115206045908 0.935107928823 0.0648920711773 0.819901882915
5.53 0.114778438048 0.93532814007 0.0646718599302 0.820549702022
5.54 0.114352371312 0.935547693618 0.0644523063825 0.821195322306
5.55 0.113927840501 0.935766590838 0.0642334091621 0.821838750337
5.56 0.113504840431 0.935984833104 0.0640151668962 0.822479992672
5.57 0.113083365936 0.936202421789 0.0637975782106 0.823119055854
5.58 0.112663411859 0.93641935827 0.0635806417303 0.823755946411
5.59 0.112244973063 0.936635643921 0.0633643560792 0.824390670858
5.6 0.111828044423 0.93685128012 0.0631487198804 0.825023235697
5.61 0.111412620828 0.937066268244 0.0629337317559 0.825653647416
5.62 0.110998697185 0.937280609673 0.0627193903271 0.826281912488
5.63 0.110586268412 0.937494305786 0.0625056942142 0.826908037373
5.64 0.110175329445 0.937707357963 0.0622926420369 0.827532028519
5.65 0.10976587523 0.937919767586 0.0620802324138 0.828153892356
5.66 0.109357900733 0.938131536037 0.0618684639632 0.828773635304
5.67 0.10895140093 0.938342664698 0.0616573353021 0.829391263768
5.68 0.108546370815 0.938553154953 0.0614468450472 0.830006784138
5.69 0.108142805393 0.938763008186 0.0612369918144 0.830620202792
5.7 0.107740699688 0.938972225781 0.061027774219 0.831231526093
5.71 0.107340048734 0.939180809124 0.0608191908756 0.831840760391
5.72 0.106940847581 0.939388759602 0.0606112403983 0.83244791202
5.73 0.106543091296 0.939596078599 0.0604039214006 0.833052987304
5.74 0.106146774956 0.939802767505 0.0601972324955 0.833655992549
5.75 0.105751893655 0.940008827705 0.0599911722955 0.834256934049
5.76 0.105358442502 0.940214260587 0.0597857394125 0.834855818086
5.77 0.104966416618 0.940419067542 0.0595809324583 0.835452650924
5.78 0.104575811139 0.940623249956 0.0593767500439 0.836047438817
5.79 0.104186621218 0.94082680922 0.0591731907802 0.836640188002
5.8 0.103798842018 0.941029746722 0.0589702532775 0.837230904705
5.81 0.103412468718 0.941232063854 0.058767936146 0.837819595136
5.82 0.103027496514 0.941433762005 0.0585662379954 0.838406265491
5.83 0.102643920611 0.941634842565 0.0583651574352 0.838990921954
5.84 0.102261736231 0.941835306925 0.0581646930748 0.839573570694
5.85 0.101880938612 0.942035156477 0.0579648435231 0.840154217865
5.86 0.101501523002 0.942234392611 0.057765607389 0.840732869609
5.87 0.101123484666 0.942433016719 0.0575669832812 0.841309532053
5.88 0.100746818882 0.942631030192 0.0573689698082 0.84188421131
5.89 0.100371520942 0.942828434422 0.0571715655784 0.84245691348
5.9 0.0999975861521 0.9430252308 0.0569747692001 0.843027644648
5.91 0.099625009833 0.943221420718 0.0567785792817 0.843596410885
5.92 0.0992537873185 0.943417005569 0.0565829944312 0.84416321825
5.93 0.0988839139568 0.943611986743 0.0563880132569 0.844728072786
5.94 0.0985153851099 0.943806365633 0.0561936343671 0.845290980523
5.95 0.0981481961535 0.94400014363 0.0559998563699 0.845851947477
5.96 0.0977823424775 0.944193322126 0.0558066778737 0.846410979649
5.97 0.0974178194854 0.944385902513 0.0556140974868 0.846968083028
5.98 0.0970546225945 0.944577886182 0.0554221138179 0.847523263588
5.99 0.096692747236 0.944769274525 0.0552307254754 0.848076527289
6.0 0.0963321888548 0.944960068932 0.0550399310683 0.848627880077
6.01 0.0959729429095 0.945150270795 0.0548497292054 0.849177327885
6.02 0.0956150048724 0.945339881504 0.054660118496 0.849724876632
6.03 0.0952583702295 0.94552890245 0.0544710975496 0.850270532221
6.04 0.0949030344805 0.945717335024 0.0542826649757 0.850814300544
6.05 0.0945489931386 0.945905180616 0.0540948193843 0.851356187477
6.06 0.0941962417308 0.946092440614 0.0539075593857 0.851896198883
6.07 0.0938447757974 0.94627911641 0.0537208835905 0.852434340612
6.08 0.0934945908925 0.94646520939 0.0535347906095 0.852970618498
6.09 0.0931456825835 0.946650720946 0.0533492790541 0.853505038362
6.1 0.0927980464514 0.946835652464 0.053164347536 0.854037606013
6.11 0.0924516780907 0.947020005333 0.0529799946673 0.854568327242
6.12 0.0921065731094 0.94720378094 0.0527962190605 0.85509720783
6.13 0.0917627271287 0.947386980671 0.0526130193286 0.855624253543
6.14 0.0914201357833 0.947569605915 0.0524303940851 0.856149470132
6.15 0.0910787947212 0.947751658056 0.052248341944 0.856672863335
6.16 0.090738699604 0.94793313848 0.0520668615198 0.857194438876
6.17 0.0903998461061 0.948114048572 0.0518859514275 0.857714202466
6.18 0.0900622299158 0.948294389717 0.0517056102829 0.858232159801
6.19 0.089725846734 0.948474163298 0.0515258367021 0.858748316564
6.2 0.0893906922754 0.948653370698 0.051346629302 0.859262678423
6.21 0.0890567622674 0.9488320133 0.0511679867 0.859775251033
6.22 0.088724052451 0.949010092486 0.0509899075142 0.860286040035
6.23 0.0883925585801 0.949187609636 0.0508123903635 0.860795051056
6.24 0.0880622764218 0.949364566133 0.0506354338674 0.861302289711
6.25 0.0877332017561 0.949540963354 0.050459036646 0.861807761598
6.26 0.0874053303763 0.94971680268 0.0502831973202 0.862311472303
6.27 0.0870786580887 0.949892085488 0.0501079145119 0.862813427399
6.28 0.0867531807125 0.950066813157 0.0499331868434 0.863313632444
6.29 0.0864288940799 0.950240987062 0.0497590129379 0.863812092982
6.3 0.0861057940361 0.95041460858 0.0495853914197 0.864308814544
6.31 0.0857838764391 0.950587679086 0.0494123209136 0.864803802647
6.32 0.08546313716 0.950760199955 0.0492398000454 0.865297062795
6.33 0.0851435720826 0.950932172558 0.0490678274416 0.865788600476
6.34 0.0848251771036 0.95110359827 0.0488964017299 0.866278421166
6.35 0.0845079481325 0.951274478461 0.0487255215387 0.866766530329
6.36 0.0841918810916 0.951444814503 0.0485551854974 0.867252933411
6.37 0.0838769719159 0.951614607764 0.0483853922362 0.867737635848
6.38 0.0835632165531 0.951783859614 0.0482161403864 0.86822064306
6.39 0.0832506109638 0.95195257142 0.0480474285804 0.868701960456
6.4 0.082939151121 0.952120744549 0.0478792554513 0.869181593428
6.41 0.0826288330105 0.952288380366 0.0477116196336 0.869659547356
6.42 0.0823196526307 0.952455480238 0.0475445197624 0.870135827607
6.43 0.0820116059926 0.952622045526 0.0473779544743 0.870610439533
6.44 0.0817046891197 0.952788077593 0.0472119224066 0.871083388474
6.45 0.081398898048 0.952953577802 0.0470464221979 0.871554679754
6.46 0.0810942288261 0.953118547512 0.0468814524879 0.872024318686
6.47 0.080790677515 0.953282988083 0.0467170119173 0.872492310568
6.48 0.0804882401883 0.953446900872 0.0465530991281 0.872958660684
6.49 0.0801869129317 0.953610287237 0.0463897127633 0.873423374305
6.5 0.0798866918436 0.953773148533 0.0462268514673 0.873886456689
6.51 0.0795875730345 0.953935486115 0.0460645138854 0.87434791308
6.52 0.0792895526276 0.954097301336 0.0459026986644 0.874807748708
6.53 0.0789926267579 0.954258595548 0.045741404452 0.87526596879
6.54 0.0786967915731 0.954419370102 0.0455806298975 0.875722578529
6.55 0.078402043233 0.954579626349 0.0454203736513 0.876177583116
6.56 0.0781083779095 0.954739365635 0.0452606343649 0.876630987726
6.57 0.0778157917869 0.954898589309 0.0451014106914 0.877082797522
6.58 0.0775242810614 0.955057298715 0.0449427012849 0.877533017654
6.59 0.0772338419417 0.955215495199 0.0447845048012 0.877981653257
6.6 0.0769444706482 0.955373180103 0.0446268198969 0.878428709455
6.61 0.0766561634136 0.955530354769 0.0444696452305 0.878874191356
6.62 0.0763689164826 0.955687020538 0.0443129794616 0.879318104056
6.63 0.0760827261119 0.955843178749 0.044156821251 0.879760452637
6.64 0.0757975885704 0.955998830739 0.0440011692614 0.880201242168
6.65 0.0755135001385 0.956153977844 0.0438460221563 0.880640477705
6.66 0.0752304571089 0.956308621399 0.0436913786012 0.88107816429
6.67 0.0749484557862 0.956462762737 0.0435372372626 0.881514306951
6.68 0.0746674924866 0.956616403191 0.0433835968086 0.881948910705
6.69 0.0743875635384 0.956769544091 0.0432304559089 0.882381980553
6.7 0.0741086652817 0.956922186765 0.0430778132346 0.882813521484
6.71 0.0738307940683 0.957074332542 0.0429256674581 0.883243538474
6.72 0.0735539462616 0.957225982746 0.0427740172536 0.883672036485
6.73 0.0732781182372 0.957377138703 0.0426228612966 0.884099020466
6.74 0.0730033063818 0.957527801736 0.0424721982643 0.884524495354
6.75 0.0727295070944 0.957677973165 0.0423220268354 0.88494846607
6.76 0.0724567167851 0.95782765431 0.0421723456901 0.885370937525
6.77 0.0721849318759 0.95797684649 0.0420231535102 0.885791914614
6.78 0.0719141488003 0.958125551021 0.0418744489791 0.886211402221
6.79 0.0716443640035 0.958273769218 0.0417262307819 0.886629405215
6.8 0.071375573942 0.958421502395 0.0415784976051 0.887045928453
6.81 0.071107775084 0.958568751863 0.0414312481369 0.887460976779
6.82 0.070840963909 0.958715518933 0.0412844810673 0.887874555024
6.83 0.0705751369081 0.958861804912 0.0411381950878 0.888286668004
6.84 0.0703102905837 0.959007611108 0.0409923888916 0.888697320525
6.85 0.0700464214496 0.959152938826 0.0408470611736 0.889106517377
6.86 0.069783526031 0.95929778937 0.0407022106302 0.889514263339
6.87 0.0695216008645 0.95944216404 0.0405578359598 0.889920563176
6.88 0.0692606424978 0.959586064138 0.0404139358624 0.89032542164
6.89 0.06900064749 0.95972949096 0.0402705090395 0.890728843471
6.9 0.0687416124114 0.959872445805 0.0401275541947 0.891130833394
6.91 0.0684835338436 0.960014929967 0.0399850700331 0.891531396123
6.92 0.0682264083792 0.960156944738 0.0398430552616 0.891930536359
6.93 0.0679702326222 0.960298491411 0.0397015085888 0.892328258789
6.94 0.0677150031876 0.960439571275 0.0395604287254 0.892724568087
6.95 0.0674607167014 0.960580185617 0.0394198143835 0.893119468915
6.96 0.0672073698007 0.960720335723 0.0392796642771 0.893512965922
6.97 0.0669549591339 0.960860022878 0.0391399771222 0.893905063744
6.98 0.0667034813601 0.960999248364 0.0390007516364 0.894295767003
6.99 0.0664529331496 0.961138013461 0.0388619865392 0.894685080311
7.0 0.0662033111833 0.961276319448 0.038723680552 0.895073008265
7.01 0.0659546121536 0.961414167602 0.038585832398 0.895459555448
7.02 0.0657068327633 0.961551559198 0.0384484408023 0.895844726434
7.03 0.0654599697262 0.961688495508 0.0383115044917 0.896228525782
7.04 0.0652140197671 0.961824977805 0.0381750221952 0.896610958038
7.05 0.0649689796214 0.961961007357 0.0380389926434 0.896992027735
7.06 0.0647248460355 0.962096585431 0.037903414569 0.897371739395
7.07 0.0644816157664 0.962231713294 0.0377682867064 0.897750097527
7.08 0.0642392855817 0.962366392208 0.0376336077921 0.898127106626
7.09 0.0639978522601 0.962500623435 0.0374993765646 0.898502771175
7.1 0.0637573125906 0.962634408236 0.0373655917639 0.898877095646
7.11 0.0635176633729 0.962767747867 0.0372322521326 0.899250084495
7.12 0.0632789014175 0.962900643585 0.0370993564147 0.899621742168
7.13 0.0630410235453 0.963033096644 0.0369669033564 0.899992073098
7.14 0.0628040265878 0.963165108294 0.0368348917058 0.900361081706
7.15 0.0625679073871 0.963296679787 0.0367033202132 0.9007287724
7.16 0.0623326627957 0.963427812369 0.0365721876306 0.901095149574
7.17 0.0620982896767 0.963558507288 0.0364414927122 0.901460217611
7.18 0.0618647849034 0.963688765786 0.0363112342139 0.901823980883
7.19 0.0616321453598 0.963818589106 0.0361814108941 0.902186443746
7.2 0.0614003679401 0.963947978487 0.0360520215129 0.902547610547
7.21 0.0611694495489 0.964076935168 0.0359230648324 0.902907485619
7.22 0.0609393871012 0.964205460383 0.035794539617 0.903266073282
7.23 0.0607101775221 0.964333555367 0.0356664446328 0.903623377845
7.24 0.0604818177473 0.964461221352 0.0355387786482 0.903979403605
7.25 0.0602543047225 0.964588459566 0.0354115404336 0.904334154844
7.26 0.0600276354035 0.964715271239 0.0352847287615 0.904687635835
7.27 0.0598018067567 0.964841657594 0.0351583424064 0.905039850837
7.28 0.0595768157583 0.964967619855 0.0350323801449 0.905390804097
7.29 0.0593526593948 0.965093159244 0.0349068407558 0.905740499849
7.3 0.0591293346627 0.96521827698 0.0347817230199 0.906088942317
7.31 0.0589068385686 0.96534297428 0.0346570257201 0.906436135711
7.32 0.0586851681293 0.965467252359 0.0345327476415 0.906782084229
7.33 0.0584643203715 0.965591112429 0.0344088875711 0.907126792057
7.34 0.0582442923317 0.965714555702 0.0342854442983 0.90747026337
7.35 0.0580250810568 0.965837583386 0.0341624166145 0.907812502329
7.36 0.0578066836033 0.965960196687 0.0340398033132 0.908153513084
7.37 0.0575890970376 0.96608239681 0.0339176031901 0.908493299772
7.38 0.0573723184363 0.966204184957 0.0337958150431 0.908831866521
7.39 0.0571563448854 0.966325562328 0.0336744376722 0.909169217442
7.4 0.0569411734812 0.96644653012 0.0335534698795 0.909505356639
7.41 0.0567268013293 0.966567089531 0.0334329104695 0.909840288201
7.42 0.0565132255455 0.966687241752 0.0333127582485 0.910174016206
7.43 0.0563004432552 0.966806987975 0.0331930120253 0.91050654472
7.44 0.0560884515934 0.966926329389 0.0330736706107 0.910837877796
7.45 0.0558772477049 0.967045267182 0.032954732818 0.911168019477
7.46 0.0556668287441 0.967163802538 0.0328361974622 0.911496973794
7.47 0.0554571918752 0.967281936639 0.0327180633609 0.911824744764
7.48 0.0552483342717 0.967399670666 0.0326003293338 0.912151336394
7.49 0.0550402531169 0.967517005797 0.0324829942028 0.91247675268
7.5 0.0548329456037 0.967633943208 0.032366056792 0.912800997604
7.51 0.0546264089344 0.967750484072 0.0322495159277 0.913124075138
7.52 0.0544206403207 0.967866629561 0.0321333704386 0.913445989241
7.53 0.054215636984 0.967982380845 0.0320176191553 0.913766743861
7.54 0.0540113961549 0.968097739089 0.0319022609111 0.914086342934
7.55 0.0538079150738 0.968212705459 0.0317872945411 0.914404790385
7.56 0.0536051909899 0.968327281117 0.0316727188829 0.914722090127
7.57 0.0534032211624 0.968441467224 0.0315585327763 0.915038246061
7.58 0.0532020028593 0.968555264937 0.0314447350633 0.915353262077
7.59 0.0530015333582 0.968668675412 0.0313313245884 0.915667142053
7.6 0.052801809946 0.968781699802 0.031218300198 0.915979889856
7.61 0.0526028299186 0.968894339259 0.0311056607409 0.91629150934
7.62 0.0524045905813 0.969006594932 0.0309934050685 0.91660200435
7.63 0.0522070892487 0.969118467966 0.0308815320339 0.916911378717
7.64 0.0520103232444 0.969229959507 0.030770040493 0.917219636263
7.65 0.0518142899012 0.969341070696 0.0306589293038 0.917526780795
7.66 0.051618986561 0.969451802674 0.0305481973264 0.917832816113
7.67 0.0514244105748 0.969562156577 0.0304378434234 0.918137746002
7.68 0.0512305593027 0.96967213354 0.0303278664598 0.918441574238
7.69 0.0510374301137 0.969781734697 0.0302182653026 0.918744304584
7.7 0.0508450203861 0.969890961179 0.0301090388214 0.919045940793
7.71 0.0506533275068 0.969999814112 0.0300001858879 0.919346486605
7.72 0.050462348872 0.970108294624 0.0298917053763 0.919645945752
7.73 0.0502720818867 0.970216403837 0.0297835961629 0.91994432195
7.74 0.0500825239647 0.970324142874 0.0296758571264 0.920241618909
7.75 0.0498936725288 0.970431512852 0.029568487148 0.920537840323
7.76 0.0497055250107 0.970538514889 0.0294614851109 0.920832989878
7.77 0.0495180788508 0.970645150099 0.029354849901 0.921127071248
7.78 0.0493313314984 0.970751419594 0.0292485804062 0.921420088095
7.79 0.0491452804115 0.970857324483 0.0291426755169 0.921712044072
7.8 0.0489599230568 0.970962865874 0.0290371341258 0.922002942817
7.81 0.0487752569098 0.971068044872 0.028931955128 0.922292787962
7.82 0.0485912794549 0.971172862579 0.0288271374209 0.922581583124
7.83 0.0484079881847 0.971277320096 0.0287226799041 0.922869331911
7.84 0.0482253806009 0.97138141852 0.0286185814798 0.923156037919
7.85 0.0480434542134 0.971485158948 0.0285148410524 0.923441704734
7.86 0.0478622065412 0.971588542471 0.0284114575288 0.92372633593
7.87 0.0476816351114 0.971691570182 0.0283084298179 0.924009935071
7.88 0.0475017374598 0.971794243169 0.0282057568314 0.924292505709
7.89 0.0473225111308 0.971896562517 0.0281034374831 0.924574051386
7.9 0.0471439536772 0.971998529311 0.0280014706891 0.924854575634
7.91 0.0469660626603 0.972100144632 0.0278998553682 0.925134081972
7.92 0.0467888356498 0.972201409559 0.0277985904412 0.925412573909
7.93 0.0466122702238 0.972302325169 0.0276976748315 0.925690054945
7.94 0.0464363639689 0.972402892535 0.0275971074646 0.925966528566
7.95 0.0462611144799 0.972503112731 0.0274968872688 0.926241998251
7.96 0.0460865193601 0.972602986826 0.0273970131744 0.926516467466
7.97 0.045912576221 0.972702515886 0.0272974841141 0.926789939665
7.98 0.0457392826824 0.972801700977 0.0271982990233 0.927062418294
7.99 0.0455666363723 0.972900543161 0.0270994568393 0.927333906788
8.0 0.0453946349271 0.972999043498 0.0270009565022 0.927604408571
8.01 0.0452232759913 0.973097203046 0.0269027969543 0.927873927054
8.02 0.0450525572175 0.97319502286 0.0268049771403 0.928142465642
8.03 0.0448824762667 0.973292503993 0.0267074960072 0.928410027726
8.04 0.0447130308078 0.973389647496 0.0266103525044 0.928676616688
8.05 0.0445442185179 0.973486454416 0.0265135455839 0.928942235898
8.06 0.0443760370822 0.9735829258 0.0264170741999 0.929206888718
8.07 0.044208484194 0.973679062691 0.0263209373089 0.929470578497
8.08 0.0440415575545 0.97377486613 0.02622513387 0.929733308576
8.09 0.0438752548729 0.973870337155 0.0261296628445 0.929995082283
8.1 0.0437095738667 0.973965476804 0.0260345231963 0.930255902937
8.11 0.0435445122609 0.974060286109 0.0259397138915 0.930515773848
8.12 0.0433800677888 0.974154766101 0.0258452338986 0.930774698313
8.13 0.0432162381914 0.974248917811 0.0257510821887 0.93103267962
8.14 0.0430530212177 0.974342742265 0.025657257735 0.931289721047
8.15 0.0428904146246 0.974436240487 0.0255637595134 0.931545825862
8.16 0.0427284161766 0.974529413498 0.0254705865019 0.931800997322
8.17 0.0425670236463 0.974622262319 0.025377737681 0.932055238673
8.18 0.0424062348139 0.974714787966 0.0252852120337 0.932308553152
8.19 0.0422460474674 0.974806991455 0.0251930085453 0.932560943987
8.2 0.0420864594027 0.974898873796 0.0251011262035 0.932812414394
8.21 0.0419274684231 0.974990436002 0.0250095639984 0.933062967578
8.22 0.04176907234 0.975081679077 0.0249183209225 0.933312606738
8.23 0.041611268972 0.975172604029 0.0248273959707 0.933561335057
8.24 0.0414540561457 0.97526321186 0.0247367881402 0.933809155714
8.25 0.0412974316953 0.975353503569 0.0246464964309 0.934056071874
8.26 0.0411413934623 0.975443480155 0.0245565198446 0.934302086693
8.27 0.0409859392962 0.975533142614 0.024466857386 0.934547203318
8.28 0.0408310670536 0.975622491938 0.0243775080618 0.934791424885
8.29 0.040676774599 0.975711529119 0.0242884708814 0.93503475452
8.3 0.0405230598043 0.975800255144 0.0241997448564 0.935277195339
8.31 0.0403699205486 0.975888670999 0.0241113290008 0.935518750451
8.32 0.0402173547189 0.975976777669 0.0240232223311 0.93575942295
8.33 0.0400653602092 0.976064576134 0.0239354238662 0.935999215925
8.34 0.0399139349214 0.976152067373 0.0238479326272 0.936238132451
8.35 0.0397630767642 0.976239252362 0.0237607476379 0.936476175598
8.36 0.0396127836542 0.976326132076 0.0236738679241 0.936713348422
8.37 0.0394630535149 0.976412707486 0.0235872925143 0.936949653971
8.38 0.0393138842774 0.976498979561 0.0235010204394 0.937185095283
8.39 0.0391652738801 0.976584949268 0.0234150507325 0.937419675387
8.4 0.0390172202684 0.976670617571 0.0233293824291 0.937653397302
8.41 0.0388697213952 0.976755985433 0.0232440145673 0.937886264038
8.42 0.0387227752205 0.976841053813 0.0231589461874 0.938118278592
8.43 0.0385763797115 0.976925823668 0.0230741763322 0.938349443956
8.44 0.0384305328426 0.977010295953 0.0229897040467 0.938579763111
8.45 0.0382852325955 0.977094471621 0.0229055283785 0.938809239026
8.46 0.0381404769587 0.977178351622 0.0228216483775 0.939037874664
8.47 0.037996263928 0.977261936904 0.022738063096 0.939265672976
8.48 0.0378525915064 0.977345228411 0.0226547715886 0.939492636905
8.49 0.0377094577038 0.977428227088 0.0225717729124 0.939718769384
8.5 0.0375668605371 0.977510933873 0.0224890661267 0.939944073336
8.51 0.0374247980303 0.977593349707 0.0224066502935 0.940168551676
8.52 0.0372832682144 0.977675475523 0.0223245244768 0.940392207309
8.53 0.0371422691274 0.977757312257 0.0222426877433 0.940615043129
8.54 0.0370017988141 0.977838860838 0.0221611391618 0.940837062024
8.55 0.0368618553263 0.977920122196 0.0220798778037 0.94105826687
8.56 0.0367224367229 0.978001097257 0.0219989027426 0.941278660535
8.57 0.0365835410694 0.978081786945 0.0219182130545 0.941498245876
8.58 0.0364451664382 0.978162192182 0.021837807818 0.941717025744
8.59 0.0363073109087 0.978242313886 0.0217576861138 0.941935002978
8.6 0.036169972567 0.978322152975 0.0216778470249 0.942152180408
8.61 0.0360331495059 0.978401710363 0.021598289637 0.942368560857
8.62 0.0358968398253 0.978480986962 0.0215190130379 0.942584147137
8.63 0.0357610416314 0.978559983682 0.0214400163178 0.942798942051
8.64 0.0356257530375 0.978638701431 0.0213612985694 0.943012948393
8.65 0.0354909721634 0.978717141112 0.0212828588876 0.943226168949
8.66 0.0353566971356 0.97879530363 0.0212046963696 0.943438606495
8.67 0.0352229260875 0.978873189885 0.0211268101152 0.943650263797
8.68 0.0350896571587 0.978950800774 0.0210491992264 0.943861143615
8.69 0.0349568884958 0.979028137192 0.0209718628075 0.944071248697
8.7 0.0348246182518 0.979105200035 0.0208947999652 0.944280581783
8.71 0.0346928445863 0.979181990191 0.0208180098087 0.944489145605
8.72 0.0345615656656 0.979258508551 0.0207414914492 0.944696942885
8.73 0.0344307796624 0.979334755999 0.0206652440006 0.944903976337
8.74 0.0343004847558 0.979410733421 0.0205892665789 0.945110248665
8.75 0.0341706791316 0.979486441697 0.0205135583026 0.945315762566
8.76 0.0340413609821 0.979561881708 0.0204381182924 0.945520520726
8.77 0.0339125285057 0.979637054329 0.0203629456714 0.945724525823
8.78 0.0337841799076 0.979711960435 0.020288039565 0.945927780527
8.79 0.0336563133993 0.979786600899 0.020213399101 0.9461302875
8.8 0.0335289271986 0.979860976591 0.0201390234095 0.946332049392
8.81 0.0334020195297 0.979935088377 0.0200649116228 0.946533068848
8.82 0.0332755886231 0.980008937124 0.0199910628757 0.946733348501
8.83 0.0331496327158 0.980082523695 0.0199174763053 0.946932890979
8.84 0.0330241500508 0.980155848949 0.0198441510508 0.947131698898
8.85 0.0328991388777 0.980228913746 0.0197710862541 0.947329774868
8.86 0.0327745974522 0.980301718941 0.019698281059 0.947527121489
8.87 0.0326505240362 0.980374265388 0.0196257346119 0.947723741352
8.88 0.0325269168979 0.980446553939 0.0195534460615 0.947919637041
8.89 0.0324037743116 0.980518585442 0.0194814145585 0.94811481113
8.9 0.0322810945579 0.980590360744 0.0194096392563 0.948309266186
8.91 0.0321588759235 0.98066188069 0.0193381193103 0.948503004766
8.92 0.0320371167012 0.980733146122 0.0192668538784 0.94869602942
8.93 0.03191581519 0.980804157879 0.0191958421207 0.948888342689
8.94 0.0317949696948 0.9808749168 0.0191250831995 0.949079947106
8.95 0.0316745785269 0.98094542372 0.0190545762797 0.949270845193
8.96 0.0315546400034 0.981015679472 0.0189843205281 0.949461039468
8.97 0.0314351524475 0.981085684886 0.0189143151141 0.949650532438
8.98 0.0313161141884 0.981155440791 0.0188445592092 0.949839326602
8.99 0.0311975235613 0.981224948013 0.0187750519871 0.950027424452
9.0 0.0310793789075 0.981294207376 0.0187057926241 0.950214828468
9.01 0.030961678574 0.981363219702 0.0186367802985 0.950401541127
9.02 0.030844420914 0.981431985809 0.0185680141909 0.950587564895
9.03 0.0307276042865 0.981500506516 0.0184994934842 0.950772902229
9.04 0.0306112270562 0.981568782636 0.0184312173637 0.95095755558
9.05 0.0304952875941 0.981636814983 0.0183631850167 0.951141527389
9.06 0.0303797842767 0.981704604367 0.018295395633 0.95132482009
9.07 0.0302647154865 0.981772151595 0.0182278484045 0.951507436109
9.08 0.0301500796117 0.981839457475 0.0181605425254 0.951689377863
9.09 0.0300358750465 0.981906522808 0.0180934771922 0.951870647761
9.1 0.0299221001906 0.981973348396 0.0180266516035 0.952051248206
9.11 0.0298087534497 0.98203993504 0.0179600649604 0.95223118159
9.12 0.0296958332352 0.982106283534 0.0178937164659 0.952410450299
9.13 0.0295833379641 0.982172394674 0.0178276053256 0.95258905671
9.14 0.0294712660591 0.982238269253 0.017761730747 0.952767003194
9.15 0.0293596159488 0.98230390806 0.01769609194 0.952944292111
9.16 0.0292483860672 0.982369311883 0.0176306881168 0.953120925816
9.17 0.0291375748541 0.982434481508 0.0175655184917 0.953296906654
9.18 0.0290271807549 0.982499417719 0.0175005822812 0.953472236964
9.19 0.0289172022205 0.982564121296 0.0174358787042 0.953646919075
9.2 0.0288076377076 0.982628593018 0.0173714069816 0.953820955311
9.21 0.0286984856783 0.982692833663 0.0173071663366 0.953994347985
9.22 0.0285897446002 0.982756844005 0.0172431559945 0.954167099405
9.23 0.0284814129467 0.982820624817 0.0171793751832 0.95433921187
9.24 0.0283734891964 0.982884176868 0.0171158231322 0.954510687671
9.25 0.0282659718335 0.982947500926 0.0170524990737 0.954681529093
9.26 0.0281588593478 0.983010597758 0.0169894022419 0.95485173841
9.27 0.0280521502344 0.983073468127 0.0169265318731 0.955021317893
9.28 0.027945842994 0.983136112794 0.0168638872059 0.9551902698
9.29 0.0278399361325 0.983198532519 0.0168014674811 0.955358596386
9.3 0.0277344281613 0.983260728058 0.0167392719417 0.955526299897
9.31 0.0276293175973 0.983322700167 0.0166772998327 0.95569338257
9.32 0.0275246029626 0.983384449599 0.0166155504015 0.955859846636
9.33 0.0274202827847 0.983445977102 0.0165540228975 0.956025694318
9.34 0.0273163555964 0.983507283428 0.0164927165724 0.956190927831
9.35 0.027212819936 0.98356836932 0.0164316306799 0.956355549384
9.36 0.0271096743468 0.983629235524 0.0163707644761 0.956519561177
9.37 0.0270069173776 0.983689882781 0.016310117219 0.956682965403
9.38 0.0269045475823 0.983750311831 0.0162496881689 0.956845764249
9.39 0.0268025635201 0.983810523412 0.0161894765882 0.957007959892
9.4 0.0267009637555 0.983870518258 0.0161294817415 0.957169554503
9.41 0.026599746858 0.983930297105 0.0160697028955 0.957330550246
9.42 0.0264989114026 0.983989860681 0.0160101393189 0.957490949278
9.43 0.0263984559692 0.984049209717 0.0159507902828 0.957650753748
9.44 0.0262983791428 0.98410834494 0.0158916550603 0.957809965797
9.45 0.0261986795139 0.984167267073 0.0158327329266 0.95796858756
9.46 0.0260993556776 0.984225976841 0.0157740231591 0.958126621163
9.47 0.0260004062346 0.984284474963 0.0157155250372 0.958284068728
9.48 0.0259018297904 0.984342762158 0.0156572378425 0.958440932367
9.49 0.0258036249556 0.984400839141 0.0155991608587 0.958597214186
9.5 0.0257057903458 0.984458706628 0.0155412933716 0.958752916283
9.51 0.0256083245818 0.984516365331 0.0154836346691 0.958908040749
9.52 0.0255112262891 0.984573815959 0.0154261840413 0.95906258967
9.53 0.0254144940986 0.98463105922 0.0153689407802 0.959216565121
9.54 0.0253181266459 0.98468809582 0.01531190418 0.959369969174
9.55 0.0252221225716 0.984744926463 0.0152550735371 0.959522803891
9.56 0.0251264805213 0.98480155185 0.0151984481498 0.959675071329
9.57 0.0250311991454 0.984857972682 0.0151420273185 0.959826773536
9.58 0.0249362770994 0.984914189654 0.0150858103458 0.959977912555
9.59 0.0248417130435 0.984970203464 0.0150297965362 0.96012849042
9.6 0.0247475056429 0.985026014803 0.0149739851966 0.96027850916
9.61 0.0246536535677 0.985081624365 0.0149183756355 0.960427970797
9.62 0.0245601554927 0.985137032836 0.0148629671638 0.960576877343
9.63 0.0244670100975 0.985192240906 0.0148077590944 0.960725230808
9.64 0.0243742160667 0.985247249258 0.0147527507421 0.960873033191
9.65 0.0242817720896 0.985302058576 0.014697941424 0.961020286486
9.66 0.0241896768602 0.985356669541 0.014643330459 0.961166992681
9.67 0.0240979290773 0.985411082832 0.0145889171682 0.961313153754
9.68 0.0240065274445 0.985465299125 0.0145347008747 0.961458771681
9.69 0.02391547067 0.985519319096 0.0144806809036 0.961603848426
9.7 0.0238247574669 0.985573143418 0.0144268565821 0.961748385951
9.71 0.0237343865529 0.985626772761 0.0143732272392 0.961892386208
9.72 0.0236443566502 0.985680207794 0.0143197922063 0.962035851144
9.73 0.0235546664859 0.985733449183 0.0142665508166 0.962178782698
9.74 0.0234653147917 0.985786497595 0.0142135024052 0.962321182803
9.75 0.0233763003039 0.985839353691 0.0141606463094 0.962463053387
9.76 0.0232876217633 0.985892018131 0.0141079818686 0.962604396368
9.77 0.0231992779155 0.985944491576 0.0140555084238 0.962745213661
9.78 0.0231112675105 0.985996774682 0.0140032253184 0.962885507171
9.79 0.023023589303 0.986048868102 0.0139511318976 0.963025278799
9.8 0.0229362420522 0.986100772491 0.0138992275087 0.963164530439
9.81 0.0228492245217 0.986152488499 0.0138475115008 0.963303263977
9.82 0.0227625354799 0.986204016775 0.0137959832252 0.963441481295
9.83 0.0226761736995 0.986255357965 0.0137446420349 0.963579184266
9.84 0.0225901379576 0.986306512715 0.0136934872853 0.963716374757
9.85 0.022504427036 0.986357481667 0.0136425183334 0.963853054631
9.86 0.0224190397208 0.986408265462 0.0135917345382 0.963989225741
9.87 0.0223339748027 0.986458864739 0.0135411352609 0.964124889936
9.88 0.0222492310765 0.986509280136 0.0134907198644 0.964260049059
9.89 0.0221648073418 0.986559512286 0.0134404877136 0.964394704945
9.9 0.0220807024024 0.986609561824 0.0133904381755 0.964528859422
9.91 0.0219969150664 0.986659429381 0.013340570619 0.964662514315
9.92 0.0219134441463 0.986709115585 0.0132908844147 0.964795671439
9.93 0.0218302884592 0.986758621065 0.0132413789355 0.964928332605
9.94 0.0217474468261 0.986807946444 0.0131920535559 0.965060499618
9.95 0.0216649180727 0.986857092347 0.0131429076526 0.965192174275
9.96 0.0215827010287 0.986906059396 0.013093940604 0.965323358367
9.97 0.0215007945284 0.986954848209 0.0130451517907 0.965454053681
9.98 0.02141919741 0.987003459405 0.0129965405948 0.965584261995
9.99 0.0213379085164 0.987051893599 0.0129481064008 0.965713985083
10.0 0.0212569266942 0.987100151405 0.0128998485946 0.965843224711
