0 1.0 1.0 0.0 0.0
0.01 0.990148155013 0.990153103824 0.0098468961761 4.94881101174e-06
0.02 0.980585408907 0.980605003112 0.0193949968883 1.959420447e-05
0.03 0.971301312725 0.971344955522 0.028655044478 4.36427971311e-05
0.04 0.962285885795 0.962362697501 0.0376373024987 7.68117064332e-05
0.05 0.953529589927 0.953648418012 0.0463515819882 0.000118828084994
0.06 0.945023305298 0.945192733978 0.0548072660219 0.00016942868051
0.07 0.936758307904 0.936986667324 0.0630133326763 0.000228359419402
0.08 0.928726248465 0.929021623477 0.0709783765227 0.000295375012681
0.09 0.920919132658 0.92128937124 0.0787106287596 0.00037023858262
0.1 0.913329302609 0.913782023917 0.0862179760825 0.000452721308916
0.11 0.905949419522 0.906492021615 0.093507978385 0.00054260209313
0.12 0.898772447387 0.899412114627 0.100587885373 0.000639667240284
0.13 0.891791637675 0.892535347831 0.107464652169 0.000743710156551
0.14 0.885000514957 0.88585504602 0.11414495398 0.000854531062085
0.15 0.878392863386 0.879364800104 0.120635199896 0.000971936718073
0.16 0.87196271397 0.873058454137 0.126941545863 0.00109574016717
0.17 0.865704332596 0.866930093082 0.133069906918 0.00122576048654
0.18 0.859612208745 0.860974031298 0.139025968702 0.00136182255273
0.19 0.853681044858 0.855184801676 0.144815198324 0.00150375681783
0.2 0.8479057463 0.849557145396 0.150442854604 0.00165139909601
0.21 0.842281411891 0.844086002251 0.155913997749 0.00180459036021
0.22 0.836803324973 0.838766501521 0.161233498479 0.00196317654807
0.23 0.831466944955 0.833593953332 0.166406046668 0.00212700837685
0.24 0.826267899334 0.828563840501 0.171436159499 0.00229594116666
0.25 0.821201976141 0.823671810813 0.176328189187 0.00246983467169
0.26 0.816265116794 0.818913669713 0.181086330287 0.00264855291892
0.27 0.811453409333 0.814285373387 0.185714626613 0.00283196405395
0.28 0.806763082012 0.809783022205 0.190216977795 0.00301994019357
0.29 0.802190497219 0.805402854504 0.194597145496 0.00321235728472
0.3 0.797732145722 0.801141240691 0.198858759309 0.00340909496949
0.31 0.7933846412 0.796994677656 0.203005322344 0.00361003645586
0.32 0.789144715058 0.792959783452 0.207040216548 0.00381506839391
0.33 0.785009211504 0.789033292261 0.210966707739 0.00402408075719
0.34 0.780975082865 0.785212049594 0.214787950406 0.00423696672902
0.35 0.777039385145 0.781493007738 0.218506992262 0.00445362259345
0.36 0.773199273792 0.777873221423 0.222126778577 0.00467394763065
0.37 0.769451999681 0.774349843698 0.225650156302 0.00489784401661
0.38 0.765794905279 0.770920122006 0.229079877994 0.00512521672671
0.39 0.762225421005 0.767581394449 0.232418605551 0.00535597344327
0.4 0.758741061757 0.764331086224 0.235668913776 0.00559002446667
0.41 0.755339423601 0.761166706231 0.238833293769 0.00582728262997
0.42 0.752018180622 0.758085843838 0.241914156162 0.00606766321684
0.43 0.748775081911 0.755086165793 0.244913834207 0.00631108388262
0.44 0.745607948701 0.752165413279 0.247834586721 0.00655746457845
0.45 0.742514671625 0.749321399103 0.250678600897 0.00680672747826
0.46 0.739493208102 0.74655200501 0.25344799499 0.00705879690847
0.47 0.73654157984 0.74385517912 0.25614482088 0.00731359928037
0.48 0.733657870449 0.741228933474 0.258771066526 0.00757106302496
0.49 0.730840223163 0.738671341693 0.261328658307 0.00783111853023
0.5 0.728086838653 0.736180536734 0.263819463266 0.00809369808069
0.51 0.725395972949 0.733754708748 0.266245291252 0.00835873579911
0.52 0.722765935438 0.731392103028 0.268607896972 0.00862616759039
0.53 0.720195086954 0.729091018041 0.270908981959 0.00889593108739
0.54 0.717681837951 0.72684980355 0.27315019645 0.00916796559869
0.55 0.715224646752 0.72466685881 0.27533314119 0.00944221205821
0.56 0.712822017864 0.72254063084 0.27745936916 0.00971861297661
0.57 0.710472500374 0.720469612769 0.279530387231 0.00999711239433
0.58 0.708174686407 0.718452342243 0.281547657757 0.0102776558363
0.59 0.70592720964 0.716487399908 0.283512600092 0.0105601902681
0.6 0.703728743891 0.714573407945 0.285426592055 0.010844664054
0.61 0.70157800175 0.712709028666 0.287290971334 0.0111310269156
0.62 0.699473733275 0.710892963168 0.289107036832 0.011419229893
0.63 0.697414724735 0.709123950041 0.290876049959 0.0117092253061
0.64 0.695399797404 0.707400764123 0.292599235877 0.0120009667181
0.65 0.693427806404 0.705722215303 0.294277784697 0.0122944088997
0.66 0.691497639586 0.704087147381 0.295912852619 0.0125895077947
0.67 0.689608216467 0.702494436954 0.297505563046 0.0128862204865
0.68 0.687758487196 0.700942992362 0.299057007638 0.0131845051662
0.69 0.685947431562 0.699431752663 0.300568247337 0.0134843211009
0.7 0.684174058048 0.697959686651 0.302040313349 0.0137856286037
0.71 0.682437402905 0.69652579191 0.30347420809 0.0140883890046
0.72 0.680736529278 0.6951290939 0.3048709061 0.0143925646217
0.73 0.679070526351 0.693768645086 0.306231354914 0.0146981187344
0.74 0.67743850853 0.692443524087 0.307556475913 0.0150050155562
0.75 0.675839614655 0.691152834865 0.308847165135 0.0153132202096
0.76 0.674273007238 0.689895705938 0.310104294062 0.0156226987003
0.77 0.672737871734 0.688671289628 0.311328710372 0.0159334178941
0.78 0.671233415832 0.687478761324 0.312521238676 0.0162453454923
0.79 0.669758868776 0.686317318786 0.313682681214 0.0165584500101
0.8 0.668313480708 0.685186181461 0.314813818539 0.0168727007536
0.81 0.666896522033 0.684084589832 0.315915410168 0.0171880677991
0.82 0.665507282811 0.683011804784 0.316988195216 0.0175045219722
0.83 0.664145072164 0.681967106991 0.318032893009 0.0178220348276
0.84 0.662809217706 0.680949796336 0.319050203664 0.0181405786297
0.85 0.661499064996 0.67995919133 0.32004080867 0.0184601263335
0.86 0.660213977006 0.678994628573 0.321005371427 0.0187806515667
0.87 0.658953333605 0.678055462216 0.321944537784 0.0191021286114
0.88 0.657716531066 0.677141063453 0.322858936547 0.0194245323868
0.89 0.656502981588 0.676250820021 0.323749179979 0.0197478384331
0.9 0.655312112829 0.675384135724 0.324615864276 0.0200720228942
0.91 0.654143367462 0.674540429965 0.325459570035 0.0203970625025
0.92 0.65299620274 0.673719137304 0.326280862696 0.0207229345636
0.93 0.651870090078 0.672919707019 0.327080292981 0.0210496169408
0.94 0.650764514648 0.672141602689 0.327858397311 0.0213770880413
0.95 0.649678974987 0.671384301788 0.328615698212 0.0217053268013
0.96 0.648612982618 0.670647295291 0.329352704709 0.0220343126732
0.97 0.647566061683 0.669930087295 0.330069912705 0.0223640256116
0.98 0.646537748589 0.66923219465 0.33076780535 0.0226944460605
0.99 0.645527591661 0.668553146602 0.331446853398 0.0230255549411
1.0 0.644535150811 0.66789248445 0.33210751555 0.023357333639
1.01 0.643559997217 0.667249761209 0.332750238791 0.0236897639928
1.02 0.642601713005 0.666624541288 0.333375458712 0.0240228282824
1.03 0.641659890955 0.666016400173 0.333983599827 0.0243565092176
1.04 0.6407341342 0.665424924127 0.334575075873 0.0246907899273
1.05 0.639824055943 0.664849709892 0.335150290108 0.025025653949
1.06 0.638929279185 0.664290364403 0.335709635597 0.0253610852182
1.07 0.638049436456 0.663746504514 0.336253495486 0.0256970680586
1.08 0.637184169554 0.663217756726 0.336782243274 0.0260335871721
1.09 0.636333129297 0.662703756927 0.337296243073 0.0263706276294
1.1 0.635495975279 0.66220415014 0.33779584986 0.0267081748608
1.11 0.63467237563 0.661718590277 0.338281409723 0.027046214647
1.12 0.633862006792 0.661246739903 0.338753260097 0.0273847331106
1.13 0.633064553293 0.66078827 0.33921173 0.0277237167073
1.14 0.632279707533 0.66034285975 0.33965714025 0.0280631522176
1.15 0.631507169573 0.659910196312 0.340089803688 0.0284030267391
1.16 0.630746646934 0.659489974612 0.340510025388 0.028743327678
1.17 0.629997854398 0.65908189714 0.34091810286 0.029084042742
1.18 0.629260513816 0.658685673748 0.341314326252 0.0294251599325
1.19 0.628534353923 0.65830102146 0.34169897854 0.0297666675376
1.2 0.627819110157 0.657927664282 0.342072335718 0.0301085541248
1.21 0.627114524484 0.657565333018 0.342434666982 0.0304508085339
1.22 0.626420345226 0.657213765098 0.342786234902 0.0307934198711
1.23 0.625736326899 0.6568727044 0.3431272956 0.0311363775015
1.24 0.625062230046 0.656541901089 0.343458098911 0.0314796710433
1.25 0.624397821086 0.656221111448 0.343778888552 0.0318232903616
1.26 0.623742872162 0.655910097724 0.344089902276 0.032167225562
1.27 0.623097160989 0.655608627974 0.344391372026 0.032511466985
1.28 0.622460470715 0.655316475915 0.344683524085 0.0328560052003
1.29 0.621832589779 0.65503342078 0.34496657922 0.033200831001
1.3 0.621213311777 0.654759247176 0.345240752824 0.0335459353983
1.31 0.620602435328 0.654493744945 0.345506255055 0.0338913096163
1.32 0.619999763948 0.654236709035 0.345763290965 0.0342369450865
1.33 0.619405105925 0.653987939368 0.346012060632 0.034582833443
1.34 0.618818274194 0.653747240712 0.346252759288 0.0349289665175
1.35 0.618239086227 0.653514422562 0.346485577438 0.0352753363348
1.36 0.61766736391 0.653289299018 0.346710700982 0.0356219351077
1.37 0.617102933435 0.653071688668 0.346928311332 0.0359687552325
1.38 0.616545625194 0.652861414479 0.347138585521 0.0363157892851
1.39 0.615995273667 0.652658303683 0.347341696317 0.0366630300159
1.4 0.615451717325 0.652462187672 0.347537812328 0.0370104703462
1.41 0.614914798529 0.652272901892 0.347727098108 0.0373581033639
1.42 0.614384363427 0.652090285747 0.347909714253 0.0377059223193
1.43 0.613860261869 0.65191418249 0.34808581751 0.0380539206215
1.44 0.613342347305 0.65174443914 0.34825556086 0.0384020918345
1.45 0.612830476704 0.651580906377 0.348419093623 0.0387504296732
1.46 0.612324510457 0.651423438457 0.348576561543 0.0390989280002
1.47 0.611824312302 0.651271893124 0.348728106876 0.0394475808221
1.48 0.611329749233 0.651126131519 0.348873868481 0.0397963822861
1.49 0.610840691425 0.650986018102 0.349013981898 0.0401453266765
1.5 0.610357012151 0.650851420563 0.349148579437 0.0404944084114
1.51 0.609878587709 0.650722209749 0.349277790251 0.0408436220399
1.52 0.609405297345 0.650598259583 0.349401740417 0.0411929622384
1.53 0.608937023182 0.65047944699 0.34952055301 0.0415424238082
1.54 0.608473650148 0.65036565182 0.34963434818 0.041892001672
1.55 0.608015065909 0.65025675678 0.34974324322 0.0422416908713
1.56 0.6075611608 0.650152647363 0.349847352637 0.0425914865634
1.57 0.607111827761 0.650053211779 0.349946788221 0.0429413840187
1.58 0.606666962272 0.64995834089 0.35004165911 0.0432913786183
1.59 0.606226462292 0.649867928143 0.350132071857 0.0436414658509
1.6 0.605790228199 0.649781869509 0.350218130491 0.0439916413107
1.61 0.605358162729 0.649700063423 0.350299936577 0.0443419006945
1.62 0.604930170921 0.64962241072 0.35037758928 0.0446922397995
1.63 0.60450616006 0.649548814581 0.350451185419 0.0450426545209
1.64 0.604086039622 0.649479180472 0.350520819528 0.0453931408497
1.65 0.603669721222 0.649413416092 0.350586583908 0.0457436948701
1.66 0.60325711856 0.649351431318 0.350648568682 0.0460943127577
1.67 0.602848147375 0.649293138152 0.350706861848 0.046444990777
1.68 0.60244272539 0.64923845067 0.35076154933 0.0467957252796
1.69 0.602040772269 0.649187284971 0.350812715029 0.0471465127018
1.7 0.601642209566 0.649139559129 0.350860440871 0.047497349563
1.71 0.601246960684 0.649095193148 0.350904806852 0.0478482324636
1.72 0.600854950826 0.649054108909 0.350945891091 0.0481991580829
1.73 0.600466106956 0.649016230133 0.350983769867 0.0485501231774
1.74 0.600080357751 0.648981482331 0.351018517669 0.048901124579
1.75 0.599697633568 0.648949792761 0.351050207239 0.0492521591934
1.76 0.599317866395 0.648921090393 0.351078909607 0.0496032239978
1.77 0.598940989818 0.648895305858 0.351104694142 0.04995431604
1.78 0.59856693898 0.648872371416 0.351127628584 0.0503054324361
1.79 0.598195650545 0.648852220914 0.351147779086 0.0506565703692
1.8 0.59782706266 0.648834789748 0.351165210252 0.0510077270879
1.81 0.597461114924 0.648820014828 0.351179985172 0.0513588999044
1.82 0.597097748345 0.648807834538 0.351192165462 0.0517100861934
1.83 0.596736905315 0.648798188705 0.351201811295 0.0520612833905
1.84 0.596378529573 0.648791018563 0.351208981437 0.0524124889908
1.85 0.596022566172 0.648786266719 0.351213733281 0.0527637005473
1.86 0.595668961451 0.64878387712 0.35121612288 0.05311491567
1.87 0.595317663 0.648783795024 0.351216204976 0.0534661320239
1.88 0.594968619637 0.648785966966 0.351214033034 0.0538173473286
1.89 0.594621781371 0.648790340727 0.351209659273 0.0541685593561
1.9 0.594277099377 0.648796865308 0.351203134692 0.0545197659302
1.91 0.593934525973 0.648805490898 0.351194509102 0.0548709649252
1.92 0.593594014584 0.648816168849 0.351183831151 0.0552221542644
1.93 0.593255519724 0.648828851644 0.351171148356 0.0555733319192
1.94 0.592918996965 0.648843492873 0.351156507127 0.0559244959083
1.95 0.592584402913 0.648860047209 0.351139952791 0.0562756442958
1.96 0.592251695187 0.648878470377 0.351121529623 0.056626775191
1.97 0.591920832388 0.648898719135 0.351101280865 0.0569778867466
1.98 0.591591774085 0.648920751244 0.351079248756 0.0573289771583
1.99 0.591264480785 0.648944525448 0.351055474552 0.0576800446634
2.0 0.590938913911 0.648970001451 0.351029998549 0.0580310875401
2.01 0.590615035787 0.648997139894 0.351002860106 0.0583821041064
2.02 0.59029280961 0.649025902329 0.350974097671 0.058733092719
2.03 0.589972199431 0.649056251204 0.350943748796 0.0590840517729
2.04 0.589653170137 0.649088149837 0.350911850163 0.0594349797001
2.05 0.589335687431 0.649121562399 0.350878437601 0.0597858749686
2.06 0.589019717809 0.649156453891 0.350843546109 0.0601367360823
2.07 0.588705228547 0.649192790126 0.350807209874 0.0604875615793
2.08 0.588392187678 0.64923053771 0.35076946229 0.0608383500316
2.09 0.588080563979 0.649269664023 0.350730335977 0.0611891000443
2.1 0.587770326946 0.649310137201 0.350689862799 0.0615398102546
2.11 0.587461446787 0.649351926118 0.350648073882 0.0618904793314
2.12 0.587153894396 0.64939500037 0.35060499963 0.062241105974
2.13 0.586847641344 0.649439330256 0.350560669744 0.0625916889121
2.14 0.586542659859 0.649484886764 0.350515113236 0.0629422269046
2.15 0.586238922812 0.649531641551 0.350468358449 0.0632927187392
2.16 0.5859364037 0.649579566932 0.350420433068 0.0636431632313
2.17 0.585635076637 0.649628635861 0.350371364139 0.0639935592241
2.18 0.585334916333 0.64967882192 0.35032117808 0.0643439055873
2.19 0.585035898083 0.649730099299 0.350269900701 0.0646942012165
2.2 0.584737997753 0.649782442787 0.350217557213 0.0650444450333
2.21 0.584441191769 0.649835827753 0.350164172247 0.0653946359838
2.22 0.584145457099 0.649890230137 0.350109769863 0.0657447730387
2.23 0.583850771243 0.649945626435 0.350054373565 0.0660948551923
2.24 0.583557112224 0.650001993686 0.349998006314 0.0664448814622
2.25 0.583264458568 0.650059309457 0.349940690543 0.0667948508887
2.26 0.582972789301 0.650117551835 0.349882448165 0.0671447625344
2.27 0.582682083929 0.650176699413 0.349823300587 0.0674946154833
2.28 0.582392322435 0.650236731276 0.349763268724 0.0678444088408
2.29 0.58210348526 0.650297626992 0.349702373008 0.0681941417328
2.3 0.581815553298 0.650359366603 0.349640633397 0.0685438133056
2.31 0.581528507884 0.650421930609 0.349578069391 0.0688934227249
2.32 0.581242330782 0.650485299958 0.349514700042 0.0692429691759
2.33 0.580957004178 0.65054945604 0.34945054396 0.0695924518627
2.34 0.580672510666 0.650614380674 0.349385619326 0.0699418700076
2.35 0.580388833244 0.650680056096 0.349319943904 0.0702912228511
2.36 0.5801059553 0.650746464951 0.349253535049 0.070640509651
2.37 0.579823860605 0.650813590287 0.349186409713 0.0709897296824
2.38 0.579542533302 0.650881415539 0.349118584461 0.0713388822371
2.39 0.579261957902 0.650949924525 0.349050075475 0.0716879666234
2.4 0.57898211927 0.651019101435 0.348980898565 0.0720369821654
2.41 0.578703002621 0.651088930824 0.348911069176 0.0723859282031
2.42 0.578424593509 0.651159397601 0.348840602399 0.0727348040913
2.43 0.578146877822 0.651230487022 0.348769512978 0.0730836092003
2.44 0.57786984177 0.651302184685 0.348697815315 0.0734323429146
2.45 0.577593471882 0.651374476515 0.348625523485 0.0737810046329
2.46 0.577317754996 0.651447348764 0.348552651236 0.0741295937681
2.47 0.577042678252 0.651520787999 0.348479212001 0.0744781097464
2.48 0.576768229088 0.651594781095 0.348405218905 0.0748265520075
2.49 0.576494395227 0.651669315231 0.348330684769 0.0751749200039
2.5 0.576221164676 0.651744377877 0.348255622123 0.0755232132008
2.51 0.575948525719 0.651819956795 0.348180043205 0.075871431076
2.52 0.575676466906 0.651896040025 0.348103959975 0.0762195731191
2.53 0.575404977051 0.651972615883 0.348027384117 0.0765676388318
2.54 0.575134045226 0.652049672953 0.347950327047 0.076915627727
2.55 0.574863660752 0.652127200081 0.347872799919 0.0772635393292
2.56 0.574593813196 0.65220518637 0.34779481363 0.0776113731738
2.57 0.574324492365 0.652283621172 0.347716378828 0.0779591288069
2.58 0.574055688299 0.652362494085 0.347637505915 0.0783068057854
2.59 0.573787391266 0.652441794942 0.347558205058 0.0786544036761
2.6 0.573519591758 0.652521513814 0.347478486186 0.0790019220562
2.61 0.573252280485 0.652601640997 0.347398359003 0.0793493605124
2.62 0.572985448369 0.65268216701 0.34731783299 0.0796967186413
2.63 0.57271908654 0.652763082589 0.347236917411 0.0800439960485
2.64 0.572453186334 0.652844378683 0.347155621317 0.0803911923492
2.65 0.572187739282 0.652926046449 0.347073953551 0.0807383071673
2.66 0.57192273711 0.653008077246 0.346991922754 0.0810853401353
2.67 0.571658171735 0.65309046263 0.34690953737 0.0814322908946
2.68 0.571394035258 0.653173194353 0.346826805647 0.0817791590946
2.69 0.571130319961 0.653256264354 0.346743735646 0.0821259443931
2.7 0.570867018301 0.653339664757 0.346660335243 0.0824726464558
2.71 0.57060412291 0.653423387867 0.346576612133 0.0828192649561
2.72 0.570341626589 0.653507426164 0.346492573836 0.083165799575
2.73 0.570079522301 0.653591772302 0.346408227698 0.0835122500011
2.74 0.569817803171 0.653676419101 0.346323580899 0.0838586159302
2.75 0.569556462483 0.653761359548 0.346238640452 0.0842048970651
2.76 0.569295493673 0.653846586788 0.346153413212 0.0845510931155
2.77 0.569034890326 0.653932094124 0.346067905876 0.0848972037981
2.78 0.568774646176 0.654017875012 0.345982124988 0.0852432288361
2.79 0.568514755099 0.654103923058 0.345896076942 0.085589167959
2.8 0.568255211111 0.654190232014 0.345809767986 0.085935020903
2.81 0.567996008364 0.654276795774 0.345723204226 0.0862807874101
2.82 0.567737141145 0.654363608374 0.345636391626 0.0866264672285
2.83 0.567478603871 0.654450663984 0.345549336016 0.0869720601123
2.84 0.567220391086 0.654537956907 0.345462043093 0.0873175658214
2.85 0.566962497459 0.65462548158 0.34537451842 0.0876629841213
2.86 0.566704917779 0.654713232562 0.345286767438 0.0880083147828
2.87 0.566447646957 0.65480120454 0.34519879546 0.0883535575825
2.88 0.566190680019 0.654889392321 0.345110607679 0.0886987123018
2.89 0.565934012102 0.65497779083 0.34502220917 0.0890437787276
2.9 0.565677638457 0.655066395109 0.344933604891 0.0893887566516
2.91 0.565421554442 0.655155200312 0.344844799688 0.0897336458704
2.92 0.565165755521 0.655244201706 0.344755798294 0.0900784461856
2.93 0.564910237261 0.655333394664 0.344666605336 0.0904231574032
2.94 0.564654995331 0.655422774665 0.344577225335 0.0907677793339
2.95 0.564400025498 0.655512337291 0.344487662709 0.091112311793
2.96 0.564145323625 0.655602078225 0.344397921775 0.0914567545999
2.97 0.56389088567 0.655691993248 0.344308006752 0.0918011075785
2.98 0.563636707682 0.655782078239 0.344217921761 0.0921453705567
2.99 0.563382785802 0.655872329169 0.344127670831 0.0924895433667
3.0 0.563129116257 0.655962742101 0.344037257899 0.0928336258444
3.01 0.56287569536 0.65605331319 0.34394668681 0.0931776178298
3.02 0.562622519509 0.656144038676 0.343855961324 0.0935215191666
3.03 0.562369585183 0.656234914885 0.343765085115 0.0938653297022
3.04 0.56211688894 0.656325938228 0.343674061772 0.0942090492877
3.05 0.56186442742 0.656417105197 0.343582894803 0.0945526777779
3.06 0.561612197334 0.656508412365 0.343491587635 0.0948962150306
3.07 0.561360195473 0.656599856381 0.343400143619 0.0952396609075
3.08 0.561108418698 0.656691433972 0.343308566028 0.0955830152733
3.09 0.560856863942 0.656783141938 0.343216858062 0.0959262779961
3.1 0.560605528206 0.656874977153 0.343125022847 0.096269448947
3.11 0.560354408563 0.656966936563 0.343033063437 0.0966125280004
3.12 0.560103502148 0.657059017181 0.342940982819 0.0969555150335
3.13 0.559852806164 0.657151216091 0.342848783909 0.0972984099266
3.14 0.559602317877 0.65724353044 0.34275646956 0.0976412125629
3.15 0.559352034614 0.657335957442 0.342664042558 0.0979839228282
3.16 0.559101953763 0.657428494375 0.342571505625 0.0983265406113
3.17 0.558852072772 0.657521138576 0.342478861424 0.0986690658037
3.18 0.558602389146 0.657613887445 0.342386112555 0.0990114982993
3.19 0.558352900447 0.657706738441 0.342293261559 0.0993538379948
3.2 0.558103604291 0.65779968908 0.34220031092 0.0996960847892
3.21 0.55785449835 0.657892736934 0.342107263066 0.100038238584
3.22 0.557605580347 0.657985879631 0.342014120369 0.100380299284
3.23 0.557356848059 0.658079114853 0.341920885147 0.100722266794
3.24 0.557108299309 0.658172440333 0.341827559667 0.101064141024
3.25 0.556859931974 0.658265853858 0.341734146142 0.101405921884
3.26 0.556611743976 0.658359353263 0.341640646737 0.101747609288
3.27 0.556363733284 0.658452936434 0.341547063566 0.10208920315
3.28 0.556115897915 0.658546601303 0.341453398697 0.102430703387
3.29 0.555868235929 0.658640345849 0.341359654151 0.10277210992
3.3 0.55562074543 0.6587341681 0.3412658319 0.10311342267
3.31 0.555373424566 0.658828066125 0.341171933875 0.103454641559
3.32 0.555126271525 0.658922038038 0.341077961962 0.103795766513
3.33 0.554879284538 0.659016081997 0.340983918003 0.104136797459
3.34 0.554632461874 0.659110196199 0.340889803801 0.104477734326
3.35 0.554385801841 0.659204378885 0.340795621115 0.104818577044
3.36 0.554139302788 0.659298628333 0.340701371667 0.105159325546
3.37 0.553892963098 0.659392942863 0.340607057137 0.105499979765
3.38 0.553646781191 0.65948732083 0.34051267917 0.105840539639
3.39 0.553400755524 0.659581760627 0.340418239373 0.106181005103
3.4 0.553154884588 0.659676260685 0.340323739315 0.106521376097
3.41 0.552909166907 0.659770819469 0.340229180531 0.106861652562
3.42 0.55266360104 0.65986543548 0.34013456452 0.107201834439
3.43 0.552418185578 0.65996010725 0.34003989275 0.107541921673
3.44 0.552172919141 0.660054833348 0.339945166652 0.107881914207
3.45 0.551927800384 0.660149612373 0.339850387627 0.108221811988
3.46 0.55168282799 0.660244442955 0.339755557045 0.108561614965
3.47 0.551438000672 0.660339323758 0.339660676242 0.108901323086
3.48 0.551193317171 0.660434253472 0.339565746528 0.109240936301
3.49 0.550948776258 0.660529230821 0.339470769179 0.109580454563
3.5 0.550704376731 0.660624254555 0.339375745445 0.109919877824
3.51 0.550460117413 0.660719323451 0.339280676549 0.110259206039
3.52 0.550215997156 0.660814436318 0.339185563682 0.110598439162
3.53 0.549972014836 0.660909591988 0.339090408012 0.110937577152
3.54 0.549728169355 0.66100478932 0.33899521068 0.111276619964
3.55 0.54948445964 0.6611000272 0.3388999728 0.11161556756
3.56 0.549240884641 0.661195304538 0.338804695462 0.111954419897
3.57 0.548997443332 0.661290620269 0.338709379731 0.112293176938
3.58 0.548754134709 0.661385973353 0.338614026647 0.112631838644
3.59 0.548510957791 0.66148136277 0.33851863723 0.112970404979
3.6 0.54826791162 0.661576787527 0.338423212473 0.113308875907
3.61 0.548024995258 0.66167224665 0.33832775335 0.113647251392
3.62 0.547782207788 0.66176773919 0.33823226081 0.113985531402
3.63 0.547539548315 0.661863264218 0.338136735782 0.114323715903
3.64 0.54729701596 0.661958820824 0.338041179176 0.114661804863
3.65 0.547054609869 0.66205440812 0.33794559188 0.114999798251
3.66 0.546812329203 0.66215002524 0.33784997476 0.115337696037
3.67 0.546570173143 0.662245671334 0.337754328666 0.115675498191
3.68 0.546328140887 0.662341345572 0.337658654428 0.116013204685
3.69 0.546086231654 0.662437047145 0.337562952855 0.116350815491
3.7 0.545844444676 0.662532775258 0.337467224742 0.116688330582
3.71 0.545602779206 0.662628529138 0.337371470862 0.117025749932
3.72 0.545361234511 0.662724308026 0.337275691974 0.117363073515
3.73 0.545119809874 0.662820111182 0.337179888818 0.117700301308
3.74 0.544878504597 0.662915937882 0.337084062118 0.118037433285
3.75 0.544637317993 0.663011787417 0.336988212583 0.118374469424
3.76 0.544396249394 0.663107659096 0.336892340904 0.118711409703
3.77 0.544155298144 0.663203552243 0.336796447757 0.119048254099
3.78 0.543914463604 0.663299466195 0.336700533805 0.119385002591
3.79 0.543673745146 0.663395400306 0.336604599694 0.11972165516
3.8 0.54343314216 0.663491353944 0.336508646056 0.120058211784
3.81 0.543192654045 0.66358732649 0.33641267351 0.120394672446
3.82 0.542952280215 0.663683317341 0.336316682659 0.120731037125
3.83 0.542712020099 0.663779325904 0.336220674096 0.121067305805
3.84 0.542471873135 0.663875351603 0.336124648397 0.121403478468
3.85 0.542231838776 0.663971393873 0.336028606127 0.121739555096
3.86 0.541991916485 0.66406745216 0.33593254784 0.122075535675
3.87 0.541752105739 0.664163525926 0.335836474074 0.122411420187
3.88 0.541512406023 0.664259614641 0.335740385359 0.122747208618
3.89 0.541272816838 0.66435571779 0.33564428221 0.123082900953
3.9 0.541033337691 0.664451834868 0.335548165132 0.123418497178
3.91 0.540793968103 0.664547965381 0.335452034619 0.123753997279
3.92 0.540554707605 0.664644108847 0.335355891153 0.124089401242
3.93 0.540315555736 0.664740264793 0.335259735207 0.124424709057
3.94 0.540076512049 0.664836432758 0.335163567242 0.124759920709
3.95 0.539837576102 0.66493261229 0.33506738771 0.125095036187
3.96 0.539598747467 0.665028802948 0.334971197052 0.125430055481
3.97 0.539360025723 0.665125004301 0.334874995699 0.125764978578
3.98 0.539121410457 0.665221215926 0.334778784074 0.126099805469
3.99 0.538882901268 0.66531743741 0.33468256259 0.126434536143
4.0 0.53864449776 0.665413668351 0.334586331649 0.126769170591
4.01 0.53840619955 0.665509908353 0.334490091647 0.127103708803
4.02 0.538168006258 0.665606157029 0.334393842971 0.127438150771
4.03 0.537929917518 0.665702414004 0.334297585996 0.127772496486
4.04 0.537691932966 0.665798678907 0.334201321093 0.12810674594
4.05 0.537454052251 0.665894951376 0.334105048624 0.128440899126
4.06 0.537216275025 0.66599123106 0.33400876894 0.128774956035
4.07 0.536978600951 0.666087517612 0.333912482388 0.129108916661
4.08 0.536741029697 0.666183810695 0.333816189305 0.129442780998
4.09 0.53650356094 0.666280109978 0.333719890022 0.129776549038
4.1 0.536266194361 0.666376415137 0.333623584863 0.130110220776
4.11 0.536028929651 0.666472725857 0.333527274143 0.130443796206
4.12 0.535791766506 0.666569041829 0.333430958171 0.130777275322
4.13 0.535554704628 0.666665362749 0.333334637251 0.131110658121
4.14 0.535317743727 0.666761688322 0.333238311678 0.131443944595
4.15 0.535080883516 0.666858018258 0.333141981742 0.131777134742
4.16 0.534844123718 0.666954352275 0.333045647725 0.132110228557
4.17 0.534607464058 0.667050690095 0.332949309905 0.132443226037
4.18 0.534370904271 0.667147031447 0.332852968553 0.132776127176
4.19 0.534134444094 0.667243376066 0.332756623934 0.133108931973
4.2 0.53389808327 0.667339723693 0.332660276307 0.133441640423
4.21 0.53366182155 0.667436074074 0.332563925926 0.133774252524
4.22 0.533425658686 0.66753242696 0.33246757304 0.134106768274
4.23 0.53318959444 0.66762878211 0.33237121789 0.13443918767
4.24 0.532953628575 0.667725139284 0.332274860716 0.134771510709
4.25 0.532717760861 0.667821498251 0.332178501749 0.13510373739
4.26 0.532481991072 0.667917858784 0.332082141216 0.135435867712
4.27 0.532246318986 0.668014220658 0.331985779342 0.135767901672
4.28 0.532010744387 0.668110583658 0.331889416342 0.13609983927
4.29 0.531775267064 0.668206947569 0.331793052431 0.136431680505
4.3 0.531539886808 0.668303312183 0.331696687817 0.136763425375
4.31 0.531304603415 0.668399677295 0.331600322705 0.13709507388
4.32 0.531069416687 0.668496042707 0.331503957293 0.13742662602
4.33 0.530834326427 0.668592408222 0.331407591778 0.137758081795
4.34 0.530599332446 0.668688773649 0.331311226351 0.138089441204
4.35 0.530364434554 0.668785138802 0.331214861198 0.138420704248
4.36 0.530129632569 0.668881503496 0.331118496504 0.138751870926
4.37 0.529894926311 0.668977867552 0.331022132448 0.139082941241
4.38 0.529660315604 0.669074230795 0.330925769205 0.139413915192
4.39 0.529425800273 0.669170593053 0.330829406947 0.13974479278
4.4 0.529191380152 0.669266954158 0.330733045842 0.140075574006
4.41 0.528957055072 0.669363313944 0.330636686056 0.140406258872
4.42 0.528722824873 0.669459672251 0.330540327749 0.140736847379
4.43 0.528488689394 0.669556028921 0.330443971079 0.141067339528
4.44 0.528254648479 0.6696523838 0.3303476162 0.141397735321
4.45 0.528020701975 0.669748736736 0.330251263264 0.141728034761
4.46 0.527786849732 0.669845087581 0.330154912419 0.142058237848
4.47 0.527553091603 0.66994143619 0.33005856381 0.142388344586
4.48 0.527319427444 0.670037782421 0.329962217579 0.142718354977
4.49 0.527085857112 0.670134126135 0.329865873865 0.143048269022
4.5 0.52685238047 0.670230467196 0.329769532804 0.143378086726
4.51 0.526618997381 0.67032680547 0.32967319453 0.143707808089
4.52 0.526385707712 0.670423140828 0.329576859172 0.144037433116
4.53 0.526152511333 0.670519473141 0.329480526859 0.144366961808
4.54 0.525919408113 0.670615802284 0.329384197716 0.14469639417
4.55 0.525686397929 0.670712128134 0.329287871866 0.145025730205
4.56 0.525453480656 0.670808450571 0.329191549429 0.145354969915
4.57 0.525220656174 0.670904769478 0.329095230522 0.145684113305
4.58 0.524987924362 0.67100108474 0.32899891526 0.146013160377
4.59 0.524755285106 0.671097396243 0.328902603757 0.146342111137
4.6 0.52452273829 0.671193703876 0.328806296124 0.146670965586
4.61 0.524290283802 0.671290007532 0.328709992468 0.14699972373
4.62 0.524057921531 0.671386307104 0.328613692896 0.147328385573
4.63 0.523825651371 0.671482602488 0.328517397512 0.147656951117
4.64 0.523593473214 0.671578893583 0.328421106417 0.147985420369
4.65 0.523361386956 0.671675180288 0.328324819712 0.148313793332
4.66 0.523129392496 0.671771462506 0.328228537494 0.14864207001
4.67 0.522897489732 0.67186774014 0.32813225986 0.148970250408
4.68 0.522665678565 0.671964013096 0.328035986904 0.149298334531
4.69 0.5224339589 0.672060281284 0.327939718716 0.149626322384
4.7 0.522202330641 0.672156544611 0.327843455389 0.14995421397
4.71 0.521970793694 0.67225280299 0.32774719701 0.150282009296
4.72 0.521739347968 0.672349056334 0.327650943666 0.150609708366
4.73 0.521507993372 0.672445304557 0.327554695443 0.150937311185
4.74 0.521276729819 0.672541547577 0.327458452423 0.151264817759
4.75 0.52104555722 0.672637785312 0.327362214688 0.151592228092
4.76 0.520814475491 0.672734017681 0.327265982319 0.15191954219
4.77 0.520583484548 0.672830244606 0.327169755394 0.152246760058
4.78 0.520352584307 0.672926466009 0.327073533991 0.152573881702
4.79 0.520121774688 0.673022681816 0.326977318184 0.152900907128
4.8 0.519891055611 0.673118891951 0.326881108049 0.153227836341
4.81 0.519660426997 0.673215096343 0.326784903657 0.153554669346
4.82 0.51942988877 0.67331129492 0.32668870508 0.15388140615
4.83 0.519199440853 0.673407487611 0.326592512389 0.154208046758
4.84 0.518969083172 0.673503674349 0.326496325651 0.154534591177
4.85 0.518738815654 0.673599855066 0.326400144934 0.154861039411
4.86 0.518508638226 0.673696029695 0.326303970305 0.155187391469
4.87 0.518278550818 0.673792198172 0.326207801828 0.155513647354
4.88 0.518048553359 0.673888360434 0.326111639566 0.155839807074
4.89 0.517818645782 0.673984516417 0.326015483583 0.156165870635
4.9 0.517588828017 0.674080666061 0.325919333939 0.156491838044
4.91 0.5173591 0.674176809305 0.325823190695 0.156817709305
4.92 0.517129461664 0.674272946091 0.325727053909 0.157143484427
4.93 0.516899912944 0.674369076359 0.325630923641 0.157469163415
4.94 0.516670453778 0.674465200055 0.325534799945 0.157794746277
4.95 0.516441084103 0.67456131712 0.32543868288 0.158120233017
4.96 0.516211803857 0.674657427502 0.325342572498 0.158445623645
4.97 0.51598261298 0.674753531145 0.325246468855 0.158770918165
4.98 0.515753511412 0.674849627997 0.325150372003 0.159096116585
4.99 0.515524499095 0.674945718005 0.325054281995 0.159421218911
5.0 0.515295575969 0.67504180112 0.32495819888 0.159746225151
5.01 0.515066741979 0.67513787729 0.32486212271 0.160071135311
5.02 0.514837997068 0.675233946466 0.324766053534 0.160395949399
5.03 0.51460934118 0.675330008601 0.324669991399 0.16072066742
5.04 0.514380774262 0.675426063645 0.324573936355 0.161045289384
5.05 0.514152296258 0.675522111554 0.324477888446 0.161369815296
5.06 0.513923907116 0.675618152279 0.324381847721 0.161694245163
5.07 0.513695606784 0.675714185778 0.324285814222 0.162018578993
5.08 0.51346739521 0.675810212004 0.324189787996 0.162342816794
5.09 0.513239272343 0.675906230915 0.324093769085 0.162666958572
5.1 0.513011238133 0.676002242467 0.323997757533 0.162991004335
5.11 0.51278329253 0.676098246619 0.323901753381 0.163314954089
5.12 0.512555435485 0.676194243329 0.323805756671 0.163638807844
5.13 0.51232766695 0.676290232555 0.323709767445 0.163962565605
5.14 0.512099986877 0.676386214259 0.323613785741 0.164286227381
5.15 0.51187239522 0.676482188399 0.323517811601 0.164609793179
5.16 0.511644891932 0.676578154939 0.323421845061 0.164933263007
5.17 0.511417476967 0.676674113839 0.323325886161 0.165256636872
5.18 0.51119015028 0.676770065061 0.323229934939 0.165579914782
5.19 0.510962911826 0.67686600857 0.32313399143 0.165903096744
5.2 0.510735761561 0.676961944328 0.323038055672 0.166226182767
5.21 0.510508699441 0.677057872299 0.322942127701 0.166549172858
5.22 0.510281725424 0.677153792449 0.322846207551 0.166872067025
5.23 0.510054839466 0.677249704742 0.322750295258 0.167194865276
5.24 0.509828041526 0.677345609145 0.322654390855 0.167517567618
5.25 0.509601331563 0.677441505623 0.322558494377 0.16784017406
5.26 0.509374709534 0.677537394144 0.322462605856 0.16816268461
5.27 0.509148175399 0.677633274674 0.322366725326 0.168485099275
5.28 0.508921729119 0.677729147182 0.322270852818 0.168807418063
5.29 0.508695370653 0.677825011636 0.322174988364 0.169129640983
5.3 0.508469099963 0.677920868005 0.322079131995 0.169451768043
5.31 0.508242917008 0.678016716258 0.321983283742 0.16977379925
5.32 0.508016821752 0.678112556365 0.321887443635 0.170095734613
5.33 0.507790814155 0.678208388295 0.321791611705 0.17041757414
5.34 0.50756489418 0.678304212019 0.321695787981 0.170739317839
5.35 0.50733906179 0.678400027509 0.321599972491 0.171060965718
5.36 0.507113316948 0.678495834735 0.321504165265 0.171382517787
5.37 0.506887659618 0.678591633669 0.321408366331 0.171703974052
5.38 0.506662089762 0.678687424284 0.321312575716 0.172025334522
5.39 0.506436607347 0.678783206552 0.321216793448 0.172346599206
5.4 0.506211212335 0.678878980446 0.321121019554 0.172667768112
5.41 0.505985904692 0.678974745939 0.321025254061 0.172988841248
5.42 0.505760684383 0.679070503005 0.320929496995 0.173309818623
5.43 0.505535551373 0.679166251618 0.320833748382 0.173630700245
5.44 0.505310505629 0.679261991751 0.320738008249 0.173951486122
5.45 0.505085547117 0.679357723381 0.320642276619 0.174272176264
5.46 0.504860675802 0.679453446481 0.320546553519 0.174592770678
5.47 0.504635891653 0.679549161027 0.320450838973 0.174913269374
5.48 0.504411194635 0.679644866994 0.320355133006 0.175233672359
5.49 0.504186584716 0.679740564359 0.320259435641 0.175553979643
5.5 0.503962061864 0.679836253098 0.320163746902 0.175874191233
5.51 0.503737626047 0.679931933186 0.320068066814 0.176194307139
5.52 0.503513277232 0.680027604602 0.319972395398 0.17651432737
5.53 0.503289015388 0.680123267321 0.319876732679 0.176834251933
5.54 0.503064840484 0.680218921322 0.319781078678 0.177154080838
5.55 0.502840752489 0.680314566582 0.319685433418 0.177473814093
5.56 0.50261675137 0.680410203078 0.319589796922 0.177793451708
5.57 0.502392837099 0.68050583079 0.31949416921 0.17811299369
5.58 0.502169009645 0.680601449694 0.319398550306 0.178432440049
5.59 0.501945268976 0.68069705977 0.31930294023 0.178751790794
5.6 0.501721615064 0.680792660997 0.319207339003 0.179071045933
5.61 0.501498047879 0.680888253353 0.319111746647 0.179390205475
5.62 0.50127456739 0.680983836819 0.319016163181 0.179709269429
5.63 0.501051173568 0.681079411372 0.318920588628 0.180028237804
5.64 0.500827866385 0.681174976994 0.318825023006 0.180347110609
5.65 0.500604645812 0.681270533665 0.318729466335 0.180665887853
5.66 0.500381511818 0.681366081363 0.318633918637 0.180984569545
5.67 0.500158464377 0.68146162007 0.31853837993 0.181303155693
5.68 0.499935503459 0.681557149767 0.318442850233 0.181621646308
5.69 0.499712629036 0.681652670433 0.318347329567 0.181940041397
5.7 0.49948984108 0.68174818205 0.31825181795 0.18225834097
5.71 0.499267139564 0.681843684599 0.318156315401 0.182576545036
5.72 0.499044524458 0.681939178062 0.318060821938 0.182894653604
5.73 0.498821995737 0.682034662419 0.317965337581 0.183212666683
5.74 0.498599553371 0.682130137653 0.317869862347 0.183530584282
5.75 0.498377197335 0.682225603745 0.317774396255 0.18384840641
5.76 0.498154927601 0.682321060678 0.317678939322 0.184166133077
5.77 0.497932744141 0.682416508433 0.317583491567 0.184483764292
5.78 0.497710646929 0.682511946993 0.317488053007 0.184801300064
5.79 0.497488635939 0.68260737634 0.31739262366 0.185118740401
5.8 0.497266711143 0.682702796457 0.317297203543 0.185436085314
5.81 0.497044872515 0.682798207326 0.317201792674 0.185753334811
5.82 0.496823120029 0.682893608932 0.317106391068 0.186070488902
5.83 0.496601453659 0.682989001256 0.317010998744 0.186387547597
5.84 0.496379873378 0.683084384281 0.316915615719 0.186704510903
5.85 0.496158379161 0.683179757992 0.316820242008 0.187021378831
5.86 0.495936970982 0.683275122372 0.316724877628 0.18733815139
5.87 0.495715648815 0.683370477404 0.316629522596 0.187654828589
5.88 0.495494412634 0.683465823072 0.316534176928 0.187971410438
5.89 0.495273262413 0.68356115936 0.31643884064 0.188287896946
5.9 0.495052198129 0.683656486252 0.316343513748 0.188604288123
5.91 0.494831219754 0.683751803731 0.316248196269 0.188920583977
5.92 0.494610327265 0.683847111783 0.316152888217 0.189236784519
5.93 0.494389520635 0.683942410392 0.316057589608 0.189552889757
5.94 0.49416879984 0.684037699541 0.315962300459 0.189868899701
5.95 0.493948164855 0.684132979216 0.315867020784 0.190184814361
5.96 0.493727615656 0.684228249401 0.315771750599 0.190500633746
5.97 0.493507152216 0.684323510081 0.315676489919 0.190816357865
5.98 0.493286774513 0.684418761241 0.315581238759 0.191131986729
5.99 0.49306648252 0.684514002866 0.315485997134 0.191447520346
6.0 0.492846276215 0.684609234941 0.315390765059 0.191762958726
6.01 0.492626155571 0.684704457451 0.315295542549 0.192078301879
6.02 0.492406120566 0.684799670381 0.315200329619 0.192393549814
6.03 0.492186171175 0.684894873716 0.315105126284 0.192708702542
6.04 0.491966307373 0.684990067443 0.315009932557 0.19302376007
6.05 0.491746529136 0.685085251546 0.314914748454 0.19333872241
6.06 0.491526836442 0.685180426012 0.314819573988 0.19365358957
6.07 0.491307229264 0.685275590825 0.314724409175 0.193968361561
6.08 0.491087707581 0.685370745973 0.314629254027 0.194283038392
6.09 0.490868271367 0.68546589144 0.31453410856 0.194597620072
6.1 0.4906489206 0.685561027212 0.314438972788 0.194912106612
6.11 0.490429655255 0.685656153276 0.314343846724 0.195226498021
6.12 0.490210475309 0.685751269618 0.314248730382 0.195540794309
6.13 0.489991380738 0.685846376224 0.314153623776 0.195854995485
6.14 0.48977237152 0.685941473079 0.314058526921 0.19616910156
6.15 0.489553447629 0.686036560171 0.313963439829 0.196483112542
6.16 0.489334609044 0.686131637486 0.313868362514 0.196797028443
6.17 0.48911585574 0.686226705011 0.313773294989 0.197110849271
6.18 0.488897187695 0.686321762731 0.313678237269 0.197424575036
6.19 0.488678604885 0.686416810633 0.313583189367 0.197738205748
6.2 0.488460107287 0.686511848704 0.313488151296 0.198051741418
6.21 0.488241694877 0.686606876932 0.313393123068 0.198365182054
6.22 0.488023367634 0.686701895301 0.313298104699 0.198678527667
6.23 0.487805125534 0.686796903801 0.313203096199 0.198991778267
6.24 0.487586968553 0.686891902416 0.313108097584 0.199304933863
6.25 0.487368896669 0.686986891135 0.313013108865 0.199617994465
6.26 0.48715090986 0.687081869944 0.312918130056 0.199930960084
6.27 0.486933008101 0.68717683883 0.31282316117 0.200243830729
6.28 0.486715191371 0.68727179778 0.31272820222 0.20055660641
6.29 0.486497459646 0.687366746783 0.312633253217 0.200869287137
6.3 0.486279812904 0.687461685824 0.312538314176 0.201181872919
6.31 0.486062251123 0.687556614891 0.312443385109 0.201494363768
6.32 0.485844774279 0.687651533972 0.312348466028 0.201806759693
6.33 0.48562738235 0.687746443053 0.312253556947 0.202119060704
6.34 0.485410075313 0.687841342123 0.312158657877 0.20243126681
6.35 0.485192853146 0.687936231169 0.312063768831 0.202743378023
6.36 0.484975715827 0.688031110178 0.311968889822 0.203055394351
6.37 0.484758663332 0.688125979137 0.311874020863 0.203367315806
6.38 0.484541695639 0.688220838036 0.311779161964 0.203679142396
6.39 0.484324812727 0.68831568686 0.31168431314 0.203990874133
6.4 0.484108014572 0.688410525598 0.311589474402 0.204302511026
6.41 0.483891301152 0.688505354237 0.311494645763 0.204614053085
6.42 0.483674672446 0.688600172766 0.311399827234 0.204925500321
6.43 0.483458128429 0.688694981172 0.311305018828 0.205236852743
6.44 0.483241669082 0.688789779443 0.311210220557 0.205548110362
6.45 0.48302529438 0.688884567567 0.311115432433 0.205859273187
6.46 0.482809004302 0.688979345532 0.311020654468 0.20617034123
6.47 0.482592798826 0.689074113326 0.310925886674 0.2064813145
6.48 0.482376677929 0.689168870936 0.310831129064 0.206792193007
6.49 0.48216064159 0.689263618351 0.310736381649 0.207102976761
6.5 0.481944689786 0.689358355559 0.310641644441 0.207413665774
6.51 0.481728822495 0.689453082548 0.310546917452 0.207724260054
6.52 0.481513039695 0.689547799307 0.310452200693 0.208034759612
6.53 0.481297341364 0.689642505823 0.310357494177 0.208345164458
6.54 0.48108172748 0.689737202084 0.310262797916 0.208655474604
6.55 0.480866198021 0.689831888079 0.310168111921 0.208965690058
6.56 0.480650752966 0.689926563796 0.310073436204 0.209275810831
6.57 0.480435392291 0.690021229224 0.309978770776 0.209585836934
6.58 0.480220115975 0.690115884351 0.309884115649 0.209895768376
6.59 0.480004923996 0.690210529164 0.309789470836 0.210205605168
6.6 0.479789816332 0.690305163653 0.309694836347 0.210515347321
6.61 0.479574792962 0.690399787806 0.309600212194 0.210824994844
6.62 0.479359853863 0.690494401612 0.309505598388 0.211134547749
6.63 0.479144999013 0.690589005058 0.309410994942 0.211444006045
6.64 0.478930228392 0.690683598134 0.309316401866 0.211753369742
6.65 0.478715541975 0.690778180827 0.309221819173 0.212062638852
6.66 0.478500939743 0.690872753127 0.309127246873 0.212371813384
6.67 0.478286421673 0.690967315022 0.309032684978 0.212680893349
6.68 0.478071987744 0.691061866501 0.308938133499 0.212989878757
6.69 0.477857637933 0.691156407552 0.308843592448 0.21329876962
6.7 0.477643372218 0.691250938164 0.308749061836 0.213607565946
6.71 0.477429190579 0.691345458326 0.308654541674 0.213916267747
6.72 0.477215092993 0.691439968026 0.308560031974 0.214224875033
6.73 0.477001079438 0.691534467253 0.308465532747 0.214533387814
6.74 0.476787149894 0.691628955995 0.308371044005 0.214841806102
6.75 0.476573304337 0.691723434243 0.308276565757 0.215150129906
6.76 0.476359542747 0.691817901983 0.308182098017 0.215458359237
6.77 0.476145865101 0.691912359206 0.308087640794 0.215766494105
6.78 0.475932271378 0.6920068059 0.3079931941 0.216074534522
6.79 0.475718761557 0.692101242054 0.307898757946 0.216382480497
6.8 0.475505335615 0.692195667656 0.307804332344 0.216690332041
6.81 0.475291993531 0.692290082697 0.307709917303 0.216998089165
6.82 0.475078735284 0.692384487163 0.307615512837 0.217305751879
6.83 0.474865560851 0.692478881045 0.307521118955 0.217613320194
6.84 0.474652470211 0.692573264332 0.307426735668 0.217920794121
6.85 0.474439463343 0.692667637012 0.307332362988 0.218228173669
6.86 0.474226540224 0.692761999075 0.307238000925 0.21853545885
6.87 0.474013700834 0.692856350508 0.307143649492 0.218842649675
6.88 0.47380094515 0.692950691303 0.307049308697 0.219149746153
6.89 0.473588273151 0.693045021446 0.306954978554 0.219456748295
6.9 0.473375684815 0.693139340929 0.306860659071 0.219763656113
6.91 0.473163180122 0.693233649739 0.306766350261 0.220070469617
6.92 0.472950759048 0.693327947865 0.306672052135 0.220377188817
6.93 0.472738421573 0.693422235298 0.306577764702 0.220683813725
6.94 0.472526167675 0.693516512025 0.306483487975 0.22099034435
6.95 0.472313997332 0.693610778037 0.306389221963 0.221296780705
6.96 0.472101910524 0.693705033321 0.306294966679 0.221603122798
6.97 0.471889907227 0.693799277869 0.306200722131 0.221909370641
6.98 0.471677987422 0.693893511667 0.306106488333 0.222215524246
6.99 0.471466151085 0.693987734707 0.306012265293 0.222521583622
7.0 0.471254398197 0.694081946977 0.305918053023 0.22282754878
7.01 0.471042728734 0.694176148466 0.305823851534 0.223133419731
7.02 0.470831142676 0.694270339163 0.305729660837 0.223439196487
7.03 0.470619640001 0.694364519058 0.305635480942 0.223744879057
7.04 0.470408220688 0.69445868814 0.30554131186 0.224050467452
7.05 0.470196884715 0.694552846399 0.305447153601 0.224355961684
7.06 0.46998563206 0.694646993823 0.305353006177 0.224661361763
7.07 0.469774462702 0.694741130402 0.305258869598 0.2249666677
7.08 0.46956337662 0.694835256126 0.305164743874 0.225271879506
7.09 0.469352373791 0.694929370983 0.305070629017 0.225576997191
7.1 0.469141454195 0.695023474963 0.304976525037 0.225882020767
7.11 0.46893061781 0.695117568055 0.304882431945 0.226186950245
7.12 0.468719864614 0.695211650249 0.304788349751 0.226491785635
7.13 0.468509194586 0.695305721534 0.304694278466 0.226796526948
7.14 0.468298607705 0.6953997819 0.3046002181 0.227101174196
7.15 0.468088103948 0.695493831336 0.304506168664 0.227405727388
7.16 0.467877683294 0.695587869831 0.304412130169 0.227710186536
7.17 0.467667345723 0.695681897375 0.304318102625 0.228014551652
7.18 0.467457091211 0.695775913957 0.304224086043 0.228318822745
7.19 0.467246919739 0.695869919567 0.304130080433 0.228622999828
7.2 0.467036831284 0.695963914194 0.304036085806 0.22892708291
7.21 0.466826825824 0.696057897827 0.303942102173 0.229231072003
7.22 0.466616903339 0.696151870457 0.303848129543 0.229534967118
7.23 0.466407063807 0.696245832073 0.303754167927 0.229838768266
7.24 0.466197307206 0.696339782664 0.303660217336 0.230142475457
7.25 0.465987633515 0.696433722219 0.303566277781 0.230446088704
7.26 0.465778042712 0.696527650729 0.303472349271 0.230749608017
7.27 0.465568534776 0.696621568183 0.303378431817 0.231053033406
7.28 0.465359109686 0.69671547457 0.30328452543 0.231356364884
7.29 0.465149767419 0.69680936988 0.30319063012 0.231659602461
7.3 0.464940507954 0.696903254102 0.303096745898 0.231962746148
7.31 0.464731331271 0.696997127227 0.303002872773 0.232265795956
7.32 0.464522237346 0.697090989243 0.302909010757 0.232568751897
7.33 0.464313226159 0.697184840141 0.302815159859 0.232871613982
7.34 0.464104297689 0.69727867991 0.30272132009 0.233174382221
7.35 0.463895451913 0.697372508539 0.302627491461 0.233477056626
7.36 0.463686688811 0.697466326018 0.302533673982 0.233779637207
7.37 0.46347800836 0.697560132338 0.302439867662 0.234082123977
7.38 0.46326941054 0.697653927486 0.302346072514 0.234384516946
7.39 0.463060895329 0.697747711455 0.302252288545 0.234686816126
7.4 0.462852462704 0.697841484231 0.302158515769 0.234989021527
7.41 0.462644112646 0.697935245807 0.302064754193 0.235291133161
7.42 0.462435845131 0.698028996171 0.301971003829 0.235593151039
7.43 0.46222766014 0.698122735312 0.301877264688 0.235895075173
7.44 0.462019557649 0.698216463222 0.301783536778 0.236196905572
7.45 0.461811537639 0.698310179888 0.301689820112 0.23649864225
7.46 0.461603600086 0.698403885302 0.301596114698 0.236800285216
7.47 0.46139574497 0.698497579453 0.301502420547 0.237101834483
7.48 0.461187972269 0.69859126233 0.30140873767 0.237403290061
7.49 0.460980281962 0.698684933924 0.301315066076 0.237704651962
7.5 0.460772674027 0.698778594224 0.301221405776 0.238005920197
7.51 0.460565148442 0.698872243219 0.301127756781 0.238307094777
7.52 0.460357705186 0.698965880901 0.301034119099 0.238608175714
7.53 0.460150344238 0.699059507257 0.300940492743 0.238909163019
7.54 0.459943065576 0.699153122279 0.300846877721 0.239210056704
7.55 0.459735869178 0.699246725957 0.300753274043 0.239510856779
7.56 0.459528755023 0.699340318278 0.300659681722 0.239811563256
7.57 0.459321723089 0.699433899235 0.300566100765 0.240112176146
7.58 0.459114773355 0.699527468816 0.300472531184 0.240412695461
7.59 0.4589079058 0.699621027012 0.300378972988 0.240713121212
7.6 0.458701120401 0.699714573811 0.300285426189 0.241013453411
7.61 0.458494417137 0.699808109205 0.300191890795 0.241313692068
7.62 0.458287795987 0.699901633183 0.300098366817 0.241613837196
7.63 0.458081256928 0.699995145734 0.300004854266 0.241913888806
7.64 0.457874799941 0.700088646849 0.299911353151 0.242213846908
7.65 0.457668425002 0.700182136518 0.299817863482 0.242513711516
7.66 0.457462132091 0.70027561473 0.29972438527 0.242813482639
7.67 0.457255921185 0.700369081475 0.299630918525 0.24311316029
7.68 0.457049792263 0.700462536744 0.299537463256 0.24341274448
7.69 0.456843745305 0.700555980525 0.299444019475 0.243712235221
7.7 0.456637780287 0.70064941281 0.29935058719 0.244011632523
7.71 0.456431897189 0.700742833588 0.299257166412 0.244310936399
7.72 0.456226095989 0.700836242848 0.299163757152 0.24461014686
7.73 0.456020376665 0.700929640581 0.299070359419 0.244909263917
7.74 0.455814739195 0.701023026778 0.298976973222 0.245208287582
7.75 0.455609183559 0.701116401427 0.298883598573 0.245507217867
7.76 0.455403709735 0.701209764518 0.298790235482 0.245806054783
7.77 0.455198317701 0.701303116043 0.298696883957 0.246104798342
7.78 0.454993007435 0.70139645599 0.29860354401 0.246403448555
7.79 0.454787778915 0.701489784349 0.298510215651 0.246702005434
7.8 0.454582632121 0.701583101111 0.298416898889 0.24700046899
7.81 0.454377567031 0.701676406266 0.298323593734 0.247298839236
7.82 0.454172583622 0.701769699804 0.298230300196 0.247597116182
7.83 0.453967681874 0.701862981714 0.298137018286 0.24789529984
7.84 0.453762861765 0.701956251987 0.298043748013 0.248193390222
7.85 0.453558123273 0.702049510612 0.297950489388 0.24849138734
7.86 0.453353466376 0.70214275758 0.29785724242 0.248789291205
7.87 0.453148891053 0.702235992881 0.297764007119 0.249087101828
7.88 0.452944397282 0.702329216505 0.297670783495 0.249384819223
7.89 0.452739985042 0.702422428442 0.297577571558 0.249682443399
7.9 0.452535654311 0.702515628681 0.297484371319 0.24997997437
7.91 0.452331405068 0.702608817214 0.297391182786 0.250277412146
7.92 0.45212723729 0.702701994029 0.297298005971 0.250574756739
7.93 0.451923150956 0.702795159118 0.297204840882 0.250872008162
7.94 0.451719146045 0.702888312469 0.297111687531 0.251169166425
7.95 0.451515222534 0.702981454075 0.297018545925 0.251466231541
7.96 0.451311380402 0.703074583923 0.296925416077 0.251763203521
7.97 0.451107619628 0.703167702005 0.296832297995 0.252060082377
7.98 0.45090394019 0.703260808311 0.296739191689 0.252356868121
7.99 0.450700342066 0.70335390283 0.29664609717 0.252653560764
8.0 0.450496825234 0.703446985553 0.296553014447 0.252950160319
8.01 0.450293389673 0.70354005647 0.29645994353 0.253246666797
8.02 0.450090035362 0.703633115572 0.296366884428 0.25354308021
8.03 0.449886762277 0.703726162847 0.296273837153 0.25383940057
8.04 0.449683570399 0.703819198287 0.296180801713 0.254135627888
8.05 0.449480459704 0.703912221881 0.296087778119 0.254431762177
8.06 0.449277430172 0.704005233621 0.295994766379 0.254727803448
8.07 0.449074481781 0.704098233495 0.295901766505 0.255023751714
8.08 0.448871614509 0.704191221494 0.295808778506 0.255319606985
8.09 0.448668828334 0.704284197608 0.295715802392 0.255615369275
8.1 0.448466123234 0.704377161828 0.295622838172 0.255911038594
8.11 0.448263499189 0.704470114144 0.295529885856 0.256206614955
8.12 0.448060956175 0.704563054545 0.295436945455 0.25650209837
8.13 0.447858494172 0.704655983022 0.295344016978 0.25679748885
8.14 0.447656113158 0.704748899566 0.295251100434 0.257092786408
8.15 0.447453813111 0.704841804166 0.295158195834 0.257387991055
8.16 0.447251594009 0.704934696813 0.295065303187 0.257683102803
8.17 0.447049455831 0.705027577496 0.294972422504 0.257978121665
8.18 0.446847398555 0.705120446207 0.294879553793 0.258273047652
8.19 0.446645422159 0.705213302935 0.294786697065 0.258567880777
8.2 0.446443526621 0.705306147671 0.294693852329 0.25886262105
8.21 0.44624171192 0.705398980405 0.294601019595 0.259157268485
8.22 0.446039978033 0.705491801127 0.294508198873 0.259451823094
8.23 0.44583832494 0.705584609828 0.294415390172 0.259746284887
8.24 0.445636752619 0.705677406497 0.294322593503 0.260040653878
8.25 0.445435261047 0.705770191125 0.294229808875 0.260334930078
8.26 0.445233850202 0.705862963702 0.294137036298 0.2606291135
8.27 0.445032520064 0.705955724219 0.294044275781 0.260923204155
8.28 0.444831270611 0.706048472666 0.293951527334 0.261217202055
8.29 0.44463010182 0.706141209033 0.293858790967 0.261511107213
8.3 0.444429013669 0.706233933311 0.293766066689 0.261804919641
8.31 0.444228006138 0.706326645489 0.293673354511 0.262098639351
8.32 0.444027079204 0.706419345559 0.293580654441 0.262392266354
8.33 0.443826232846 0.70651203351 0.29348796649 0.262685800664
8.34 0.443625467041 0.706604709332 0.293395290668 0.262979242291
8.35 0.443424781768 0.706697373017 0.293302626983 0.263272591249
8.36 0.443224177005 0.706790024555 0.293209975445 0.263565847549
8.37 0.443023652731 0.706882663935 0.293117336065 0.263859011204
8.38 0.442823208923 0.706975291148 0.293024708852 0.264152082226
8.39 0.442622845559 0.707067906185 0.292932093815 0.264445060626
8.4 0.442422562619 0.707160509036 0.292839490964 0.264737946417
8.41 0.44222236008 0.707253099691 0.292746900309 0.265030739612
8.42 0.442022237919 0.707345678141 0.292654321859 0.265323440222
8.43 0.441822196117 0.707438244376 0.292561755624 0.26561604826
8.44 0.44162223465 0.707530798387 0.292469201613 0.265908563737
8.45 0.441422353496 0.707623340163 0.292376659837 0.266200986667
8.46 0.441222552635 0.707715869696 0.292284130304 0.266493317061
8.47 0.441022832044 0.707808386976 0.292191613024 0.266785554932
8.48 0.440823191701 0.707900891992 0.292099108008 0.267077700291
8.49 0.440623631584 0.707993384736 0.292006615264 0.267369753152
8.5 0.440424151673 0.708085865198 0.291914134802 0.267661713526
8.51 0.440224751943 0.708178333369 0.291821666631 0.267953581426
8.52 0.440025432375 0.708270789238 0.291729210762 0.268245356863
8.53 0.439826192946 0.708363232797 0.291636767203 0.268537039851
8.54 0.439627033634 0.708455664035 0.291544335965 0.268828630402
8.55 0.439427954417 0.708548082944 0.291451917056 0.269120128527
8.56 0.439228955274 0.708640489514 0.291359510486 0.26941153424
8.57 0.439030036182 0.708732883734 0.291267116266 0.269702847552
8.58 0.43883119712 0.708825265597 0.291174734403 0.269994068477
8.59 0.438632438066 0.708917635091 0.291082364909 0.270285197025
8.6 0.438433758997 0.709009992208 0.290990007792 0.270576233211
8.61 0.438235159893 0.709102336938 0.290897663062 0.270867177045
8.62 0.438036640731 0.709194669272 0.290805330728 0.271158028541
8.63 0.43783820149 0.7092869892 0.2907130108 0.27144878771
8.64 0.437639842146 0.709379296713 0.290620703287 0.271739454567
8.65 0.437441562679 0.7094715918 0.2905284082 0.272030029121
8.66 0.437243363067 0.709563874454 0.290436125546 0.272320511387
8.67 0.437045243287 0.709656144664 0.290343855336 0.272610901376
8.68 0.436847203318 0.70974840242 0.29025159758 0.272901199102
8.69 0.436649243138 0.709840647714 0.290159352286 0.273191404576
8.7 0.436451362725 0.709932880536 0.290067119464 0.273481517811
8.71 0.436253562057 0.710025100876 0.289974899124 0.273771538819
8.72 0.436055841112 0.710117308725 0.289882691275 0.274061467613
8.73 0.435858199869 0.710209504074 0.289790495926 0.274351304206
8.74 0.435660638304 0.710301686913 0.289698313087 0.274641048609
8.75 0.435463156397 0.710393857233 0.289606142767 0.274930700836
8.76 0.435265754125 0.710486015024 0.289513984976 0.275220260899
8.77 0.435068431467 0.710578160277 0.289421839723 0.27550972881
8.78 0.4348711884 0.710670292982 0.289329707018 0.275799104582
8.79 0.434674024902 0.710762413131 0.289237586869 0.276088388228
8.8 0.434476940952 0.710854520713 0.289145479287 0.27637757976
8.81 0.434279936528 0.710946615719 0.289053384281 0.276666679191
8.82 0.434083011608 0.711038698141 0.288961301859 0.276955686533
8.83 0.433886166169 0.711130767968 0.288869232032 0.277244601799
8.84 0.43368940019 0.711222825191 0.288777174809 0.277533425001
8.85 0.433492713649 0.711314869801 0.288685130199 0.277822156153
8.86 0.433296106523 0.711406901789 0.288593098211 0.278110795266
8.87 0.433099578792 0.711498921145 0.288501078855 0.278399342353
8.88 0.432903130432 0.71159092786 0.28840907214 0.278687797428
8.89 0.432706761422 0.711682921924 0.288317078076 0.278976160502
8.9 0.43251047174 0.711774903328 0.288225096672 0.279264431588
8.91 0.432314261364 0.711866872063 0.288133127937 0.279552610699
8.92 0.432118130272 0.71195882812 0.28804117188 0.279840697848
8.93 0.431922078441 0.712050771489 0.287949228511 0.280128693047
8.94 0.431726105851 0.712142702161 0.287857297839 0.28041659631
8.95 0.431530212479 0.712234620126 0.287765379874 0.280704407647
8.96 0.431334398302 0.712326525376 0.287673474624 0.280992127074
8.97 0.431138663299 0.7124184179 0.2875815821 0.281279754601
8.98 0.430943007449 0.712510297691 0.287489702309 0.281567290242
8.99 0.430747430728 0.712602164737 0.287397835263 0.28185473401
9.0 0.430551933115 0.712694019031 0.287305980969 0.282142085917
9.01 0.430356514587 0.712785860563 0.287214139437 0.282429345976
9.02 0.430161175124 0.712877689324 0.287122310676 0.2827165142
9.03 0.429965914702 0.712969505304 0.287030494696 0.283003590602
9.04 0.429770733301 0.713061308494 0.286938691506 0.283290575194
9.05 0.429575630896 0.713153098885 0.286846901115 0.283577467989
9.06 0.429380607468 0.713244876468 0.286755123532 0.283864269
9.07 0.429185662993 0.713336641233 0.286663358767 0.28415097824
9.08 0.42899079745 0.713428393172 0.286571606828 0.284437595722
9.09 0.428796010816 0.713520132274 0.286479867726 0.284724121458
9.1 0.42860130307 0.713611858531 0.286388141469 0.285010555462
9.11 0.428406674189 0.713703571934 0.286296428066 0.285296897745
9.12 0.428212124152 0.713795272474 0.286204727526 0.285583148322
9.13 0.428017652936 0.71388696014 0.28611303986 0.285869307205
9.14 0.427823260519 0.713978634925 0.286021365075 0.286155374406
9.15 0.427628946879 0.714070296818 0.285929703182 0.286441349939
9.16 0.427434711994 0.714161945811 0.285838054189 0.286727233817
9.17 0.427240555843 0.714253581895 0.285746418105 0.287013026052
9.18 0.427046478402 0.71434520506 0.28565479494 0.287298726657
9.19 0.426852479651 0.714436815297 0.285563184703 0.287584335646
9.2 0.426658559566 0.714528412597 0.285471587403 0.287869853031
9.21 0.426464718126 0.714619996951 0.285380003049 0.288155278825
9.22 0.426270955308 0.714711568349 0.285288431651 0.288440613041
9.23 0.426077271091 0.714803126784 0.285196873216 0.288725855693
9.24 0.425883665453 0.714894672245 0.285105327755 0.289011006792
9.25 0.42569013837 0.714986204723 0.285013795277 0.289296066353
9.26 0.425496689822 0.715077724209 0.284922275791 0.289581034387
9.27 0.425303319786 0.715169230695 0.284830769305 0.289865910908
9.28 0.425110028241 0.71526072417 0.28473927583 0.29015069593
9.29 0.424916815163 0.715352204627 0.284647795373 0.290435389464
9.3 0.42472368053 0.715443672055 0.284556327945 0.290719991525
9.31 0.424530624322 0.715535126447 0.284464873553 0.291004502125
9.32 0.424337646515 0.715626567792 0.284373432208 0.291288921276
9.33 0.424144747088 0.715717996081 0.284282003919 0.291573248993
9.34 0.423951926017 0.715809411306 0.284190588694 0.291857485289
9.35 0.423759183282 0.715900813458 0.284099186542 0.292141630175
9.36 0.42356651886 0.715992202527 0.284007797473 0.292425683666
9.37 0.423373932729 0.716083578504 0.283916421496 0.292709645775
9.38 0.423181424867 0.716174941381 0.283825058619 0.292993516513
9.39 0.422988995251 0.716266291148 0.283733708852 0.293277295896
9.4 0.42279664386 0.716357627796 0.283642372204 0.293560983936
9.41 0.422604370671 0.716448951316 0.283551048684 0.293844580645
9.42 0.422412175663 0.7165402617 0.2834597383 0.294128086037
9.43 0.422220058812 0.716631558938 0.283368441062 0.294411500126
9.44 0.422028020097 0.716722843021 0.283277156979 0.294694822924
9.45 0.421836059496 0.716814113941 0.283185886059 0.294978054444
9.46 0.421644176987 0.716905371687 0.283094628313 0.2952611947
9.47 0.421452372547 0.716996616252 0.283003383748 0.295544243705
9.48 0.421260646154 0.717087847626 0.282912152374 0.295827201472
9.49 0.421068997786 0.7171790658 0.2828209342 0.296110068014
9.5 0.420877427421 0.717270270766 0.282729729234 0.296392843345
9.51 0.420685935037 0.717361462514 0.282638537486 0.296675527477
9.52 0.420494520611 0.717452641035 0.282547358965 0.296958120424
9.53 0.420303184122 0.717543806321 0.282456193679 0.2972406222
9.54 0.420111925546 0.717634958363 0.282365041637 0.297523032816
9.55 0.419920744863 0.71772609715 0.28227390285 0.297805352287
9.56 0.41972964205 0.717817222676 0.282182777324 0.298087580626
9.57 0.419538617084 0.71790833493 0.28209166507 0.298369717846
9.58 0.419347669943 0.717999433904 0.282000566096 0.298651763961
9.59 0.419156800606 0.718090519589 0.281909480411 0.298933718983
9.6 0.418966009049 0.718181591975 0.281818408025 0.299215582926
9.61 0.418775295251 0.718272651055 0.281727348945 0.299497355804
9.62 0.41858465919 0.718363696819 0.281636303181 0.299779037628
9.63 0.418394100843 0.718454729258 0.281545270742 0.300060628414
9.64 0.418203620189 0.718545748363 0.281454251637 0.300342128174
9.65 0.418013217204 0.718636754126 0.281363245874 0.300623536922
9.66 0.417822891867 0.718727746538 0.281272253462 0.300904854671
9.67 0.417632644155 0.718818725589 0.281181274411 0.301186081433
9.68 0.417442474047 0.718909691271 0.281090308729 0.301467217224
9.69 0.41725238152 0.719000643575 0.280999356425 0.301748262055
9.7 0.417062366551 0.719091582492 0.280908417508 0.302029215941
9.71 0.416872429119 0.719182508014 0.280817491986 0.302310078895
9.72 0.416682569202 0.719273420131 0.280726579869 0.30259085093
9.73 0.416492786776 0.719364318835 0.280635681165 0.302871532059
9.74 0.41630308182 0.719455204117 0.280544795883 0.303152122296
9.75 0.416113454312 0.719546075967 0.280453924033 0.303432621655
9.76 0.415923904229 0.719636934378 0.280363065622 0.303713030149
9.77 0.41573443155 0.719727779341 0.280272220659 0.303993347791
9.78 0.415545036251 0.719818610846 0.280181389154 0.304273574595
9.79 0.415355718311 0.719909428884 0.280090571116 0.304553710574
9.8 0.415166477707 0.720000233448 0.279999766552 0.304833755741
9.81 0.414977314417 0.720091024528 0.279908975472 0.305113710111
9.82 0.414788228419 0.720181802116 0.279818197884 0.305393573697
9.83 0.41459921969 0.720272566202 0.279727433798 0.305673346512
9.84 0.414410288209 0.720363316778 0.279636683222 0.305953028569
9.85 0.414221433953 0.720454053836 0.279545946164 0.306232619883
9.86 0.4140326569 0.720544777365 0.279455222635 0.306512120466
9.87 0.413843957027 0.720635487359 0.279364512641 0.306791530332
9.88 0.413655334312 0.720726183807 0.279273816193 0.307070849496
9.89 0.413466788733 0.720816866702 0.279183133298 0.307350077969
9.9 0.413278320267 0.720907536034 0.279092463966 0.307629215767
9.91 0.413089928893 0.720998191795 0.279001808205 0.307908262902
9.92 0.412901614588 0.721088833976 0.278911166024 0.308187219388
9.93 0.41271337733 0.721179462569 0.278820537431 0.308466085238
9.94 0.412525217097 0.721270077564 0.278729922436 0.308744860467
9.95 0.412337133865 0.721360678953 0.278639321047 0.309023545088
9.96 0.412149127613 0.721451266727 0.278548733273 0.309302139114
9.97 0.411961198319 0.721541840878 0.278458159122 0.309580642559
9.98 0.41177334596 0.721632401397 0.278367598603 0.309859055437
9.99 0.411585570514 0.721722948275 0.278277051725 0.310137377761
10.0 0.411397871959 0.721813481503 0.278186518497 0.310415609545
