0 1.0 1.0 0.0 0.0
0.01 0.99080488458 0.990824884339 0.0091751156615 1.99997584119e-05
0.02 0.981811197897 0.981890239837 0.0181097601631 7.90419396277e-05
0.03 0.973012931786 0.973188664971 0.026811335029 0.000175733184559
0.04 0.964404308708 0.964713042956 0.0352869570436 0.000308734248011
0.05 0.955979770913 0.956456528258 0.0435434717416 0.00047675734492
0.06 0.94773397021 0.948412533863 0.0515874661371 0.000678563652924
0.07 0.939661758296 0.940574719257 0.0594252807432 0.000912960960673
0.08 0.931758177622 0.932936979074 0.0670630209263 0.00117880145209
0.09 0.924018452744 0.925493432361 0.0745065676386 0.00147497961758
0.1 0.91643798215 0.918238412433 0.0817615875667 0.00180043028373
0.11 0.909012330511 0.911166457265 0.0888335427354 0.00215412675388
0.12 0.901737221349 0.904272300402 0.0957276995984 0.00253507905227
0.13 0.894608530087 0.897550862352 0.102449137648 0.00294233226524
0.14 0.887622277453 0.890997242426 0.109002757574 0.00337496497316
0.15 0.880774623233 0.884606711 0.115393289 0.00383208776748
0.16 0.874061860335 0.878374702183 0.121625297817 0.00431284184756
0.17 0.867480409159 0.872296806852 0.127703193148 0.00481639769227
0.18 0.861026812241 0.866368766043 0.133631233957 0.00534195380185
0.19 0.854697729173 0.860586464678 0.139413535322 0.00588873550566
0.2 0.848489931763 0.854945925595 0.145054074405 0.00645599383186
0.21 0.842400299444 0.849443303879 0.150556696121 0.00704300443541
0.22 0.836425814893 0.844074881473 0.155925118527 0.00764906658069
0.23 0.83056355987 0.838837062045 0.161162937955 0.00827350217578
0.24 0.82481071125 0.833726366105 0.166273633895 0.00891565485513
0.25 0.819164537249 0.828739426357 0.171260573643 0.00957488910801
0.26 0.813622393819 0.823872983269 0.176127016731 0.01025058945
0.27 0.808181721216 0.819123880851 0.180876119149 0.010942159635
0.28 0.802840040729 0.814489062635 0.185510937365 0.0116490219056
0.29 0.797594951555 0.809965567835 0.190034432165 0.0123706162795
0.3 0.792444127818 0.805550527688 0.194449472312 0.0131063998704
0.31 0.78738531572 0.80124116196 0.19875883804 0.0138558462402
0.32 0.782416330825 0.797034775608 0.202965224392 0.014618444783
0.33 0.777535055462 0.792928755598 0.207071244402 0.0153937001364
0.34 0.772739436239 0.78892056786 0.21107943214 0.0161811316213
0.35 0.768027481671 0.785007754378 0.214992245622 0.0169802727063
0.36 0.763397259912 0.78118793041 0.21881206959 0.0177906704978
0.37 0.758846896576 0.777458781828 0.222541218172 0.0186118852517
0.38 0.754374572665 0.773818062573 0.226181937427 0.0194434899082
0.39 0.749978522576 0.770263592222 0.229736407778 0.0202850696463
0.4 0.745657032193 0.766793253652 0.233206746348 0.021136221459
0.41 0.741408437066 0.763404990812 0.236595009188 0.021996553746
0.42 0.737231120656 0.760096806581 0.239903193419 0.0228656859251
0.43 0.733123512661 0.756866760721 0.243133239279 0.0237432480596
0.44 0.729084087409 0.753712967911 0.246287032089 0.0246288805017
0.45 0.725111362314 0.750633595865 0.249366404135 0.0255222335518
0.46 0.721203896395 0.747626863526 0.252373136474 0.0264229671309
0.47 0.71736028886 0.744691039328 0.255308960672 0.027330750468
0.48 0.713579177741 0.74182443954 0.25817556046 0.0282452617992
0.49 0.709859238586 0.739025426667 0.260974573333 0.0291661880802
0.5 0.706199183202 0.736292407912 0.263707592088 0.0300932247096
0.51 0.702597758448 0.733623833713 0.266376166287 0.0310260752646
0.52 0.699053745074 0.731018196319 0.268981803681 0.0319644512457
0.53 0.695565956606 0.72847402844 0.27152597156 0.0329080718333
0.54 0.692133238278 0.725989901931 0.274010098069 0.0338566636525
0.55 0.688754465995 0.723564426543 0.276435573457 0.0348099605477
0.56 0.685428545344 0.72119624871 0.27880375129 0.0357677033665
0.57 0.682154410641 0.718884050392 0.281115949608 0.0367296397508
0.58 0.678931024011 0.716626547948 0.283373452052 0.0376955239367
0.59 0.675757374507 0.714422491069 0.285577508931 0.0386651165619
0.6 0.672632477255 0.712270661735 0.287729338265 0.0396381844801
0.61 0.669555372637 0.71016987322 0.28983012678 0.0406145005825
0.62 0.666525125504 0.70811896913 0.29188103087 0.0415938436261
0.63 0.663540824409 0.706116822477 0.293883177523 0.0425759980678
0.64 0.660601580881 0.704162334786 0.295837665214 0.0435607539051
0.65 0.657706528714 0.702254435236 0.297745564764 0.0445479065222
0.66 0.654854823289 0.700392079831 0.299607920169 0.0455372565419
0.67 0.652045640915 0.698574250597 0.301425749403 0.0465286096827
0.68 0.649278178197 0.696799954817 0.303200045183 0.0475217766205
0.69 0.646551651424 0.69506822428 0.30493177572 0.0485165728558
0.7 0.643865295982 0.693378114568 0.306621885432 0.0495128185854
0.71 0.641218365782 0.69172870436 0.30827129564 0.0505103385781
0.72 0.63861013271 0.690119094765 0.309880905235 0.0515089620549
0.73 0.636039886103 0.688548408676 0.311451591324 0.0525085225735
0.74 0.633506932229 0.687015790146 0.312984209854 0.0535088579163
0.75 0.631010593799 0.685520403782 0.314479596218 0.0545098099823
0.76 0.628550209486 0.684061434169 0.315938565831 0.0555112246826
0.77 0.626125133463 0.682638085303 0.317361914697 0.0565129518392
0.78 0.623734734961 0.681249580049 0.318750419951 0.0575148450875
0.79 0.621378397833 0.679895159614 0.320104840386 0.0585167617811
0.8 0.619055520141 0.678574083042 0.321425916958 0.0595185629007
0.81 0.616765513751 0.677285626716 0.322714373284 0.060520112965
0.82 0.614507803946 0.676029083891 0.323970916109 0.0615212799448
0.83 0.612281829045 0.674803764225 0.325196235775 0.0625219351801
0.84 0.610087040045 0.673608993343 0.326391006657 0.0635219532989
0.85 0.60792290026 0.672444112399 0.327555887601 0.0645212121391
0.86 0.605788884989 0.671308477662 0.328691522338 0.0655195926731
0.87 0.603684481178 0.670201460111 0.329798539889 0.0665169789336
0.88 0.601609187105 0.669122445047 0.330877554953 0.0675132579426
0.89 0.599562512069 0.668070831711 0.331929168289 0.0685083196422
0.9 0.597543976092 0.667046032919 0.332953967081 0.069502056827
0.91 0.595553109625 0.666047474705 0.333952525295 0.0704943650794
0.92 0.593589453272 0.665074595978 0.334925404022 0.0714851427057
0.93 0.591652557515 0.664126848189 0.335873151811 0.0724742906747
0.94 0.589741982448 0.663203695007 0.336796304993 0.073461712558
0.95 0.58785729753 0.662304612001 0.337695387999 0.0744473144719
0.96 0.585998081325 0.661429086346 0.338570913654 0.0754310050203
0.97 0.584163921274 0.660576616515 0.339423383485 0.0764126952406
0.98 0.582354413455 0.659746712004 0.340253287996 0.0773922985496
0.99 0.580569162358 0.65893889305 0.34106110695 0.0783697306916
1.0 0.578807780671 0.658152690359 0.341847309641 0.0793449096879
1.01 0.577069889063 0.657387644851 0.342612355149 0.0803177557878
1.02 0.57535511598 0.6566433074 0.3433566926 0.0812881914197
1.03 0.573663097447 0.655919238593 0.344080761407 0.0822561411457
1.04 0.571993476872 0.655215008487 0.344784991513 0.0832215316149
1.05 0.570345904859 0.654530196379 0.345469803621 0.0841842915197
1.06 0.568720039029 0.653864390582 0.346135609418 0.0851443515527
1.07 0.567115543837 0.653217188201 0.346782811799 0.0861016443641
1.08 0.565532090405 0.652588194926 0.347411805074 0.0870561045211
1.09 0.563969356355 0.651977024823 0.348022975177 0.0880076684675
1.1 0.562427025646 0.651383300131 0.348616699869 0.0889562744851
1.11 0.560904788417 0.650806651073 0.349193348927 0.0899018626552
1.12 0.559402340836 0.650246715658 0.349753284342 0.0908443748215
1.13 0.55791938495 0.649703139504 0.350296860496 0.0917837545539
1.14 0.556455628541 0.649175575655 0.350824424345 0.0927199471133
1.15 0.555010784991 0.648663684408 0.351336315592 0.0936528994166
1.16 0.553584573139 0.648167133143 0.351832866857 0.0945825600031
1.17 0.552176717155 0.647685596157 0.352314403843 0.0955088790016
1.18 0.550786946409 0.647218754507 0.352781245493 0.096431808098
1.19 0.549414995347 0.646766295851 0.353233704149 0.0973513005041
1.2 0.548060603371 0.646327914297 0.353672085703 0.0982673109263
1.21 0.546723514719 0.645903310255 0.354096689745 0.0991797955361
1.22 0.545403478354 0.645492190295 0.354507809705 0.10008871194
1.23 0.544100247851 0.645094267003 0.354905732997 0.100994019152
1.24 0.542813581288 0.644709258851 0.355290741149 0.101895677563
1.25 0.541543241143 0.64433689006 0.35566310994 0.102793648916
1.26 0.54028899419 0.643976890469 0.356023109531 0.103687896279
1.27 0.539050611401 0.643628995415 0.356371004585 0.104578384014
1.28 0.537827867849 0.643292945608 0.356707054392 0.105465077759
1.29 0.536620542612 0.642968487008 0.357031512992 0.106347944396
1.3 0.535428418687 0.642655370715 0.357344629285 0.107226952029
1.31 0.534251282892 0.642353352852 0.357646647148 0.10810206996
1.32 0.53308892579 0.642062194455 0.357937805545 0.108973268665
1.33 0.531941141595 0.641781661366 0.358218338634 0.10984051977
1.34 0.530807728099 0.641511524129 0.358488475871 0.11070379603
1.35 0.529688486582 0.641251557886 0.358748442114 0.111563071304
1.36 0.528583221745 0.64100154228 0.35899845772 0.112418320535
1.37 0.527491741626 0.640761261355 0.359238738645 0.113269519729
1.38 0.526413857532 0.640530503463 0.359469496537 0.114116645932
1.39 0.525349383962 0.640309061173 0.359690938827 0.114959677211
1.4 0.524298138543 0.640096731176 0.359903268824 0.115798592633
1.41 0.523259941958 0.639893314205 0.360106685795 0.116633372246
1.42 0.522234617881 0.639698614941 0.360301385059 0.11746399706
1.43 0.521221992913 0.639512441937 0.360487558063 0.118290449025
1.44 0.520221896517 0.639334607532 0.360665392468 0.119112711015
1.45 0.519234160961 0.63916492777 0.36083507223 0.119930766809
1.46 0.518258621254 0.639003222327 0.360996777673 0.120744601073
1.47 0.517295115091 0.638849314435 0.361150685565 0.121554199344
1.48 0.516343482795 0.638703030801 0.361296969199 0.122359548007
1.49 0.515403567262 0.638564201546 0.361435798454 0.123160634284
1.5 0.514475213906 0.638432660123 0.361567339877 0.123957446217
1.51 0.513558270612 0.638308243258 0.361691756742 0.124749972646
1.52 0.512652587677 0.638190790877 0.361809209123 0.125538203199
1.53 0.511758017767 0.63808014604 0.36191985396 0.126322128274
1.54 0.510874415863 0.637976154883 0.362023845117 0.12710173902
1.55 0.510001639219 0.637878666549 0.362121333451 0.12787702733
1.56 0.509139547313 0.637787533129 0.362212466871 0.128647985816
1.57 0.5082880018 0.637702609603 0.362297390397 0.129414607802
1.58 0.507446866475 0.637623753781 0.362376246219 0.130176887306
1.59 0.506616007222 0.637550826248 0.362449173752 0.130934819027
1.6 0.505795291977 0.637483690305 0.362516309695 0.131688398328
1.61 0.504984590688 0.637422211917 0.362577788083 0.132437621229
1.62 0.504183775272 0.637366259657 0.362633740343 0.133182484384
1.63 0.503392719579 0.637315704658 0.362684295342 0.133922985079
1.64 0.502611299354 0.637270420561 0.362729579439 0.134659121207
1.65 0.501839392197 0.637230283462 0.362769716538 0.135390891265
1.66 0.501076877532 0.637195171867 0.362804828133 0.136118294335
1.67 0.500323636569 0.637164966646 0.362835033354 0.136841330077
1.68 0.499579552268 0.63713955098 0.36286044902 0.137559998711
1.69 0.498844509312 0.637118810322 0.362881189678 0.13827430101
1.7 0.498118394066 0.637102632349 0.362897367651 0.138984238283
1.71 0.497401094551 0.637090906923 0.362909093077 0.139689812371
1.72 0.496692500412 0.637083526041 0.362916473959 0.140391025628
1.73 0.495992502886 0.6370803838 0.3629196162 0.141087880915
1.74 0.495300994772 0.637081376356 0.362918623644 0.141780381583
1.75 0.494617870406 0.637086401878 0.362913598122 0.142468531472
1.76 0.493943025628 0.637095360517 0.362904639483 0.143152334889
1.77 0.493276357756 0.637108154364 0.362891845636 0.143831796607
1.78 0.492617765562 0.637124687411 0.362875312589 0.144506921849
1.79 0.491967149241 0.637144865519 0.362855134481 0.145177716278
1.8 0.491324410387 0.637168596379 0.362831403621 0.145844185992
1.81 0.49068945197 0.637195789478 0.362804210522 0.146506337508
1.82 0.490062178309 0.637226356065 0.362773643935 0.147164177756
1.83 0.489442495047 0.637260209117 0.362739790883 0.14781771407
1.84 0.488830309133 0.637297263306 0.362702736694 0.148466954174
1.85 0.48822552879 0.637337434969 0.362662565031 0.149111906179
1.86 0.487628063504 0.637380642074 0.362619357926 0.14975257857
1.87 0.487037823991 0.637426804191 0.362573195809 0.150388980199
1.88 0.486454722184 0.637475842459 0.362524157541 0.151021120275
1.89 0.485878671205 0.63752767956 0.36247232044 0.151649008355
1.9 0.485309585353 0.63758223969 0.36241776031 0.152272654337
1.91 0.484747380075 0.637639448527 0.362360551473 0.152892068452
1.92 0.484191971952 0.637699233207 0.362300766793 0.153507261254
1.93 0.483643278681 0.637761522293 0.362238477707 0.154118243612
1.94 0.48310121905 0.637826245755 0.362173754245 0.154725026705
1.95 0.482565712925 0.637893334936 0.362106665064 0.15532762201
1.96 0.482036681232 0.63796272253 0.36203727747 0.155926041299
1.97 0.481514045936 0.638034342561 0.361965657439 0.156520296625
1.98 0.480997730026 0.638108130349 0.361891869651 0.157110400323
1.99 0.480487657501 0.638184022496 0.361815977504 0.157696364994
2.0 0.479983753348 0.638261956854 0.361738043146 0.158278203506
2.01 0.47948594353 0.638341872509 0.361658127491 0.15885592898
2.02 0.478994154967 0.638423709754 0.361576290246 0.159429554787
2.03 0.478508315526 0.638507410065 0.361492589935 0.15999909454
2.04 0.478028353999 0.638592916087 0.361407083913 0.160564562088
2.05 0.477554200095 0.638680171602 0.361319828398 0.161125971508
2.06 0.47708578442 0.63876912152 0.36123087848 0.1616833371
2.07 0.476623038467 0.638859711846 0.361140288154 0.162236673379
2.08 0.476165894599 0.638951889671 0.361048110329 0.162785995071
2.09 0.475714286038 0.639045603144 0.360954396856 0.163331317105
2.1 0.47526814685 0.639140801457 0.360859198543 0.163872654607
2.11 0.474827411933 0.639237434826 0.360762565174 0.164410022893
2.12 0.474392017002 0.639335454469 0.360664545531 0.164943437467
2.13 0.473961898581 0.639434812593 0.360565187407 0.165472914013
2.14 0.473536993987 0.639535462372 0.360464537628 0.165998468385
2.15 0.473117241318 0.639637357928 0.360362642072 0.16652011661
2.16 0.472702579445 0.63974045432 0.36025954568 0.167037874875
2.17 0.472292947996 0.639844707522 0.360155292478 0.167551759526
2.18 0.471888287347 0.639950074407 0.360049925593 0.16806178706
2.19 0.47148853861 0.640056512732 0.359943487268 0.168567974122
2.2 0.471093643623 0.640163981122 0.359836018878 0.169070337499
2.21 0.470703544941 0.640272439053 0.359727560947 0.169568894113
2.22 0.47031818582 0.640381846839 0.359618153161 0.170063661019
2.23 0.469937510214 0.640492165613 0.359507834387 0.1705546554
2.24 0.469561462758 0.640603357317 0.359396642683 0.171041894559
2.25 0.469189988765 0.640715384683 0.359284615317 0.171525395917
2.26 0.468823034211 0.64082821122 0.35917178878 0.172005177009
2.27 0.468460545728 0.640941801204 0.359058198796 0.172481255477
2.28 0.468102470593 0.641056119659 0.358943880341 0.172953649066
2.29 0.467748756721 0.641171132343 0.358828867657 0.173422375622
2.3 0.467399352656 0.641286805742 0.358713194258 0.173887453086
2.31 0.46705420756 0.641403107047 0.358596892953 0.174348899488
2.32 0.466713271205 0.641520004151 0.358479995849 0.174806732946
2.33 0.466376493969 0.641637465629 0.358362534371 0.17526097166
2.34 0.46604382682 0.641755460728 0.358244539272 0.175711633908
2.35 0.465715221313 0.641873959357 0.358126040643 0.176158738044
2.36 0.465390629581 0.641992932073 0.358007067927 0.176602302492
2.37 0.465070004328 0.642112350069 0.357887649931 0.177042345741
2.38 0.46475329882 0.642232185165 0.357767814835 0.177478886346
2.39 0.464440466875 0.642352409793 0.357647590207 0.177911942919
2.4 0.464131462861 0.64247299699 0.35752700301 0.178341534129
2.41 0.463826241686 0.642593920383 0.357406079617 0.178767678697
2.42 0.46352475879 0.642715154183 0.357284845817 0.179190395394
2.43 0.463226970137 0.64283667317 0.35716332683 0.179609703033
2.44 0.462932832213 0.642958452686 0.357041547314 0.180025620473
2.45 0.462642302014 0.643080468623 0.356919531377 0.180438166609
2.46 0.462355337042 0.643202697414 0.356797302586 0.180847360373
2.47 0.462071895295 0.643325116023 0.356674883977 0.181253220728
2.48 0.461791935268 0.643447701935 0.356552298065 0.181655766667
2.49 0.461515415938 0.643570433148 0.356429566852 0.18205501721
2.5 0.461242296762 0.643693288162 0.356306711838 0.182450991399
2.51 0.460972537673 0.643816245969 0.356183754031 0.182843708297
2.52 0.460706099067 0.64393928605 0.35606071395 0.183233186983
2.53 0.460442941806 0.644062388358 0.355937611642 0.183619446552
2.54 0.460183027203 0.644185533315 0.355814466685 0.184002506112
2.55 0.459926317025 0.644308701802 0.355691298198 0.184382384777
2.56 0.459672773481 0.64443187515 0.35556812485 0.184759101669
2.57 0.459422359217 0.644555035133 0.355444964867 0.185132675916
2.58 0.459175037316 0.644678163959 0.355321836041 0.185503126643
2.59 0.458930771284 0.644801244262 0.355198755738 0.185870472978
2.6 0.458689525053 0.644924259096 0.355075740904 0.186234734042
2.61 0.458451262971 0.645047191925 0.354952808075 0.186595928953
2.62 0.458215949797 0.645170026617 0.354829973383 0.186954076819
2.63 0.457983550698 0.645292747436 0.354707252564 0.187309196738
2.64 0.457754031242 0.645415339035 0.354584660965 0.187661307793
2.65 0.457527357394 0.64553778645 0.35446221355 0.188010429056
2.66 0.457303495512 0.64566007509 0.35433992491 0.188356579578
2.67 0.457082412341 0.645782190733 0.354217809267 0.188699778392
2.68 0.456864075009 0.64590411952 0.35409588048 0.189040044511
2.69 0.45664845102 0.646025847942 0.353974152058 0.189377396922
2.7 0.456435508255 0.646147362844 0.353852637156 0.189711854589
2.71 0.45622521496 0.646268651407 0.353731348593 0.190043436447
2.72 0.45601753975 0.646389701152 0.353610298848 0.190372161402
2.73 0.455812451596 0.646510499926 0.353489500074 0.190698048331
2.74 0.455609919827 0.646631035902 0.353368964098 0.191021116075
2.75 0.455409914125 0.646751297567 0.353248702433 0.191341383442
2.76 0.455212404517 0.646871273721 0.353128726279 0.191658869205
2.77 0.455017361374 0.64699095347 0.35300904653 0.191973592096
2.78 0.454824755408 0.647110326217 0.352889673783 0.19228557081
2.79 0.454634557664 0.647229381663 0.352770618337 0.192594823999
2.8 0.454446739522 0.647348109795 0.352651890205 0.192901370273
2.81 0.454261272685 0.647466500883 0.352533499117 0.193205228198
2.82 0.454078129183 0.647584545477 0.352415454523 0.193506416294
2.83 0.453897281365 0.647702234398 0.352297765602 0.193804953033
2.84 0.453718701897 0.647819558735 0.352180441265 0.194100856838
2.85 0.453542363756 0.64793650984 0.35206349016 0.194394146084
2.86 0.453368240229 0.648053079322 0.351946920678 0.194684839093
2.87 0.453196304909 0.648169259043 0.351830740957 0.194972954134
2.88 0.453026531689 0.648285041112 0.351714958888 0.195258509422
2.89 0.452858894763 0.648400417882 0.351599582118 0.195541523119
2.9 0.452693368617 0.648515381944 0.351484618056 0.195822013327
2.91 0.452529928032 0.648629926124 0.351370073876 0.196099998093
2.92 0.452368548073 0.648744043477 0.351255956523 0.196375495404
2.93 0.452209204094 0.648857727281 0.351142272719 0.196648523188
2.94 0.452051871728 0.648970971038 0.351029028962 0.19691909931
2.95 0.451896526889 0.649083768465 0.350916231535 0.197187241576
2.96 0.451743145764 0.64919611349 0.35080388651 0.197452967726
2.97 0.451591704812 0.64930800025 0.35069199975 0.197716295438
2.98 0.451442180764 0.649419423087 0.350580576913 0.197977242323
2.99 0.451294550615 0.649530376543 0.350469623457 0.198235825929
3.0 0.451148791622 0.649640855355 0.350359144645 0.198492063733
3.01 0.451004881304 0.649750854453 0.350249145547 0.198745973148
3.02 0.450862797438 0.649860368955 0.350139631045 0.198997571517
3.03 0.450722518051 0.649969394164 0.350030605836 0.199246876113
3.04 0.450584021427 0.650077925565 0.349922074435 0.199493904138
3.05 0.450447286095 0.65018595882 0.34981404118 0.199738672725
3.06 0.45031229083 0.650293489765 0.349706510235 0.199981198935
3.07 0.45017901465 0.650400514405 0.349599485595 0.200221499755
3.08 0.450047436816 0.650507028916 0.349492971084 0.200459592099
3.09 0.449917536824 0.650613029633 0.349386970367 0.200695492809
3.1 0.449789294405 0.650718513055 0.349281486945 0.20092921865
3.11 0.449662689523 0.650823475836 0.349176524164 0.201160786313
3.12 0.449537702372 0.650927914786 0.349072085214 0.201390212414
3.13 0.449414313373 0.651031826864 0.348968173136 0.201617513491
3.14 0.449292503172 0.651135209178 0.348864790822 0.201842706006
3.15 0.449172252635 0.651238058979 0.348761941021 0.202065806344
3.16 0.449053542852 0.651340373662 0.348659626338 0.20228683081
3.17 0.448936355126 0.65144215076 0.34855784924 0.202505795634
3.18 0.448820670978 0.65154338794 0.34845661206 0.202722716963
3.19 0.448706472138 0.651644083006 0.348355916994 0.202937610867
3.2 0.44859374055 0.651744233887 0.348255766113 0.203150493337
3.21 0.448482458364 0.651843838645 0.348156161355 0.203361380281
3.22 0.448372607935 0.651942895463 0.348057104537 0.203570287528
3.23 0.448264171821 0.652041402647 0.347958597353 0.203777230826
3.24 0.448157132783 0.652139358625 0.347860641375 0.203982225842
3.25 0.448051473778 0.652236761938 0.347763238062 0.204185288159
3.26 0.447947177963 0.652333611244 0.347666388756 0.204386433281
3.27 0.447844228685 0.652429905313 0.347570094687 0.204585676628
3.28 0.447742609488 0.652525643025 0.347474356975 0.204783033537
3.29 0.447642304101 0.652620823364 0.347379176636 0.204978519263
3.3 0.447543296446 0.652715445423 0.347284554577 0.205172148977
3.31 0.447445570628 0.652809508395 0.347190491605 0.205363937767
3.32 0.447349110936 0.652903011574 0.347096988426 0.205553900638
3.33 0.447253901842 0.652995954353 0.347004045647 0.205742052511
3.34 0.447159927997 0.653088336218 0.346911663782 0.205928408221
3.35 0.44706717423 0.653180156752 0.346819843248 0.206112982522
3.36 0.446975625546 0.653271415627 0.346728584373 0.20629579008
3.37 0.446885267125 0.653362112606 0.346637887394 0.206476845481
3.38 0.446796084317 0.653452247538 0.346547752462 0.206656163222
3.39 0.446708062643 0.65354182036 0.34645817964 0.206833757717
3.4 0.446621187793 0.65363083109 0.34636916891 0.207009643297
3.41 0.446535445624 0.653719279829 0.346280720171 0.207183834205
3.42 0.446450822155 0.653807166755 0.346192833245 0.207356344601
3.43 0.446367303569 0.653894492127 0.346105507873 0.207527188558
3.44 0.446284876212 0.653981256278 0.346018743722 0.207696380067
3.45 0.446203526586 0.654067459616 0.345932540384 0.20786393303
3.46 0.446123241353 0.65415310262 0.34584689738 0.208029861268
3.47 0.446044007329 0.654238185841 0.345761814159 0.208194178512
3.48 0.445965811485 0.654322709898 0.345677290102 0.208356898413
3.49 0.445888640944 0.654406675477 0.345593324523 0.208518034533
3.5 0.445812482979 0.654490083329 0.345509916671 0.20867760035
3.51 0.445737325014 0.654572934271 0.345427065729 0.208835609257
3.52 0.445663154618 0.654655229179 0.345344770821 0.208992074562
3.53 0.445589959506 0.654736968993 0.345263031007 0.209147009487
3.54 0.445517727538 0.65481815471 0.34518184529 0.209300427172
3.55 0.445446446717 0.654898787384 0.345101212616 0.209452340667
3.56 0.445376105185 0.654978868128 0.345021131872 0.209602762943
3.57 0.445306691225 0.655058398107 0.344941601893 0.209751706882
3.58 0.445238193257 0.65513737854 0.34486262146 0.209899185283
3.59 0.445170599838 0.655215810698 0.344784189302 0.21004521086
3.6 0.445103899658 0.655293695903 0.344706304097 0.210189796244
3.61 0.445038081544 0.655371035524 0.344628964476 0.21033295398
3.62 0.44497313445 0.65544783098 0.34455216902 0.21047469653
3.63 0.444909047463 0.655524083735 0.344475916265 0.210615036272
3.64 0.4448458098 0.655599795299 0.344400204701 0.210753985499
3.65 0.444783410804 0.655674967226 0.344325032774 0.210891556422
3.66 0.444721839943 0.655749601111 0.344250398889 0.211027761167
3.67 0.444661086812 0.655823698591 0.344176301409 0.211162611779
3.68 0.444601141128 0.655897261345 0.344102738655 0.211296120217
3.69 0.444541992729 0.655970291089 0.344029708911 0.21142829836
3.7 0.444483631576 0.656042789578 0.343957210422 0.211559158001
3.71 0.444426047747 0.656114758602 0.343885241398 0.211688710855
3.72 0.444369231439 0.656186199989 0.343813800011 0.211816968549
3.73 0.444313172965 0.6562571156 0.3437428844 0.211943942634
3.74 0.444257862754 0.656327507329 0.343672492671 0.212069644575
3.75 0.444203291349 0.656397377105 0.343602622895 0.212194085756
3.76 0.444149449403 0.656466726885 0.343533273115 0.212317277482
3.77 0.444096327685 0.656535558659 0.343464441341 0.212439230974
3.78 0.444043917071 0.656603874445 0.343396125555 0.212559957374
3.79 0.443992208547 0.656671676289 0.343328323711 0.212679467742
3.8 0.443941193207 0.656738966267 0.343261033733 0.21279777306
3.81 0.443890862251 0.656805746478 0.343194253522 0.212914884227
3.82 0.443841206984 0.656872019049 0.343127980951 0.213030812065
3.83 0.443792218816 0.65693778613 0.34306221387 0.213145567314
3.84 0.44374388926 0.657003049897 0.342996950103 0.213259160637
3.85 0.44369620993 0.657067812547 0.342932187453 0.213371602617
3.86 0.443649172543 0.6571320763 0.3428679237 0.213482903758
3.87 0.443602768912 0.657195843397 0.342804156603 0.213593074486
3.88 0.44355699095 0.6572591161 0.3427408839 0.213702125149
3.89 0.44351183067 0.657321896688 0.342678103312 0.213810066018
3.9 0.443467280177 0.657384187463 0.342615812537 0.213916907286
3.91 0.443423331674 0.657445990742 0.342554009258 0.214022659068
3.92 0.443379977456 0.65750730886 0.34249269114 0.214127331404
3.93 0.443337209913 0.65756814417 0.34243185583 0.214230934257
3.94 0.443295021527 0.657628499039 0.342371500961 0.214333477511
3.95 0.443253404869 0.657688375849 0.342311624151 0.21443497098
3.96 0.443212352601 0.657747776998 0.342252223002 0.214535424397
3.97 0.443171857475 0.657806704897 0.342193295103 0.214634847422
3.98 0.443131912329 0.65786516197 0.34213483803 0.214733249641
3.99 0.443092510088 0.657923150653 0.342076849347 0.214830640565
4.0 0.443053643764 0.657980673395 0.342019326605 0.214927029631
4.01 0.443015306455 0.658037732655 0.341962267345 0.215022426201
4.02 0.442977491339 0.658094330903 0.341905669097 0.215116839564
4.03 0.442940191681 0.658150470619 0.341849529381 0.215210278938
4.04 0.442903400827 0.658206154292 0.341793845708 0.215302753465
4.05 0.442867112202 0.65826138442 0.34173861558 0.215394272218
4.06 0.442831319314 0.658316163509 0.341683836491 0.215484844195
4.07 0.442796015748 0.658370494073 0.341629505927 0.215574478325
4.08 0.44276119517 0.658424378633 0.341575621367 0.215663183463
4.09 0.442726851321 0.658477819716 0.341522180284 0.215750968395
4.1 0.442692978019 0.658530819856 0.341469180144 0.215837841837
4.11 0.44265956916 0.658583381592 0.341416618408 0.215923812432
4.12 0.442626618711 0.658635507467 0.341364492533 0.216008888757
4.13 0.442594120716 0.658687200031 0.341312799969 0.216093079315
4.14 0.442562069291 0.658738461836 0.341261538164 0.216176392545
4.15 0.442530458626 0.658789295439 0.341210704561 0.216258836813
4.16 0.442499282978 0.658839703398 0.341160296602 0.216340420419
4.17 0.44246853668 0.658889688275 0.341110311725 0.216421151595
4.18 0.442438214132 0.658939252636 0.341060747364 0.216501038505
4.19 0.442408309802 0.658988399046 0.341011600954 0.216580089244
4.2 0.442378818229 0.659037130074 0.340962869926 0.216658311844
4.21 0.442349734018 0.659085448286 0.340914551714 0.216735714268
4.22 0.442321051841 0.659133356254 0.340866643746 0.216812304413
4.23 0.442292766434 0.659180856545 0.340819143455 0.216888090111
4.24 0.442264872602 0.65922795173 0.34077204827 0.216963079128
4.25 0.44223736521 0.659274644377 0.340725355623 0.217037279167
4.26 0.44221023919 0.659320937054 0.340679062946 0.217110697865
4.27 0.442183489535 0.659366832328 0.340633167672 0.217183342794
4.28 0.442157111301 0.659412332764 0.340587667236 0.217255221463
4.29 0.442131099604 0.659457440924 0.340542559076 0.217326341319
4.3 0.442105449624 0.659502159369 0.340497840631 0.217396709745
4.31 0.442080156597 0.659546490659 0.340453509341 0.217466334061
4.32 0.442055215822 0.659590437347 0.340409562653 0.217535221525
4.33 0.442030622653 0.659634001986 0.340365998014 0.217603379334
4.34 0.442006372504 0.659677187125 0.340322812875 0.217670814622
4.35 0.441982460846 0.659719995309 0.340280004691 0.217737534463
4.36 0.441958883207 0.659762429078 0.340237570922 0.217803545871
4.37 0.441935635169 0.659804490968 0.340195509032 0.217868855799
4.38 0.441912712373 0.659846183512 0.340153816488 0.217933471139
4.39 0.44189011051 0.659887509236 0.340112490764 0.217997398726
4.4 0.441867825329 0.659928470662 0.340071529338 0.218060645333
4.41 0.441845852629 0.659969070306 0.340030929694 0.218123217677
4.42 0.441824188263 0.660009310678 0.339990689322 0.218185122415
4.43 0.441802828138 0.660049194285 0.339950805715 0.218246366147
4.44 0.44178176821 0.660088723624 0.339911276376 0.218306955414
4.45 0.441761004487 0.660127901187 0.339872098813 0.218366896701
4.46 0.441740533025 0.660166729461 0.339833270539 0.218426196436
4.47 0.441720349934 0.660205210924 0.339794789076 0.21848486099
4.48 0.441700451369 0.660243348049 0.339756651951 0.21854289668
4.49 0.441680833536 0.6602811433 0.3397188567 0.218600309764
4.5 0.441661492688 0.660318599136 0.339681400864 0.218657106448
4.51 0.441642425125 0.660355718005 0.339644281995 0.21871329288
4.52 0.441623627194 0.66039250235 0.33960749765 0.218768875157
4.53 0.441605095288 0.660428954606 0.339571045394 0.218823859318
4.54 0.441586825847 0.660465077199 0.339534922801 0.218878251352
4.55 0.441568815355 0.660500872546 0.339499127454 0.218932057191
4.56 0.441551060341 0.660536343058 0.339463656942 0.218985282717
4.57 0.441533557377 0.660571491135 0.339428508865 0.219037933758
4.58 0.44151630308 0.66060631917 0.33939368083 0.21909001609
4.59 0.441499294109 0.660640829546 0.339359170454 0.219141535437
4.6 0.441482527167 0.660675024637 0.339324975363 0.219192497471
4.61 0.441465998996 0.660708906809 0.339291093191 0.219242907813
4.62 0.441449706383 0.660742478418 0.339257521582 0.219292772035
4.63 0.441433646154 0.66077574181 0.33922425819 0.219342095655
4.64 0.441417815176 0.660808699321 0.339191300679 0.219390884145
4.65 0.441402210356 0.66084135328 0.33915864672 0.219439142925
4.66 0.441386828639 0.660873706004 0.339126293996 0.219486877365
4.67 0.441371667013 0.660905759801 0.339094240199 0.219534092788
4.68 0.4413567225 0.660937516967 0.339062483033 0.219580794468
4.69 0.441341992163 0.660968979792 0.339031020208 0.219626987629
4.7 0.441327473102 0.661000150551 0.338999849449 0.219672677449
4.71 0.441313162454 0.661031031512 0.338968968488 0.219717869058
4.72 0.441299057392 0.661061624932 0.338938375068 0.219762567539
4.73 0.441285155127 0.661091933056 0.338908066944 0.219806777928
4.74 0.441271452906 0.66112195812 0.33887804188 0.219850505214
4.75 0.441257948008 0.661151702349 0.338848297651 0.219893754341
4.76 0.441244637752 0.661181167958 0.338818832042 0.219936530206
4.77 0.441231519487 0.661210357149 0.338789642851 0.219978837662
4.78 0.441218590599 0.661239272115 0.338760727885 0.220020681516
4.79 0.441205848507 0.661267915037 0.338732084963 0.22006206653
4.8 0.441193290663 0.661296288086 0.338703711914 0.220102997423
4.81 0.441180914553 0.661324393422 0.338675606578 0.220143478868
4.82 0.441168717694 0.661352233192 0.338647766808 0.220183515497
4.83 0.441156697636 0.661379809533 0.338620190467 0.220223111897
4.84 0.441144851961 0.661407124572 0.338592875428 0.220262272611
4.85 0.441133178282 0.661434180423 0.338565819577 0.220301002141
4.86 0.441121674242 0.661460979189 0.338539020811 0.220339304947
4.87 0.441110337516 0.661487522961 0.338512477039 0.220377185446
4.88 0.441099165809 0.661513813821 0.338486186179 0.220414648012
4.89 0.441088156855 0.661539853837 0.338460146163 0.220451696982
4.9 0.441077308419 0.661565645066 0.338434354934 0.220488336647
4.91 0.441066618293 0.661591189555 0.338408810445 0.220524571261
4.92 0.4410560843 0.661616489336 0.338383510664 0.220560405036
4.93 0.441045704289 0.661641546434 0.338358453566 0.220595842145
4.94 0.44103547614 0.661666362859 0.338333637141 0.220630886719
4.95 0.441025397758 0.66169094061 0.33830905939 0.220665542852
4.96 0.441015467076 0.661715281675 0.338284718325 0.220699814598
4.97 0.441005682056 0.66173938803 0.33826061197 0.220733705974
4.98 0.440996040684 0.661763261639 0.338236738361 0.220767220955
4.99 0.440986540974 0.661786904455 0.338213095545 0.220800363481
5.0 0.440977180965 0.661810318418 0.338189681582 0.220833137454
5.01 0.440967958722 0.661833505458 0.338166494542 0.220865546736
5.02 0.440958872337 0.661856467492 0.338143532508 0.220897595154
5.03 0.440949919925 0.661879206424 0.338120793576 0.220929286499
5.04 0.440941099626 0.661901724149 0.338098275851 0.220960624523
5.05 0.440932409606 0.661924022549 0.338075977451 0.220991612943
5.06 0.440923848053 0.661946103493 0.338053896507 0.22102225544
5.07 0.440915413181 0.661967968841 0.338032031159 0.22105255566
5.08 0.440907103226 0.661989620438 0.338010379562 0.221082517212
5.09 0.440898916447 0.662011060119 0.337988939881 0.221112143672
5.1 0.440890851128 0.662032289708 0.337967710292 0.221141438579
5.11 0.440882905574 0.662053311014 0.337946688986 0.22117040544
5.12 0.440875078113 0.662074125839 0.337925874161 0.221199047725
5.13 0.440867367095 0.662094735969 0.337905264031 0.221227368874
5.14 0.440859770892 0.66211514318 0.33788485682 0.221255372288
5.15 0.440852287896 0.662135349237 0.337864650763 0.221283061341
5.16 0.440844916523 0.662155355891 0.337844644109 0.221310439368
5.17 0.440837655209 0.662175164885 0.337824835115 0.221337509676
5.18 0.44083050241 0.662194777946 0.337805222054 0.221364275536
5.19 0.440823456602 0.662214196792 0.337785803208 0.22139074019
5.2 0.440816516284 0.662233423129 0.337766576871 0.221416906845
5.21 0.440809679972 0.662252458652 0.337747541348 0.22144277868
5.22 0.440802946203 0.662271305041 0.337728694959 0.221468358838
5.23 0.440796313535 0.66228996397 0.33771003603 0.221493650435
5.24 0.440789780542 0.662308437096 0.337691562904 0.221518656554
5.25 0.440783345819 0.662326726068 0.337673273932 0.221543380248
5.26 0.44077700798 0.662344832521 0.337655167479 0.221567824541
5.27 0.440770765657 0.662362758082 0.337637241918 0.221591992425
5.28 0.440764617501 0.662380504363 0.337619495637 0.221615886862
5.29 0.440758562179 0.662398072967 0.337601927033 0.221639510788
5.3 0.440752598377 0.662415465483 0.337584534517 0.221662867106
5.31 0.4407467248 0.662432683491 0.337567316509 0.221685958691
5.32 0.440740940169 0.66244972856 0.33755027144 0.22170878839
5.33 0.440735243222 0.662466602245 0.337533397755 0.221731359022
5.34 0.440729632715 0.662483306092 0.337516693908 0.221753673377
5.35 0.440724107419 0.662499841635 0.337500158365 0.221775734216
5.36 0.440718666123 0.662516210397 0.337483789603 0.221797544274
5.37 0.440713307632 0.662532413891 0.337467586109 0.221819106258
5.38 0.440708030767 0.662548453616 0.337451546384 0.221840422848
5.39 0.440702834365 0.662564331062 0.337435668938 0.221861496697
5.4 0.440697717277 0.662580047708 0.337419952292 0.22188233043
5.41 0.440692678373 0.662595605021 0.337404394979 0.221902926648
5.42 0.440687716535 0.662611004458 0.337388995542 0.221923287923
5.43 0.440682830662 0.662626247466 0.337373752534 0.221943416803
5.44 0.440678019668 0.662641335477 0.337358664523 0.22196331581
5.45 0.440673282479 0.662656269918 0.337343730082 0.221982987439
5.46 0.440668618039 0.6626710522 0.3373289478 0.222002434161
5.47 0.440664025305 0.662685683727 0.337314316273 0.222021658422
5.48 0.440659503247 0.66270016589 0.33729983411 0.222040662643
5.49 0.440655050851 0.66271450007 0.33728549993 0.222059449219
5.5 0.440650667115 0.662728687639 0.337271312361 0.222078020524
5.51 0.440646351051 0.662742729955 0.337257270045 0.222096378903
5.52 0.440642101686 0.662756628368 0.337243371632 0.222114526682
5.53 0.440637918059 0.662770384218 0.337229615782 0.22213246616
5.54 0.440633799221 0.662783998833 0.337216001167 0.222150199613
5.55 0.440629744237 0.662797473531 0.337202526469 0.222167729294
5.56 0.440625752186 0.662810809621 0.337189190379 0.222185057435
5.57 0.440621822158 0.662824008399 0.337175991601 0.222202186241
5.58 0.440617953255 0.662837071153 0.337162928847 0.222219117897
5.59 0.440614144594 0.66284999916 0.33715000084 0.222235854566
5.6 0.4406103953 0.662862793688 0.337137206312 0.222252398388
5.61 0.440606704513 0.662875455993 0.337124544007 0.22226875148
5.62 0.440603071385 0.662887987323 0.337112012677 0.222284915938
5.63 0.440599495077 0.662900388914 0.337099611086 0.222300893837
5.64 0.440595974764 0.662912661993 0.337087338007 0.22231668723
5.65 0.440592509631 0.662924807779 0.337075192221 0.222332298148
5.66 0.440589098874 0.662936827477 0.337063172523 0.222347728603
5.67 0.440585741702 0.662948722286 0.337051277714 0.222362980584
5.68 0.440582437333 0.662960493394 0.337039506606 0.222378056061
5.69 0.440579184996 0.662972141979 0.337027858021 0.222392956983
5.7 0.440575983931 0.662983669209 0.337016330791 0.222407685278
5.71 0.440572833389 0.662995076244 0.337004923756 0.222422242855
5.72 0.440569732629 0.663006364233 0.336993635767 0.222436631603
5.73 0.440566680924 0.663017534316 0.336982465684 0.222450853391
5.74 0.440563677554 0.663028587624 0.336971412376 0.222464910069
5.75 0.440560721811 0.663039525278 0.336960474722 0.222478803468
5.76 0.440557812994 0.663050348391 0.336949651609 0.222492535397
5.77 0.440554950414 0.663061058065 0.336938941935 0.222506107651
5.78 0.440552133392 0.663071655393 0.336928344607 0.222519522002
5.79 0.440549361256 0.663082141461 0.336917858539 0.222532780205
5.8 0.440546633347 0.663092517344 0.336907482656 0.222545883998
5.81 0.44054394901 0.663102784108 0.336897215892 0.222558835098
5.82 0.440541307604 0.66311294281 0.33688705719 0.222571635206
5.83 0.440538708494 0.663122994499 0.336877005501 0.222584286005
5.84 0.440536151056 0.663132940215 0.336867059785 0.22259678916
5.85 0.440533634672 0.663142780989 0.336857219011 0.222609146317
5.86 0.440531158734 0.663152517842 0.336847482158 0.222621359108
5.87 0.440528722644 0.663162151788 0.336837848212 0.222633429144
5.88 0.440526325809 0.663171683831 0.336828316169 0.222645358022
5.89 0.440523967648 0.663181114968 0.336818885032 0.222657147321
5.9 0.440521647585 0.663190446187 0.336809553813 0.222668798602
5.91 0.440519365054 0.663199678466 0.336800321534 0.222680313412
5.92 0.440517119496 0.663208812777 0.336791187223 0.222691693281
5.93 0.44051491036 0.66321785008 0.33678214992 0.222702939721
5.94 0.440512737103 0.663226791332 0.336773208668 0.222714054229
5.95 0.440510599189 0.663235637476 0.336764362524 0.222725038287
5.96 0.44050849609 0.663244389452 0.336755610548 0.222735893361
5.97 0.440506427287 0.663253048187 0.336746951813 0.2227466209
5.98 0.440504392264 0.663261614604 0.336738385396 0.222757222339
5.99 0.440502390517 0.663270089615 0.336729910385 0.222767699098
6.0 0.440500421546 0.663278474126 0.336721525874 0.22277805258
6.01 0.440498484859 0.663286769034 0.336713230966 0.222788284174
6.02 0.440496579972 0.663294975228 0.336705024772 0.222798395256
6.03 0.440494706406 0.66330309359 0.33669690641 0.222808387184
6.04 0.44049286369 0.663311124994 0.336688875006 0.222818261304
6.05 0.440491051359 0.663319070305 0.336680929695 0.222828018947
6.06 0.440489268954 0.663326930383 0.336673069617 0.222837661429
6.07 0.440487516025 0.663334706078 0.336665293922 0.222847190053
6.08 0.440485792125 0.663342398232 0.336657601768 0.222856606107
6.09 0.440484096817 0.663350007682 0.336649992318 0.222865910865
6.1 0.440482429667 0.663357535256 0.336642464744 0.222875105589
6.11 0.440480790248 0.663364981775 0.336635018225 0.222884191527
6.12 0.44047917814 0.663372348051 0.336627651949 0.222893169911
6.13 0.440477592928 0.663379634892 0.336620365108 0.222902041964
6.14 0.440476034205 0.663386843096 0.336613156904 0.222910808891
6.15 0.440474501566 0.663393973454 0.336606026546 0.222919471889
6.16 0.440472994614 0.663401026752 0.336598973248 0.222928032138
6.17 0.44047151296 0.663408003767 0.336591996233 0.222936490807
6.18 0.440470056215 0.663414905269 0.336585094731 0.222944849054
6.19 0.440468624001 0.663421732021 0.336578267979 0.22295310802
6.2 0.440467215941 0.66342848478 0.33657151522 0.222961268839
6.21 0.440465831668 0.663435164296 0.336564835704 0.222969332628
6.22 0.440464470815 0.663441771311 0.336558228689 0.222977300495
6.23 0.440463133025 0.663448306561 0.336551693439 0.222985173536
6.24 0.440461817943 0.663454770775 0.336545229225 0.222992952832
6.25 0.440460525221 0.663461164677 0.336538835323 0.223000639456
6.26 0.440459254514 0.663467488981 0.336532511019 0.223008234467
6.27 0.440458005484 0.663473744398 0.336526255602 0.223015738914
6.28 0.440456777797 0.663479931629 0.336520068371 0.223023153832
6.29 0.440455571123 0.663486051372 0.336513948628 0.223030480248
6.3 0.440454385139 0.663492104315 0.336507895685 0.223037719176
6.31 0.440453219524 0.663498091144 0.336501908856 0.22304487162
6.32 0.440452073963 0.663504012533 0.336495987467 0.22305193857
6.33 0.440450948146 0.663509869156 0.336490130844 0.22305892101
6.34 0.440449841766 0.663515661675 0.336484338325 0.223065819909
6.35 0.440448754521 0.663521390749 0.336478609251 0.223072636228
6.36 0.440447686115 0.663527057032 0.336472942968 0.223079370916
6.37 0.440446636255 0.663532661168 0.336467338832 0.223086024913
6.38 0.440445604651 0.663538203798 0.336461796202 0.223092599147
6.39 0.440444591018 0.663543685556 0.336456314444 0.223099094538
6.4 0.440443595078 0.663549107071 0.336450892929 0.223105511993
6.41 0.440442616552 0.663554468963 0.336445531037 0.223111852411
6.42 0.440441655169 0.663559771851 0.336440228149 0.223118116682
6.43 0.44044071066 0.663565016344 0.336434983656 0.223124305684
6.44 0.440439782761 0.663570203047 0.336429796953 0.223130420286
6.45 0.440438871211 0.66357533256 0.33642466744 0.223136461349
6.46 0.440437975753 0.663580405475 0.336419594525 0.223142429722
6.47 0.440437096134 0.663585422381 0.336414577619 0.223148326247
6.48 0.440436232105 0.663590383859 0.336409616141 0.223154151754
6.49 0.44043538342 0.663595290487 0.336404709513 0.223159907067
6.5 0.440434549837 0.663600142835 0.336399857165 0.223165592999
6.51 0.440433731117 0.66360494147 0.33639505853 0.223171210353
6.52 0.440432927025 0.663609686951 0.336390313049 0.223176759927
6.53 0.440432137329 0.663614379834 0.336385620166 0.223182242505
6.54 0.440431361801 0.663619020668 0.336380979332 0.223187658866
6.55 0.440430600217 0.663623609997 0.336376390003 0.22319300978
6.56 0.440429852354 0.663628148362 0.336371851638 0.223198296007
6.57 0.440429117995 0.663632636294 0.336367363706 0.223203518299
6.58 0.440428396924 0.663637074325 0.336362925675 0.223208677401
6.59 0.440427688929 0.663641462976 0.336358537024 0.223213774048
6.6 0.440426993801 0.663645802768 0.336354197232 0.223218808967
6.61 0.440426311335 0.663650094213 0.336349905787 0.223223782878
6.62 0.440425641327 0.66365433782 0.33634566218 0.223228696492
6.63 0.440424983579 0.663658534093 0.336341465907 0.223233550513
6.64 0.440424337894 0.66366268353 0.33633731647 0.223238345637
6.65 0.440423704076 0.663666786627 0.336333213373 0.223243082551
6.66 0.440423081937 0.663670843872 0.336329156128 0.223247761935
6.67 0.440422471287 0.663674855749 0.336325144251 0.223252384462
6.68 0.440421871941 0.663678822738 0.336321177262 0.223256950797
6.69 0.440421283717 0.663682745314 0.336317254686 0.223261461597
6.7 0.440420706435 0.663686623948 0.336313376052 0.223265917513
6.71 0.440420139917 0.663690459106 0.336309540894 0.223270319188
6.72 0.44041958399 0.663694251248 0.336305748752 0.223274667258
6.73 0.44041903848 0.663698000831 0.336301999169 0.223278962351
6.74 0.440418503219 0.663701708307 0.336298291693 0.223283205088
6.75 0.44041797804 0.663705374125 0.336294625875 0.223287396084
6.76 0.440417462779 0.663708998727 0.336291001273 0.223291535948
6.77 0.440416957274 0.663712582553 0.336287417447 0.223295625279
6.78 0.440416461364 0.663716126037 0.336283873963 0.223299664673
6.79 0.440415974894 0.663719629609 0.336280370391 0.223303654715
6.8 0.440415497709 0.663723093696 0.336276906304 0.223307595988
6.81 0.440415029655 0.66372651872 0.33627348128 0.223311489064
6.82 0.440414570584 0.663729905097 0.336270094903 0.223315334513
6.83 0.440414120347 0.663733253242 0.336266746758 0.223319132895
6.84 0.440413678798 0.663736563564 0.336263436436 0.223322884766
6.85 0.440413245795 0.663739836469 0.336260163531 0.223326590674
6.86 0.440412821196 0.663743072357 0.336256927643 0.223330251161
6.87 0.440412404862 0.663746271626 0.336253728374 0.223333866764
6.88 0.440411996655 0.66374943467 0.33625056533 0.223337438014
6.89 0.440411596442 0.663752561877 0.336247438123 0.223340965435
6.9 0.440411204089 0.663755653633 0.336244346367 0.223344449544
6.91 0.440410819465 0.663758710321 0.336241289679 0.223347890856
6.92 0.440410442441 0.663761732317 0.336238267683 0.223351289875
6.93 0.440410072891 0.663764719995 0.336235280005 0.223354647104
6.94 0.44040971069 0.663767673727 0.336232326273 0.223357963037
6.95 0.440409355714 0.663770593878 0.336229406122 0.223361238164
6.96 0.440409007842 0.663773480812 0.336226519188 0.22336447297
6.97 0.440408666955 0.663776334887 0.336223665113 0.223367667932
6.98 0.440408332936 0.663779156459 0.336220843541 0.223370823524
6.99 0.440408005668 0.663781945881 0.336218054119 0.223373940213
7.0 0.440407685037 0.6637847035 0.3362152965 0.223377018462
7.01 0.440407370932 0.663787429661 0.336212570339 0.223380058729
7.02 0.440407063243 0.663790124706 0.336209875294 0.223383061464
7.03 0.440406761859 0.663792788973 0.336207211027 0.223386027114
7.04 0.440406466674 0.663795422796 0.336204577204 0.223388956122
7.05 0.440406177583 0.663798026506 0.336201973494 0.223391848923
7.06 0.440405894481 0.663800600431 0.336199399569 0.22339470595
7.07 0.440405617267 0.663803144896 0.336196855104 0.223397527629
7.08 0.44040534584 0.663805660221 0.336194339779 0.223400314381
7.09 0.4404050801 0.663808146725 0.336191853275 0.223403066624
7.1 0.44040481995 0.663810604721 0.336189395279 0.22340578477
7.11 0.440404565295 0.663813034521 0.336186965479 0.223408469227
7.12 0.440404316038 0.663815436434 0.336184563566 0.223411120396
7.13 0.440404072088 0.663817810764 0.336182189236 0.223413738676
7.14 0.440403833352 0.663820157813 0.336179842187 0.223416324461
7.15 0.440403599741 0.66382247788 0.33617752212 0.223418878139
7.16 0.440403371165 0.663824771261 0.336175228739 0.223421400096
7.17 0.440403147537 0.663827038248 0.336172961752 0.223423890711
7.18 0.440402928771 0.66382927913 0.33617072087 0.22342635036
7.19 0.440402714782 0.663831494196 0.336168505804 0.223428779414
7.2 0.440402505486 0.663833683727 0.336166316273 0.223431178241
7.21 0.440402300802 0.663835848006 0.336164151994 0.223433547204
7.22 0.440402100649 0.66383798731 0.33616201269 0.223435886661
7.23 0.440401904947 0.663840101913 0.336159898087 0.223438196966
7.24 0.440401713618 0.663842192089 0.336157807911 0.223440478471
7.25 0.440401526584 0.663844258106 0.336155741894 0.223442731522
7.26 0.44040134377 0.66384630023 0.33615369977 0.22344495646
7.27 0.440401165101 0.663848318727 0.336151681273 0.223447153625
7.28 0.440400990504 0.663850313856 0.336149686144 0.223449323352
7.29 0.440400819906 0.663852285876 0.336147714124 0.22345146597
7.3 0.440400653236 0.663854235043 0.336145764957 0.223453581807
7.31 0.440400490424 0.663856161609 0.336143838391 0.223455671185
7.32 0.440400331401 0.663858065825 0.336141934175 0.223457734424
7.33 0.440400176099 0.663859947939 0.336140052061 0.22345977184
7.34 0.440400024451 0.663861808195 0.336138191805 0.223461783745
7.35 0.440399876391 0.663863646837 0.336136353163 0.223463770446
7.36 0.440399731856 0.663865464104 0.336134535896 0.223465732248
7.37 0.44039959078 0.663867260234 0.336132739766 0.223467669454
7.38 0.440399453102 0.663869035461 0.336130964539 0.223469582359
7.39 0.44039931876 0.663870790019 0.336129209981 0.223471471259
7.4 0.440399187693 0.663872524137 0.336127475863 0.223473336445
7.41 0.440399059841 0.663874238044 0.336125761956 0.223475178203
7.42 0.440398935146 0.663875931964 0.336124068036 0.223476996817
7.43 0.44039881355 0.66387760612 0.33612239388 0.22347879257
7.44 0.440398694997 0.663879260733 0.336120739267 0.223480565737
7.45 0.440398579429 0.663880896021 0.336119103979 0.223482316593
7.46 0.440398466792 0.663882512201 0.336117487799 0.223484045409
7.47 0.440398357032 0.663884109485 0.336115890515 0.223485752453
7.48 0.440398250096 0.663885688085 0.336114311915 0.223487437989
7.49 0.440398145931 0.663887248211 0.336112751789 0.22348910228
7.5 0.440398044485 0.663888790069 0.336111209931 0.223490745584
7.51 0.440397945709 0.663890313864 0.336109686136 0.223492368155
7.52 0.440397849551 0.663891819799 0.336108180201 0.223493970248
7.53 0.440397755963 0.663893308073 0.336106691927 0.22349555211
7.54 0.440397664896 0.663894778886 0.336105221114 0.22349711399
7.55 0.440397576304 0.663896232434 0.336103767566 0.22349865613
7.56 0.440397490139 0.66389766891 0.33610233109 0.223500178772
7.57 0.440397406355 0.663899088508 0.336100911492 0.223501682153
7.58 0.440397324907 0.663900491415 0.336099508585 0.223503166509
7.59 0.44039724575 0.663901877822 0.336098122178 0.223504632072
7.6 0.440397168841 0.663903247913 0.336096752087 0.223506079072
7.61 0.440397094137 0.663904601873 0.336095398127 0.223507507736
7.62 0.440397021595 0.663905939883 0.336094060117 0.223508918288
7.63 0.440396951174 0.663907262124 0.336092737876 0.22351031095
7.64 0.440396882833 0.663908568774 0.336091431226 0.223511685941
7.65 0.440396816531 0.663909860009 0.336090139991 0.223513043478
7.66 0.440396752229 0.663911136004 0.336088863996 0.223514383774
7.67 0.440396689888 0.66391239693 0.33608760307 0.223515707042
7.68 0.44039662947 0.663913642959 0.336086357041 0.223517013489
7.69 0.440396570937 0.663914874259 0.336085125741 0.223518303322
7.7 0.440396514251 0.663916090997 0.336083909003 0.223519576746
7.71 0.440396459377 0.663917293339 0.336082706661 0.223520833962
7.72 0.440396406279 0.663918481447 0.336081518553 0.223522075168
7.73 0.440396354921 0.663919655484 0.336080344516 0.223523300563
7.74 0.440396305269 0.663920815609 0.336079184391 0.22352451034
7.75 0.440396257289 0.663921961981 0.336078038019 0.223525704692
7.76 0.440396210947 0.663923094756 0.336076905244 0.223526883809
7.77 0.44039616621 0.663924214088 0.336075785912 0.223528047878
7.78 0.440396123047 0.663925320131 0.336074679869 0.223529197084
7.79 0.440396081424 0.663926413036 0.336073586964 0.223530331612
7.8 0.440396041312 0.663927492953 0.336072507047 0.223531451642
7.81 0.440396002678 0.663928560031 0.336071439969 0.223532557352
7.82 0.440395965494 0.663929614414 0.336070385586 0.223533648921
7.83 0.440395929729 0.66393065625 0.33606934375 0.223534726521
7.84 0.440395895353 0.663931685681 0.336068314319 0.223535790327
7.85 0.440395862339 0.663932702848 0.336067297152 0.223536840508
7.86 0.440395830659 0.663933707892 0.336066292108 0.223537877234
7.87 0.440395800283 0.663934700953 0.336065299047 0.22353890067
7.88 0.440395771186 0.663935682166 0.336064317834 0.223539910981
7.89 0.440395743339 0.663936651669 0.336063348331 0.223540908329
7.9 0.440395716718 0.663937609594 0.336062390406 0.223541892876
7.91 0.440395691296 0.663938556076 0.336061443924 0.22354286478
7.92 0.440395667047 0.663939491245 0.336060508755 0.223543824197
7.93 0.440395643947 0.663940415231 0.336059584769 0.223544771283
7.94 0.440395621971 0.663941328162 0.336058671838 0.223545706191
7.95 0.440395601095 0.663942230167 0.336057769833 0.223546629072
7.96 0.440395581295 0.66394312137 0.33605687863 0.223547540074
7.97 0.440395562548 0.663944001895 0.336055998105 0.223548439347
7.98 0.440395544831 0.663944871867 0.336055128133 0.223549327036
7.99 0.440395528121 0.663945731405 0.336054268595 0.223550203284
8.0 0.440395512397 0.663946580632 0.336053419368 0.223551068235
8.01 0.440395497636 0.663947419664 0.336052580336 0.223551922028
8.02 0.440395483818 0.663948248621 0.336051751379 0.223552764804
8.03 0.44039547092 0.663949067619 0.336050932381 0.223553596699
8.04 0.440395458924 0.663949876772 0.336050123228 0.223554417848
8.05 0.440395447808 0.663950676194 0.336049323806 0.223555228387
8.06 0.440395437552 0.663951465998 0.336048534002 0.223556028446
8.07 0.440395428138 0.663952246296 0.336047753704 0.223556818158
8.08 0.440395419545 0.663953017196 0.336046982804 0.223557597651
8.09 0.440395411755 0.663953778809 0.336046221191 0.223558367053
8.1 0.44039540475 0.663954531241 0.336045468759 0.223559126491
8.11 0.440395398511 0.663955274599 0.336044725401 0.223559876088
8.12 0.440395393021 0.663956008989 0.336043991011 0.223560615968
8.13 0.440395388262 0.663956734514 0.336043265486 0.223561346252
8.14 0.440395384216 0.663957451278 0.336042548722 0.223562067062
8.15 0.440395380868 0.663958159382 0.336041840618 0.223562778514
8.16 0.440395378199 0.663958858927 0.336041141073 0.223563480728
8.17 0.440395376195 0.663959550012 0.336040449988 0.223564173818
8.18 0.440395374838 0.663960232737 0.336039767263 0.223564857898
8.19 0.440395374114 0.663960907197 0.336039092803 0.223565533083
8.2 0.440395374007 0.66396157349 0.33603842651 0.223566199484
8.21 0.440395374501 0.663962231711 0.336037768289 0.22356685721
8.22 0.440395375582 0.663962881954 0.336037118046 0.223567506372
8.23 0.440395377235 0.663963524312 0.336036475688 0.223568147077
8.24 0.440395379446 0.663964158877 0.336035841123 0.22356877943
8.25 0.440395382201 0.663964785739 0.336035214261 0.223569403538
8.26 0.440395385486 0.66396540499 0.33603459501 0.223570019504
8.27 0.440395389288 0.663966016718 0.336033983282 0.223570627431
8.28 0.440395393592 0.663966621011 0.336033378989 0.223571227419
8.29 0.440395398387 0.663967217956 0.336032782044 0.223571819569
8.3 0.440395403659 0.663967807639 0.336032192361 0.223572403981
8.31 0.440395409395 0.663968390145 0.336031609855 0.22357298075
8.32 0.440395415584 0.663968965559 0.336031034441 0.223573549974
8.33 0.440395422214 0.663969533963 0.336030466037 0.223574111749
8.34 0.440395429272 0.66397009544 0.33602990456 0.223574666168
8.35 0.440395436746 0.66397065007 0.33602934993 0.223575213324
8.36 0.440395444626 0.663971197936 0.336028802064 0.223575753309
8.37 0.4403954529 0.663971739115 0.336028260885 0.223576286215
8.38 0.440395461557 0.663972273686 0.336027726314 0.223576812129
8.39 0.440395470587 0.663972801728 0.336027198272 0.223577331141
8.4 0.440395479978 0.663973323317 0.336026676683 0.223577843339
8.41 0.440395489721 0.66397383853 0.33602616147 0.223578348809
8.42 0.440395499805 0.66397434744 0.33602565256 0.223578847635
8.43 0.44039551022 0.663974850123 0.336025149877 0.223579339903
8.44 0.440395520956 0.663975346652 0.336024653348 0.223579825695
8.45 0.440395532004 0.663975837099 0.336024162901 0.223580305095
8.46 0.440395543355 0.663976321536 0.336023678464 0.223580778181
8.47 0.440395554999 0.663976800035 0.336023199965 0.223581245037
8.48 0.440395566927 0.663977272666 0.336022727334 0.223581705739
8.49 0.44039557913 0.663977739497 0.336022260503 0.223582160367
8.5 0.440395591599 0.663978200597 0.336021799403 0.223582608998
8.51 0.440395604327 0.663978656035 0.336021343965 0.223583051708
8.52 0.440395617304 0.663979105877 0.336020894123 0.223583488573
8.53 0.440395630523 0.663979550189 0.336020449811 0.223583919667
8.54 0.440395643975 0.663979989038 0.336020010962 0.223584345063
8.55 0.440395657652 0.663980422487 0.336019577513 0.223584764835
8.56 0.440395671548 0.663980850602 0.336019149398 0.223585179054
8.57 0.440395685654 0.663981273444 0.336018726556 0.22358558779
8.58 0.440395699962 0.663981691077 0.336018308923 0.223585991115
8.59 0.440395714466 0.663982103563 0.336017896437 0.223586389097
8.6 0.440395729159 0.663982510963 0.336017489037 0.223586781804
8.61 0.440395744033 0.663982913337 0.336017086663 0.223587169304
8.62 0.440395759082 0.663983310745 0.336016689255 0.223587551663
8.63 0.440395774299 0.663983703246 0.336016296754 0.223587928947
8.64 0.440395789677 0.663984090899 0.336015909101 0.223588301222
8.65 0.440395805211 0.663984473761 0.336015526239 0.22358866855
8.66 0.440395820893 0.66398485189 0.33601514811 0.223589030997
8.67 0.440395836718 0.663985225341 0.336014774659 0.223589388623
8.68 0.440395852679 0.663985594172 0.336014405828 0.223589741492
8.69 0.440395868772 0.663985958436 0.336014041564 0.223590089664
8.7 0.440395884989 0.663986318188 0.336013681812 0.223590433199
8.71 0.440395901326 0.663986673483 0.336013326517 0.223590772158
8.72 0.440395917776 0.663987024374 0.336012975626 0.223591106598
8.73 0.440395934335 0.663987370913 0.336012629087 0.223591436578
8.74 0.440395950997 0.663987713152 0.336012286848 0.223591762155
8.75 0.440395967757 0.663988051142 0.336011948858 0.223592083386
8.76 0.440395984609 0.663988384936 0.336011615064 0.223592400327
8.77 0.44039600155 0.663988714582 0.336011285418 0.223592713032
8.78 0.440396018574 0.663989040131 0.336010959869 0.223593021558
8.79 0.440396035676 0.663989361632 0.336010638368 0.223593325957
8.8 0.440396052852 0.663989679134 0.336010320866 0.223593626282
8.81 0.440396070096 0.663989992683 0.336010007317 0.223593922587
8.82 0.440396087406 0.663990302329 0.336009697671 0.223594214923
8.83 0.440396104776 0.663990608117 0.336009391883 0.223594503341
8.84 0.440396122202 0.663990910094 0.336009089906 0.223594787892
8.85 0.44039613968 0.663991208307 0.336008791693 0.223595068626
8.86 0.440396157207 0.663991502799 0.336008497201 0.223595345593
8.87 0.440396174777 0.663991793617 0.336008206383 0.22359561884
8.88 0.440396192387 0.663992080804 0.336007919196 0.223595888417
8.89 0.440396210033 0.663992364404 0.336007635596 0.22359615437
8.9 0.440396227713 0.66399264446 0.33600735554 0.223596416747
8.91 0.440396245421 0.663992921015 0.336007078985 0.223596675594
8.92 0.440396263155 0.663993194111 0.336006805889 0.223596930956
8.93 0.440396280911 0.663993463791 0.336006536209 0.22359718288
8.94 0.440396298685 0.663993730094 0.336006269906 0.223597431409
8.95 0.440396316475 0.663993993063 0.336006006937 0.223597676587
8.96 0.440396334278 0.663994252737 0.336005747263 0.223597918459
8.97 0.440396352089 0.663994509156 0.336005490844 0.223598157067
8.98 0.440396369907 0.66399476236 0.33600523764 0.223598392453
8.99 0.440396387727 0.663995012387 0.336004987613 0.22359862466
9.0 0.440396405548 0.663995259277 0.336004740723 0.223598853728
9.01 0.440396423366 0.663995503066 0.336004496934 0.2235990797
9.02 0.440396441179 0.663995743793 0.336004256207 0.223599302614
9.03 0.440396458984 0.663995981494 0.336004018506 0.22359952251
9.04 0.440396476778 0.663996216207 0.336003783793 0.223599739429
9.05 0.440396494558 0.663996447968 0.336003552032 0.223599953409
9.06 0.440396512323 0.663996676812 0.336003323188 0.223600164489
9.07 0.44039653007 0.663996902775 0.336003097225 0.223600372705
9.08 0.440396547796 0.663997125892 0.336002874108 0.223600578096
9.09 0.4403965655 0.663997346198 0.336002653802 0.223600780698
9.1 0.440396583178 0.663997563726 0.336002436274 0.223600980548
9.11 0.440396600829 0.663997778512 0.336002221488 0.223601177683
9.12 0.440396618451 0.663997990587 0.336002009413 0.223601372136
9.13 0.440396636041 0.663998199985 0.336001800015 0.223601563944
9.14 0.440396653597 0.663998406739 0.336001593261 0.223601753142
9.15 0.440396671118 0.66399861088 0.33600138912 0.223601939762
9.16 0.440396688602 0.663998812442 0.336001187558 0.22360212384
9.17 0.440396706046 0.663999011454 0.336000988546 0.223602305408
9.18 0.44039672345 0.663999207949 0.336000792051 0.2236024845
9.19 0.44039674081 0.663999401958 0.336000598042 0.223602661147
9.2 0.440396758127 0.663999593509 0.336000406491 0.223602835383
9.21 0.440396775397 0.663999782635 0.336000217365 0.223603007238
9.22 0.440396792619 0.663999969363 0.336000030637 0.223603176744
9.23 0.440396809792 0.664000153724 0.335999846276 0.223603343932
9.24 0.440396826914 0.664000335747 0.335999664253 0.223603508832
9.25 0.440396843984 0.664000515459 0.335999484541 0.223603671475
9.26 0.440396861 0.66400069289 0.33599930711 0.22360383189
9.27 0.440396877961 0.664000868068 0.335999131932 0.223603990107
9.28 0.440396894866 0.66400104102 0.33599895898 0.223604146154
9.29 0.440396911713 0.664001211773 0.335998788227 0.22360430006
9.3 0.440396928501 0.664001380355 0.335998619645 0.223604451853
9.31 0.440396945229 0.664001546791 0.335998453209 0.223604601562
9.32 0.440396961896 0.664001711109 0.335998288891 0.223604749214
9.33 0.4403969785 0.664001873335 0.335998126665 0.223604894835
9.34 0.440396995041 0.664002033494 0.335997966506 0.223605038453
9.35 0.440397011516 0.664002191611 0.335997808389 0.223605180095
9.36 0.440397027927 0.664002347712 0.335997652288 0.223605319786
9.37 0.44039704427 0.664002501822 0.335997498178 0.223605457552
9.38 0.440397060546 0.664002653965 0.335997346035 0.223605593419
9.39 0.440397076754 0.664002804165 0.335997195835 0.223605727411
9.4 0.440397092892 0.664002952447 0.335997047553 0.223605859555
9.41 0.44039710896 0.664003098833 0.335996901167 0.223605989874
9.42 0.440397124957 0.664003243348 0.335996756652 0.223606118392
9.43 0.440397140882 0.664003386015 0.335996613985 0.223606245133
9.44 0.440397156734 0.664003526856 0.335996473144 0.223606370122
9.45 0.440397172513 0.664003665893 0.335996334107 0.223606493381
9.46 0.440397188218 0.66400380315 0.33599619685 0.223606614933
9.47 0.440397203848 0.664003938648 0.335996061352 0.2236067348
9.48 0.440397219403 0.664004072409 0.335995927591 0.223606853007
9.49 0.440397234882 0.664004204455 0.335995795545 0.223606969573
9.5 0.440397250284 0.664004334806 0.335995665194 0.223607084522
9.51 0.440397265609 0.664004463484 0.335995536516 0.223607197875
9.52 0.440397280857 0.66400459051 0.33599540949 0.223607309653
9.53 0.440397296026 0.664004715903 0.335995284097 0.223607419877
9.54 0.440397311117 0.664004839685 0.335995160315 0.223607528568
9.55 0.440397326128 0.664004961875 0.335995038125 0.223607635746
9.56 0.44039734106 0.664005082492 0.335994917508 0.223607741432
9.57 0.440397355912 0.664005201558 0.335994798442 0.223607845645
9.58 0.440397370684 0.66400531909 0.33599468091 0.223607948406
9.59 0.440397385375 0.664005435108 0.335994564892 0.223608049733
9.6 0.440397399985 0.664005549631 0.335994450369 0.223608149646
9.61 0.440397414514 0.664005662677 0.335994337323 0.223608248163
9.62 0.440397428961 0.664005774265 0.335994225735 0.223608345304
9.63 0.440397443326 0.664005884413 0.335994115587 0.223608441087
9.64 0.440397457609 0.664005993139 0.335994006861 0.22360853553
9.65 0.440397471809 0.66400610046 0.33599389954 0.223608628651
9.66 0.440397485927 0.664006206394 0.335993793606 0.223608720468
9.67 0.440397499961 0.664006310959 0.335993689041 0.223608810998
9.68 0.440397513913 0.664006414171 0.335993585829 0.223608900258
9.69 0.440397527781 0.664006516048 0.335993483952 0.223608988266
9.7 0.440397541566 0.664006616605 0.335993383395 0.223609075039
9.71 0.440397555268 0.664006715861 0.335993284139 0.223609160593
9.72 0.440397568885 0.66400681383 0.33599318617 0.223609244944
9.73 0.440397582419 0.664006910529 0.335993089471 0.223609328109
9.74 0.44039759587 0.664007005974 0.335992994026 0.223609410104
9.75 0.440397609236 0.66400710018 0.33599289982 0.223609490944
9.76 0.440397622518 0.664007193164 0.335992806836 0.223609570646
9.77 0.440397635716 0.66400728494 0.33599271506 0.223609649223
9.78 0.440397648831 0.664007375523 0.335992624477 0.223609726693
9.79 0.440397661861 0.664007464929 0.335992535071 0.223609803069
9.8 0.440397674807 0.664007553173 0.335992446827 0.223609878366
9.81 0.440397687669 0.664007640268 0.335992359732 0.223609952599
9.82 0.440397700447 0.664007726229 0.335992273771 0.223610025783
9.83 0.440397713141 0.664007811072 0.335992188928 0.223610097931
9.84 0.440397725751 0.664007894808 0.335992105192 0.223610169057
9.85 0.440397738277 0.664007977454 0.335992022546 0.223610239176
9.86 0.44039775072 0.664008059021 0.335991940979 0.223610308301
9.87 0.440397763078 0.664008139525 0.335991860475 0.223610376446
9.88 0.440397775354 0.664008218977 0.335991781023 0.223610443624
9.89 0.440397787545 0.664008297392 0.335991702608 0.223610509847
9.9 0.440397799654 0.664008374783 0.335991625217 0.223610575129
9.91 0.440397811679 0.664008451162 0.335991548838 0.223610639484
9.92 0.440397823621 0.664008526543 0.335991473457 0.223610702922
9.93 0.44039783548 0.664008600937 0.335991399063 0.223610765457
9.94 0.440397847256 0.664008674358 0.335991325642 0.223610827102
9.95 0.44039785895 0.664008746817 0.335991253183 0.223610887867
9.96 0.440397870561 0.664008818327 0.335991181673 0.223610947766
9.97 0.44039788209 0.6640088889 0.3359911111 0.22361100681
9.98 0.440397893536 0.664008958547 0.335991041453 0.223611065011
9.99 0.440397904901 0.664009027281 0.335990972719 0.223611122379
10.0 0.440397916185 0.664009095113 0.335990904887 0.223611178928
