0 1.0 1.0 0.0 0.0
0.01 0.990144999237 0.990624002803 0.00937599719654 0.000479003566763
0.02 0.98056120762 0.982398121199 0.0176018788014 0.00183691357873
0.03 0.971223016214 0.975188563347 0.024811436653 0.00396554713295
0.04 0.962107890741 0.96887719203 0.0311228079701 0.00676930128861
0.05 0.95319598835 0.963359670648 0.0366403293524 0.0101636822971
0.06 0.944469823916 0.958543832725 0.0414561672749 0.0140740088094
0.07 0.935913979112 0.954348247238 0.0456517527622 0.0184342681261
0.08 0.927514848504 0.950700955646 0.0492990443537 0.0231861071423
0.09 0.919260417728 0.947538359618 0.052461640382 0.0282779418905
0.1 0.911140069525 0.944804241076 0.0551957589237 0.0336641715515
0.11 0.903144414007 0.942448898529 0.0575511014712 0.0393044845219
0.12 0.895265140005 0.940428385632 0.0595716143682 0.0451632456272
0.13 0.887494884803 0.938703839689 0.0612961603114 0.0512089548853
0.14 0.879827119919 0.937240889297 0.0627591107027 0.0574137693787
0.15 0.872256050883 0.936009131687 0.0639908683127 0.0637530808041
0.16 0.864776529283 0.934981671437 0.0650183285633 0.0702051421534
0.17 0.857383975511 0.934134713273 0.0658652867266 0.0767507377622
0.18 0.850074310902 0.933447202547 0.0665527974534 0.0833728916449
0.19 0.842843898088 0.932900507725 0.0670994922751 0.0900566096365
0.2 0.835689488568 0.932478139961 0.0675218600389 0.0967886513929
0.21 0.828608176586 0.932165505352 0.0678344946485 0.103557328765
0.22 0.821597358568 0.931949686045 0.0680503139553 0.110352327477
0.23 0.814654697422 0.93181924681 0.0681807531896 0.117164549389
0.24 0.807778091121 0.931764064081 0.0682359359186 0.123985972961
0.25 0.800965645041 0.931775174838 0.0682248251615 0.130809529797
0.26 0.794215647605 0.931844643015 0.0681553569852 0.13762899541
0.27 0.787526548827 0.931965441376 0.0680345586238 0.144438892549
0.28 0.780896941421 0.93213134707 0.0678686529303 0.151234405649
0.29 0.774325544142 0.932336849249 0.0676631507512 0.158011305106
0.3 0.767811187124 0.932577067369 0.0674229326308 0.164765880245
0.31 0.761352798938 0.932847678915 0.0671523210853 0.171494879977
0.32 0.754949395201 0.933144855457 0.0668551445426 0.178195460256
0.33 0.748600068522 0.933465206085 0.0665347939146 0.184865137563
0.34 0.742303979641 0.933805727344 0.0661942726559 0.191501747703
0.35 0.736060349615 0.934163758936 0.065836241064 0.198103409321
0.36 0.729868452927 0.934536944513 0.0654630554869 0.204668491587
0.37 0.723727611404 0.934923196973 0.0650768030266 0.211195585569
0.38 0.717637188857 0.93532066774 0.0646793322599 0.217683478883
0.39 0.711596586348 0.935727719565 0.0642722804352 0.224131133217
0.4 0.705605238012 0.936142902448 0.063857097552 0.230537664436
0.41 0.699662607376 0.936564932317 0.0634350676828 0.236902324941
0.42 0.693768184107 0.936992672146 0.0630073278543 0.243224488039
0.43 0.68792148114 0.937425115231 0.0625748847691 0.249503634091
0.44 0.682122032144 0.937861370384 0.0621386296164 0.255739338239
0.45 0.676369389288 0.938300648809 0.0616993511912 0.26193125952
0.46 0.670663121264 0.938742252485 0.061257747515 0.268079131221
0.47 0.665002811543 0.939185563867 0.0608144361325 0.274182752325
0.48 0.659388056835 0.939630036766 0.0603699632336 0.280241979931
0.49 0.653818465732 0.940075188264 0.0599248117365 0.286256722532
0.5 0.648293657503 0.94052059155 0.0594794084504 0.292226934047
0.51 0.642813261034 0.940965869576 0.0590341304242 0.298152608542
0.52 0.637376913893 0.941410689428 0.0585893105724 0.304033775534
0.53 0.6319842615 0.941854757338 0.0581452426623 0.309870495838
0.54 0.626634956394 0.942297814265 0.0577021857349 0.315662857871
0.55 0.621328657589 0.942739631976 0.0572603680244 0.321410974387
0.56 0.616065030002 0.943180009568 0.0568199904324 0.327114979566
0.57 0.610843743947 0.94361877039 0.0563812296096 0.332775026443
0.58 0.605664474691 0.944055759312 0.0559442406877 0.338391284621
0.59 0.600526902056 0.944490840298 0.055509159702 0.343963938242
0.6 0.595430710072 0.944923894259 0.0550761057411 0.349493184187
0.61 0.590375586669 0.945354817148 0.0546451828518 0.354979230479
0.62 0.585361223404 0.945783518269 0.0542164817309 0.360422294865
0.63 0.580387315219 0.946209918776 0.0537900812244 0.365822603557
0.64 0.575453560226 0.946633950342 0.0533660496585 0.371180390115
0.65 0.570559659523 0.94705555398 0.0529444460201 0.376495894457
0.66 0.565705317021 0.947474678995 0.0525253210048 0.381769361974
0.67 0.560890239299 0.947891282054 0.0521087179464 0.387001042755
0.68 0.556114135473 0.948305326358 0.0516946736422 0.392191190885
0.69 0.551376717079 0.948716780915 0.0512832190854 0.397340063835
0.7 0.546677697971 0.949125619885 0.0508743801152 0.402447921914
0.71 0.542016794228 0.949531822006 0.0504681779944 0.407515027777
0.72 0.537393724076 0.949935370079 0.050064629921 0.412541646003
0.73 0.532808207812 0.950336250516 0.0496637494843 0.417528042704
0.74 0.528259967745 0.950734452932 0.0492655470683 0.422474485187
0.75 0.523748728135 0.951129969789 0.0488700302106 0.427381241655
0.76 0.519274215146 0.951522796078 0.0484772039216 0.432248580932
0.77 0.514836156799 0.951912929033 0.0480870709672 0.437076772233
0.78 0.510434282934 0.952300367879 0.0476996321209 0.441866084945
0.79 0.50606832517 0.952685113613 0.0473148863868 0.446616788443
0.8 0.501738016879 0.953067168801 0.0469328311987 0.451329151922
0.81 0.497443093154 0.953446537403 0.0465534625966 0.45600344425
0.82 0.493183290782 0.953823224617 0.0461767753835 0.460639933834
0.83 0.488958348226 0.954197236735 0.045802763265 0.465238888509
0.84 0.484768005599 0.954568581027 0.0454314189735 0.469800575427
0.85 0.480612004649 0.954937265622 0.0450627343785 0.474325260972
0.86 0.476490088741 0.955303299415 0.0446967005848 0.478813210674
0.87 0.472402002839 0.95566669198 0.0443333080199 0.483264689141
0.88 0.468347493497 0.956027453488 0.0439725465115 0.487679959991
0.89 0.464326308844 0.956385594643 0.0436144053571 0.492059285799
0.9 0.46033819857 0.956741126615 0.043258873385 0.496402928045
0.91 0.456382913918 0.95709406099 0.0429059390098 0.500711147072
0.92 0.452460207674 0.957444409719 0.0425555902809 0.504984202045
0.93 0.448569834157 0.957792185074 0.042207814926 0.509222350917
0.94 0.44471154921 0.95813739961 0.0418626003903 0.5134258504
0.95 0.440885110192 0.958480066129 0.0415199338707 0.517594955938
0.96 0.437090275971 0.958820197653 0.0411798023466 0.521729921683
0.97 0.433326806917 0.959157807392 0.040842192608 0.525831000475
0.98 0.429594464894 0.95949290872 0.0405070912795 0.529898443826
0.99 0.425893013255 0.959825515157 0.0401744848428 0.533932501902
1.0 0.422222216833 0.960155640344 0.0398443596556 0.537933423511
1.01 0.418581841939 0.96048329803 0.03951670197 0.541901456091
1.02 0.414971656351 0.960808502052 0.0391914979476 0.545836845701
1.03 0.411391429313 0.961131266326 0.0388687336737 0.549739837013
1.04 0.407840931528 0.96145160483 0.03854839517 0.553610673302
1.05 0.404319935149 0.961769531594 0.0382304684058 0.557449596445
1.06 0.400828213779 0.962085060692 0.0379149393081 0.561256846913
1.07 0.397365542463 0.962398206229 0.0376017937707 0.565032663766
1.08 0.393931697683 0.962708982338 0.0372910176623 0.568777284655
1.09 0.390526457351 0.963017403166 0.0369825968342 0.572490945814
1.1 0.387149600808 0.963323482874 0.0366765171263 0.576173882065
1.11 0.383800908815 0.963627235626 0.0363727643736 0.579826326811
1.12 0.380480163549 0.963928675589 0.0360713244114 0.583448512039
1.13 0.377187148599 0.96422781692 0.0357721830799 0.587040668321
1.14 0.37392164896 0.964524673771 0.0354753262291 0.590603024811
1.15 0.370683451027 0.964819260278 0.0351807397223 0.594135809251
1.16 0.367472342591 0.96511159056 0.0348884094401 0.597639247968
1.17 0.364288112835 0.965401678717 0.0345983212835 0.601113565882
1.18 0.361130552324 0.965689538823 0.0343104611766 0.604558986499
1.19 0.357999453007 0.96597518493 0.0340248150699 0.607975731923
1.2 0.354894608206 0.966258631058 0.0337413689424 0.611364022851
1.21 0.351815812613 0.966539891196 0.033460108804 0.614724078583
1.22 0.348762862284 0.966818979303 0.0331810206973 0.618056117018
1.23 0.345735554635 0.9670959093 0.0329040907001 0.621360354664
1.24 0.342733688436 0.967370695073 0.0326293049266 0.624637006637
1.25 0.339757063804 0.967643350471 0.032356649529 0.627886286667
1.26 0.3368054822 0.9679138893 0.0320861106996 0.6311084071
1.27 0.333878746423 0.968182325328 0.0318176746716 0.634303578905
1.28 0.330976660604 0.96844867228 0.0315513277203 0.637472011675
1.29 0.328099030201 0.968712943835 0.0312870561648 0.640613913634
1.3 0.325245661993 0.968975153631 0.0310248463688 0.643729491638
1.31 0.322416364074 0.969235315258 0.0307646847416 0.646818951184
1.32 0.319610945849 0.969493442261 0.030506557739 0.649882496412
1.33 0.316829218028 0.969749548136 0.0302504518644 0.652920330107
1.34 0.314070992619 0.970003646331 0.0299963536694 0.655932653712
1.35 0.311336082924 0.970255750245 0.0297442497548 0.658919667322
1.36 0.308624303531 0.970505873229 0.0294941267712 0.661881569698
1.37 0.305935470313 0.97075402858 0.0292459714196 0.664818558267
1.38 0.303269400416 0.971000229548 0.0289997704525 0.667730829132
1.39 0.300625912258 0.971244489326 0.0287555106737 0.670618577068
1.4 0.298004825522 0.97148682106 0.0285131789397 0.673481995538
1.41 0.295405961149 0.97172723784 0.0282727621598 0.676321276692
1.42 0.292829141332 0.971965752703 0.0280342472965 0.679136611371
1.43 0.290274189514 0.972202378633 0.0277976213666 0.681928189119
1.44 0.287740930377 0.972437128559 0.0275628714409 0.684696198182
1.45 0.28522918984 0.972670015355 0.0273299846451 0.687440825515
1.46 0.282738795049 0.97290105184 0.0270989481602 0.690162256791
1.47 0.280269574375 0.973130250778 0.0268697492225 0.692860676402
1.48 0.277821357409 0.973357624875 0.0266423751245 0.695536267467
1.49 0.275393974948 0.973583186785 0.0264168132151 0.698189211837
1.5 0.272987259001 0.9738069491 0.0261930508995 0.7008196901
1.51 0.270601042772 0.97402892436 0.0259710756402 0.703427881588
1.52 0.26823516066 0.974249125043 0.0257508749567 0.706013964383
1.53 0.265889448253 0.974467563574 0.0255324364262 0.708578115321
1.54 0.263563742319 0.974684252316 0.0253157476836 0.711120509998
1.55 0.261257880802 0.974899203578 0.0251007964219 0.713641322777
1.56 0.258971702815 0.975112429608 0.0248875703924 0.716140726793
1.57 0.256705048636 0.975323942595 0.024676057405 0.718618893959
1.58 0.254457759698 0.975533754672 0.0244662453282 0.721075994974
1.59 0.252229678588 0.97574187791 0.0242581220895 0.723512199322
1.6 0.250020649036 0.975948324324 0.0240516756756 0.725927675288
1.61 0.247830515912 0.976153105868 0.0238468941323 0.728322589956
1.62 0.245659125218 0.976356234435 0.023643765565 0.730697109217
1.63 0.243506324085 0.976557721861 0.0234422781388 0.733051397776
1.64 0.241371960763 0.976757579922 0.0232424200784 0.735385619159
1.65 0.239255884616 0.976955820332 0.0230441796684 0.737699935716
1.66 0.237157946118 0.977152454746 0.0228475452537 0.739994508628
1.67 0.235077996846 0.977347494761 0.0226525052389 0.742269497916
1.68 0.23301588947 0.977540951911 0.022459048089 0.74452506244
1.69 0.230971477755 0.97773283767 0.0222671623296 0.746761359915
1.7 0.228944616546 0.977923163454 0.0220768365464 0.748978546908
1.71 0.226935161767 0.978111940614 0.0218880593855 0.751176778848
1.72 0.224942970415 0.978299180446 0.0217008195539 0.753356210031
1.73 0.222967900551 0.978484894181 0.0215151058189 0.75551699363
1.74 0.221009811296 0.978669092991 0.0213309070087 0.757659281695
1.75 0.219068562827 0.978851787988 0.0211482120121 0.759783225161
1.76 0.217144016364 0.979032990222 0.0209670097784 0.761888973858
1.77 0.215236034171 0.979212710682 0.0207872893182 0.763976676511
1.78 0.213344479546 0.979390960298 0.0206090397022 0.766046480752
1.79 0.211469216818 0.979567749937 0.0204322500626 0.76809853312
1.8 0.209610111337 0.979743090408 0.0202569095917 0.770132979072
1.81 0.20776702947 0.979916992457 0.0200830075432 0.772149962987
1.82 0.205939838596 0.980089466769 0.0199105332311 0.774149628173
1.83 0.204128407097 0.98026052397 0.0197394760304 0.776132116872
1.84 0.202332604357 0.980430174623 0.0195698253768 0.778097570266
1.85 0.200552300749 0.980598429233 0.0194015707667 0.780046128484
1.86 0.198787367635 0.980765298243 0.019234701757 0.781977930608
1.87 0.197037677357 0.980930792035 0.0190692079654 0.783893114678
1.88 0.195303103231 0.98109492093 0.0189050790702 0.785791817699
1.89 0.193583519542 0.98125769519 0.01874230481 0.787674175648
1.9 0.191878801539 0.981419125016 0.018580874984 0.789540323477
1.91 0.190188825426 0.981579220548 0.0184207794518 0.791390395123
1.92 0.188513468358 0.981737991867 0.018262008133 0.793224523509
1.93 0.186852608435 0.981895448992 0.0181045510079 0.795042840557
1.94 0.185206124697 0.982051601883 0.0179483981166 0.796845477187
1.95 0.183573897115 0.982206460441 0.0177935395592 0.798632563326
1.96 0.181955806587 0.982360034504 0.017639965496 0.800404227916
1.97 0.180351734936 0.982512333853 0.017487666147 0.802160598917
1.98 0.178761564894 0.982663368208 0.0173366317919 0.803901803314
1.99 0.177185180108 0.98281314723 0.0171868527701 0.805627967121
2.0 0.175622465126 0.98296168052 0.0170383194804 0.807339215393
2.01 0.174073305394 0.983108977619 0.0168910223812 0.809035672225
2.02 0.172537587249 0.98325504801 0.0167449519899 0.810717460761
2.03 0.171015197916 0.983399901117 0.0166000988832 0.8123847032
2.04 0.1695060255 0.983543546303 0.0164564536968 0.814037520803
2.05 0.16800995898 0.983685992875 0.0163140071251 0.815676033895
2.06 0.166526888204 0.983827250079 0.0161727499215 0.817300361875
2.07 0.165056703883 0.983967327102 0.0160326728976 0.81891062322
2.08 0.163599297586 0.984106233076 0.0158937669238 0.82050693549
2.09 0.162154561734 0.984243977072 0.0157560229284 0.822089415338
2.1 0.160722389593 0.984380568102 0.0156194318981 0.823658178509
2.11 0.15930267527 0.984516015123 0.0154839848774 0.825213339852
2.12 0.157895313709 0.984650327031 0.0153496729685 0.826755013323
2.13 0.156500200679 0.984783512669 0.0152164873314 0.828283311989
2.14 0.155117232777 0.984915580817 0.0150844191834 0.82979834804
2.15 0.153746307415 0.985046540201 0.0149534597991 0.831300232786
2.16 0.15238732282 0.98517639949 0.0148236005101 0.83278907667
2.17 0.151040178023 0.985305167295 0.0146948327051 0.834264989272
2.18 0.149704772861 0.985432852171 0.0145671478291 0.83572807931
2.19 0.148381007963 0.985559462616 0.0144405373842 0.837178454653
2.2 0.147068784751 0.985685007072 0.0143149929282 0.838616222321
2.21 0.145768005432 0.985809493924 0.0141905060756 0.840041488493
2.22 0.144478572991 0.985932931504 0.0140670684964 0.841454358512
2.23 0.143200391191 0.986055328083 0.0139446719167 0.842854936893
2.24 0.14193336456 0.986176691882 0.0138233081177 0.844243327322
2.25 0.140677398393 0.986297031064 0.0137029689364 0.845619632671
2.26 0.139432398741 0.986416353735 0.0135836462645 0.846983954994
2.27 0.138198272411 0.986534667951 0.013465332049 0.84833639554
2.28 0.136974926955 0.986651981709 0.0133480182913 0.849677054753
2.29 0.13576227067 0.986768302953 0.0132316970475 0.851006032283
2.3 0.134560212588 0.986883639572 0.0131163604277 0.852323426984
2.31 0.133368662475 0.986997999404 0.0130020005963 0.853629336928
2.32 0.132187530824 0.987111390229 0.0128886097714 0.854923859404
2.33 0.131016728849 0.987223819775 0.0127761802249 0.856207090926
2.34 0.129856168481 0.987335295718 0.0126647042818 0.857479127237
2.35 0.128705762364 0.98744582568 0.0125541743204 0.858740063316
2.36 0.127565423846 0.987555417228 0.012444582772 0.859989993382
2.37 0.126435066979 0.98766407788 0.0123359221205 0.861229010901
2.38 0.12531460651 0.987771815098 0.0122281849023 0.862457208588
2.39 0.124203957878 0.987878636294 0.012121363706 0.863674678416
2.4 0.123103037209 0.987984548828 0.0120154511722 0.864881511618
2.41 0.122011761311 0.988089560006 0.0119104399935 0.866077798696
2.42 0.120930047665 0.988193677086 0.0118063229137 0.867263629421
2.43 0.11985781443 0.988296907272 0.0117030927281 0.868439092842
2.44 0.118794980425 0.988399257717 0.0116007422829 0.869604277292
2.45 0.117741465137 0.988500735525 0.0114992644753 0.870759270387
2.46 0.116697188707 0.988601347747 0.011398652253 0.87190415904
2.47 0.115662071928 0.988701101386 0.011298898614 0.873039029458
2.48 0.114636036243 0.988800003394 0.0111999966063 0.874163967151
2.49 0.113619003735 0.988898060672 0.011101939328 0.875279056937
2.5 0.112610897127 0.988995280073 0.0110047199265 0.876384382946
2.51 0.111611639776 0.989091668401 0.0109083315988 0.877480028626
2.52 0.110621155665 0.989187232409 0.0108127675909 0.878566076744
2.53 0.109639369404 0.989281978802 0.0107180211976 0.879642609398
2.54 0.108666206222 0.989375914238 0.0106240857624 0.880709708016
2.55 0.10770159196 0.989469045323 0.0105309546771 0.881767453363
2.56 0.106745453074 0.989561378618 0.0104386213816 0.882815925545
2.57 0.105797716621 0.989652920636 0.0103470793638 0.883855204015
2.58 0.104858310263 0.989743677841 0.010256322159 0.884885367578
2.59 0.103927162256 0.98983365665 0.01016634335 0.885906494394
2.6 0.10300420145 0.989922863433 0.0100771365667 0.886918661983
2.61 0.102089357283 0.990011304514 0.0099886954857 0.887921947231
2.62 0.101182559775 0.99009898617 0.00990101383038 0.888916426395
2.63 0.100283739526 0.99018591463 0.00981408537039 0.889902175104
2.64 0.0993928277092 0.990272096079 0.00972790392147 0.890879268369
2.65 0.0985097560704 0.990357536655 0.00964246334521 0.891847780584
2.66 0.0976344569198 0.990442242451 0.00955775754879 0.892807785531
2.67 0.0967668631297 0.990526219515 0.00947378048469 0.893759356386
2.68 0.0959069081298 0.990609473849 0.00939052615052 0.89470256572
2.69 0.0950545259029 0.990692011411 0.00930798858867 0.895637485508
2.7 0.0942096509809 0.990773838114 0.00922616188612 0.896564187133
2.71 0.0933722184402 0.990854959826 0.00914504017415 0.897482741386
2.72 0.0925421638982 0.990935382372 0.00906461762812 0.898393218474
2.73 0.0917194235085 0.991015111533 0.00898488846718 0.899295688024
2.74 0.090903933957 0.991094153046 0.00890584695404 0.900190219089
2.75 0.0900956324581 0.991172512605 0.0088274873947 0.901076880147
2.76 0.0892944567502 0.991250195862 0.00874980413822 0.901955739112
2.77 0.0885003450919 0.991327208424 0.00867279157643 0.902826863332
2.78 0.0877132362582 0.991403555856 0.00859644414372 0.903690319598
2.79 0.0869330695358 0.991479243683 0.00852075631674 0.904546174147
2.8 0.08615978472 0.991554277386 0.00844572261418 0.905394492666
2.81 0.0853933221101 0.991628662403 0.00837133759652 0.906235340293
2.82 0.084633622506 0.991702404134 0.00829759586575 0.907068781628
2.83 0.0838806272038 0.991775507935 0.00822449206513 0.907894880731
2.84 0.0831342779924 0.991847979121 0.00815202087896 0.908713701129
2.85 0.0823945171493 0.991919822968 0.00808017703228 0.909525305818
2.86 0.0816612874371 0.991991044709 0.00800895529068 0.910329757272
2.87 0.0809345320995 0.99206164954 0.00793835046 0.91112711744
2.88 0.0802141948576 0.992131642614 0.00786835738611 0.911917447756
2.89 0.0795002199061 0.992201029045 0.00779897095462 0.912700809139
2.9 0.0787925519097 0.992269813909 0.00773018609069 0.913477262
2.91 0.0780911359992 0.992338002241 0.00766199775873 0.914246866242
2.92 0.0773959177684 0.992405599038 0.00759440096219 0.915009681269
2.93 0.0767068432695 0.992472609257 0.00752739074328 0.915765765987
2.94 0.0760238590104 0.992539037817 0.00746096218274 0.916515178807
2.95 0.0753469119506 0.9926048896 0.00739511039959 0.91725797765
2.96 0.0746759494977 0.992670169449 0.00732983055088 0.917994219951
2.97 0.074010919504 0.992734882169 0.00726511783147 0.918723962665
2.98 0.073351770263 0.992799032526 0.00720096747375 0.919447262263
2.99 0.0726984505055 0.992862625253 0.0071373747474 0.920164174747
3.0 0.0720509093966 0.992925665041 0.00707433495917 0.920874755644
3.01 0.0714090965322 0.992988156547 0.00701184345265 0.921579060015
3.02 0.0707729619351 0.993050104392 0.00694989560795 0.922277142457
3.03 0.0701424560523 0.993111513158 0.00688848684156 0.922969057106
3.04 0.0695175297509 0.993172387394 0.00682761260605 0.923654857643
3.05 0.0688981343153 0.99323273161 0.00676726838983 0.924334597295
3.06 0.0682842214438 0.993292550283 0.00670744971693 0.925008328839
3.07 0.0676757432448 0.993351847853 0.00664815214676 0.925676104608
3.08 0.0670726522341 0.993410628726 0.00658937127388 0.926337976492
3.09 0.0664749013314 0.993468897272 0.00653110272773 0.926993995941
3.1 0.0658824438569 0.993526657828 0.00647334217243 0.927644213971
3.11 0.0652952335283 0.993583914693 0.00641608530654 0.928288681165
3.12 0.0647132244577 0.993640672137 0.00635932786281 0.92892744768
3.13 0.0641363711479 0.993696934392 0.00630306560796 0.929560563244
3.14 0.06356462849 0.993752705658 0.00624729434244 0.930188077168
3.15 0.0629979517597 0.9938079901 0.0061920099002 0.93081003834
3.16 0.0624362966142 0.993862791852 0.00613720814848 0.931426495237
3.17 0.0618796190895 0.993917115012 0.00608288498755 0.932037495923
3.18 0.0613278755971 0.99397096365 0.00602903635049 0.932643088052
3.19 0.0607810229209 0.994024341797 0.00597565820298 0.933243318876
3.2 0.0602390182143 0.994077253457 0.00592274654307 0.933838235243
3.21 0.059701818997 0.994129702599 0.00587029740091 0.934427883602
3.22 0.0591693831525 0.994181693161 0.00581830683861 0.935012310009
3.23 0.0586416689244 0.99423322905 0.00576677094992 0.935591560126
3.24 0.0581186349143 0.99428431414 0.0057156858601 0.936165679226
3.25 0.0576002400781 0.994334952274 0.00566504772562 0.936734712196
3.26 0.0570864437238 0.994385147266 0.00561485273398 0.937298703542
3.27 0.056577205508 0.994434902897 0.00556509710349 0.937857697389
3.28 0.0560724854336 0.994484222917 0.00551577708305 0.938411737483
3.29 0.0555722438466 0.994533111048 0.00546688895191 0.938960867202
3.3 0.0550764414334 0.994581570981 0.00541842901948 0.939505129547
3.31 0.0545850392182 0.994629606375 0.0053703936251 0.940044567157
3.32 0.0540979985597 0.994677220862 0.00532277913784 0.940579222302
3.33 0.0536152811492 0.994724418044 0.00527558195627 0.941109136895
3.34 0.0531368490069 0.994771201492 0.00522879850824 0.941634352485
3.35 0.05266266448 0.994817574749 0.00518242525071 0.942154910269
3.36 0.0521926902396 0.994863541331 0.00513645866948 0.942670851091
3.37 0.051726889278 0.994909104721 0.00509089527905 0.943182215443
3.38 0.0512652249064 0.994954268378 0.00504573162234 0.943689043471
3.39 0.0508076607519 0.994999035729 0.00500096427054 0.944191374978
3.4 0.0503541607549 0.995043410177 0.00495658982286 0.944689249422
3.41 0.0499046891671 0.995087395094 0.00491260490636 0.945182705927
3.42 0.0494592105479 0.995130993824 0.00486900617573 0.945671783276
3.43 0.0490176897629 0.995174209687 0.00482579031308 0.946156519924
3.44 0.0485800919806 0.995217045972 0.00478295402776 0.946636953992
3.45 0.0481463826705 0.995259505944 0.00474049405613 0.947113123273
3.46 0.0477165275998 0.995301592839 0.00469840716139 0.947585065239
3.47 0.047290492832 0.995343309867 0.00465669013335 0.948052817035
3.48 0.0468682447235 0.995384660212 0.00461533978827 0.948516415488
3.49 0.0464497499215 0.995425647031 0.00457435296863 0.94897589711
3.5 0.0460349753619 0.995466273457 0.00453372654295 0.949431298095
3.51 0.0456238882664 0.995506542594 0.00449345740559 0.949882654328
3.52 0.0452164561402 0.995546457523 0.00445354247655 0.950330001383
3.53 0.0448126467702 0.995586021299 0.00441397870132 0.950773374529
3.54 0.0444124282217 0.995625236949 0.00437476305063 0.951212808728
3.55 0.044015768837 0.99566410748 0.00433589252028 0.951648338643
3.56 0.0436226372326 0.995702635869 0.00429736413097 0.952079998636
3.57 0.0432330022968 0.995740825072 0.00425917492811 0.952507822775
3.58 0.0428468331878 0.995778678018 0.0042213219816 0.952931844831
3.59 0.0424640993312 0.995816197614 0.00418380238568 0.953352098283
3.6 0.0420847704178 0.995853386741 0.00414661325874 0.953768616323
3.61 0.0417088164016 0.995890248257 0.0041097517431 0.954181431855
3.62 0.0413362074971 0.995926784995 0.00407321500489 0.954590577498
3.63 0.0409669141777 0.995962999766 0.00403700023381 0.954996085589
3.64 0.0406009071729 0.995998895357 0.004001104643 0.955397988184
3.65 0.0402381574668 0.996034474531 0.0039655254688 0.955796317064
3.66 0.0398786362956 0.996069740029 0.00393025997064 0.956191103734
3.67 0.0395223151454 0.996104694569 0.00389530543082 0.956582379424
3.68 0.0391691657503 0.996139340846 0.00386065915434 0.956970175095
3.69 0.0388191600902 0.996173681531 0.00382631846874 0.957354521441
3.7 0.038472270389 0.996207719276 0.0037922807239 0.957735448887
3.71 0.0381284691119 0.996241456708 0.00375854329189 0.958112987596
3.72 0.0377877289641 0.996274896433 0.00372510356681 0.958487167469
3.73 0.0374500228884 0.996308041035 0.00369195896458 0.958858018147
3.74 0.0371153240632 0.996340893077 0.0036591069228 0.959225569014
3.75 0.0367836059005 0.996373455099 0.00362654490057 0.959589849199
3.76 0.0364548420442 0.996405729622 0.00359427037833 0.959950887577
3.77 0.0361290063677 0.996437719142 0.00356228085769 0.960308712775
3.78 0.0358060729722 0.996469426139 0.00353057386125 0.960663353167
3.79 0.035486016185 0.996500853068 0.00349914693249 0.961014836882
3.8 0.0351688105571 0.996532002364 0.00346799763552 0.961363191807
3.81 0.0348544308615 0.996562876445 0.003437123555 0.961708445583
3.82 0.0345428520916 0.996593477704 0.00340652229592 0.962050625612
3.83 0.0342340494589 0.996623808517 0.00337619148349 0.962389759058
3.84 0.0339279983915 0.996653871237 0.00334612876294 0.962725872846
3.85 0.0336246745319 0.996683668201 0.00331633179939 0.963058993669
3.86 0.0333240537355 0.996713201722 0.00328679827766 0.963389147987
3.87 0.0330261120687 0.996742474098 0.00325752590215 0.963716362029
3.88 0.0327308258071 0.996771487603 0.00322851239668 0.964040661796
3.89 0.0324381714335 0.996800244496 0.00319975550431 0.964362073062
3.9 0.0321481256365 0.996828747013 0.00317125298722 0.964680621376
3.91 0.0318606653086 0.996856997373 0.00314300262653 0.964996332065
3.92 0.0315757675444 0.996884997778 0.00311500222216 0.965309230233
3.93 0.0312934096388 0.996912750407 0.00308724959272 0.965619340768
3.94 0.0310135690857 0.996940257425 0.00305974257526 0.965926688339
3.95 0.0307362235756 0.996967520975 0.00303247902526 0.966231297399
3.96 0.0304613509948 0.996994543184 0.00300545681634 0.966533192189
3.97 0.030188929423 0.99702132616 0.00297867384024 0.966832396737
3.98 0.0299189371318 0.997047871993 0.0029521280066 0.967128934862
3.99 0.0296513525834 0.997074182757 0.00292581724282 0.967422830174
4.0 0.0293861544287 0.997100260506 0.00289973949397 0.967714106077
4.01 0.0291233215056 0.997126107277 0.00287389272257 0.968002785772
4.02 0.0288628328377 0.997151725091 0.00284827490854 0.968288892254
4.03 0.0286046676324 0.997177115951 0.00282288404898 0.968572448319
4.04 0.0283488052794 0.997202281842 0.00279771815806 0.968853476563
4.05 0.0280952253495 0.997227224733 0.00277277526692 0.969131999384
4.06 0.0278439075924 0.997251946577 0.00274805342346 0.969408038984
4.07 0.0275948319357 0.997276449308 0.00272355069227 0.969681617372
4.08 0.0273479784832 0.997300734846 0.00269926515447 0.969952756362
4.09 0.0271033275132 0.997324805092 0.00267519490756 0.970221477579
4.1 0.0268608594773 0.997348661935 0.00265133806531 0.970487802457
4.11 0.0266205549989 0.997372307242 0.00262769275763 0.970751752243
4.12 0.0263823948714 0.99739574287 0.0026042571304 0.971013347998
4.13 0.026146360057 0.997418970655 0.00258102934542 0.971272610598
4.14 0.0259124316852 0.99744199242 0.00255800758018 0.971529560735
4.15 0.0256805910515 0.997464809972 0.00253519002781 0.971784218921
4.16 0.0254508196155 0.997487425103 0.00251257489692 0.972036605488
4.17 0.0252230990002 0.997509839589 0.00249016041149 0.972286740588
4.18 0.02499741099 0.997532055189 0.00246794481071 0.972534644199
4.19 0.0247737375294 0.997554073651 0.00244592634889 0.972780336122
4.2 0.024552060722 0.997575896705 0.00242410329534 0.973023835983
4.21 0.0243323628286 0.997597526066 0.00240247393422 0.973265163237
4.22 0.0241146262663 0.997618963436 0.00238103656442 0.973504337169
4.23 0.023898833607 0.997640210501 0.00235978949947 0.973741376894
4.24 0.0236849675757 0.997661268933 0.00233873106739 0.973976301357
4.25 0.0234730110499 0.997682140389 0.00231785961059 0.97420912934
4.26 0.0232629470575 0.997702826514 0.00229717348573 0.974439879457
4.27 0.0230547587763 0.997723328936 0.00227667106363 0.97466857016
4.28 0.0228484295318 0.997743649271 0.00225635072913 0.974895219739
4.29 0.0226439427969 0.997763789119 0.00223621088098 0.975119846322
4.3 0.0224412821898 0.997783750068 0.00221624993174 0.975342467879
4.31 0.0222404314731 0.997803533692 0.00219646630764 0.975563102219
4.32 0.0220413745526 0.997823141551 0.00217685844851 0.975781766999
4.33 0.0218440954761 0.997842575192 0.00215742480761 0.975998479716
4.34 0.0216485784319 0.997861836148 0.00213816385155 0.976213257717
4.35 0.0214548077478 0.99788092594 0.0021190740602 0.976426118192
4.36 0.0212627678896 0.997899846073 0.00210015392655 0.976637078184
4.37 0.0210724434606 0.997918598043 0.00208140195658 0.976846154583
4.38 0.0208838191996 0.997937183331 0.00206281666923 0.977053364131
4.39 0.02069687998 0.997955603404 0.00204439659621 0.977258723424
4.4 0.020511610809 0.997973859718 0.00202614028193 0.977462248909
4.41 0.0203279968259 0.997991953717 0.00200804628341 0.977663956891
4.42 0.0201460233013 0.99800988683 0.00199011317015 0.977863863529
4.43 0.0199656756357 0.998027660476 0.00197233952401 0.97806198484
4.44 0.0197869393588 0.998045276061 0.00195472393916 0.978258336702
4.45 0.0196098001277 0.998062734978 0.00193726502193 0.97845293485
4.46 0.0194342437266 0.998080038609 0.00191996139074 0.978645794883
4.47 0.019260256065 0.998097188324 0.00190281167598 0.978836932259
4.48 0.019087823177 0.99811418548 0.0018858145199 0.979026362303
4.49 0.0189169312201 0.998131031423 0.00186896857654 0.979214100203
4.5 0.018747566474 0.998147727488 0.00185227251161 0.979400161014
4.51 0.01857971534 0.998164274998 0.00183572500242 0.979584559658
4.52 0.0184133643393 0.998180675262 0.00181932473773 0.979767310923
4.53 0.0182485001124 0.998196929582 0.00180307041771 0.97994842947
4.54 0.0180851094178 0.998213039246 0.00178696075381 0.980127929828
4.55 0.0179231791314 0.998229005531 0.00177099446867 0.9803058264
4.56 0.0177626962448 0.998244829704 0.00175517029605 0.980482133459
4.57 0.0176036478649 0.998260513019 0.00173948698069 0.980656865154
4.58 0.0174460212127 0.998276056722 0.00172394327828 0.980830035509
4.59 0.017289803622 0.998291462045 0.00170853795532 0.981001658423
4.6 0.017134982539 0.998306730211 0.00169326978901 0.981171747672
4.61 0.0169815455208 0.998321862433 0.00167813756725 0.981340316912
4.62 0.0168294802347 0.998336859912 0.00166314008845 0.981507379677
4.63 0.0166787744571 0.998351723838 0.0016482761615 0.981672949381
4.64 0.0165294160728 0.998366455394 0.00163354460567 0.981837039322
4.65 0.0163813930737 0.99838105575 0.00161894425049 0.981999662676
4.66 0.016234693558 0.998395526064 0.00160447393572 0.982160832506
4.67 0.0160893057295 0.998409867489 0.00159013251122 0.982320561759
4.68 0.0159452178963 0.998424081163 0.00157591883689 0.982478863267
4.69 0.0158024184701 0.998438168217 0.00156183178256 0.982635749747
4.7 0.0156608959654 0.998452129772 0.00154787022793 0.982791233807
4.71 0.0155206389983 0.998465966938 0.00153403306246 0.982945327939
4.72 0.0153816362859 0.998479680815 0.00152031918533 0.983098044529
4.73 0.0152438766452 0.998493272495 0.00150672750531 0.983249395849
4.74 0.0151073489923 0.998506743059 0.00149325694071 0.983399394067
4.75 0.0149720423417 0.998520093581 0.00147990641927 0.983548051239
4.76 0.0148379458051 0.998533325122 0.00146667487812 0.983695379317
4.77 0.0147050485908 0.998546438736 0.00145356126367 0.983841390146
4.78 0.0145733400028 0.998559435468 0.00144056453154 0.983986095466
4.79 0.0144428094401 0.998572316354 0.00142768364647 0.984129506913
4.8 0.0143134463955 0.998585082418 0.00141491758228 0.984271636022
4.81 0.0141852404549 0.998597734678 0.00140226532175 0.984412494223
4.82 0.014058181297 0.998610274143 0.00138972585654 0.984552092846
4.83 0.0139322586917 0.998622701813 0.00137729818717 0.984690443121
4.84 0.0138074624997 0.998635018677 0.0013649813229 0.984827556177
4.85 0.0136837826719 0.998647225718 0.00135277428163 0.984963443046
4.86 0.0135612092481 0.99865932391 0.00134067608991 0.985098114662
4.87 0.0134397323566 0.998671314217 0.00132868578279 0.985231581861
4.88 0.0133193422134 0.998683197596 0.00131680240377 0.985363855383
4.89 0.0132000291213 0.998694974995 0.00130502500474 0.985494945874
4.9 0.013081783469 0.998706647354 0.00129335264589 0.985624863885
4.91 0.0129645957309 0.998718215604 0.00128178439567 0.985753619873
4.92 0.0128484564656 0.998729680669 0.00127031933068 0.985881224204
4.93 0.0127333563158 0.998741043464 0.00125895653562 0.986007687149
4.94 0.0126192860072 0.998752304897 0.00124769510322 0.98613301889
4.95 0.0125062363479 0.998763465866 0.00123653413417 0.986257229518
4.96 0.0123941982275 0.998774527263 0.00122547273706 0.986380329035
4.97 0.0122831626167 0.998785489972 0.00121451002828 0.986502327355
4.98 0.0121731205665 0.998796354868 0.00120364513202 0.986623234302
4.99 0.012064063207 0.99880712282 0.00119287718011 0.986743059613
5.0 0.0119559817476 0.998817794688 0.00118220531204 0.98686181294
5.01 0.0118488674756 0.998828371325 0.00117162867484 0.98697950385
5.02 0.0117427117555 0.998838853577 0.00116114642304 0.987096141821
5.03 0.011637506029 0.998849242281 0.0011507577186 0.987211736252
5.04 0.0115332418134 0.998859538269 0.00114046173085 0.987326296456
5.05 0.0114299107019 0.998869742364 0.00113025763641 0.987439831662
5.06 0.011327504362 0.998879855381 0.00112014461915 0.987552351019
5.07 0.0112260145354 0.99888987813 0.00111012187011 0.987663863594
5.08 0.0111254330374 0.998899811413 0.00110018858744 0.987774378375
5.09 0.011025751756 0.998909656024 0.00109034397636 0.987883904268
5.1 0.0109269626511 0.998919412751 0.00108058724907 0.9879924501
5.11 0.0108290577544 0.998929082375 0.00107091762471 0.988100024621
5.12 0.0107320291683 0.998938665671 0.00106133432929 0.988206636502
5.13 0.0106358690656 0.998948163404 0.00105183659562 0.988312294339
5.14 0.0105405696885 0.998957576337 0.00104242366328 0.988417006648
5.15 0.0104461233484 0.998966905221 0.00103309477854 0.988520781873
5.16 0.0103525224251 0.998976150806 0.00102384919432 0.988623628381
5.17 0.010259759366 0.99898531383 0.00101468617011 0.988725554464
5.18 0.010167826686 0.998994395028 0.00100560497191 0.988826568342
5.19 0.0100767169662 0.999003395128 0.000996604872225 0.988926678162
5.2 0.00998642285425 0.99901231485 0.000987685149935 0.989025891996
5.21 0.00989693706278 0.99902115491 0.000978845090293 0.989124217847
5.22 0.00980825236948 0.999029916015 0.000970083984851 0.989221663646
5.23 0.00972036161631 0.999038598869 0.000961401131408 0.989318237252
5.24 0.00963325770891 0.999047204166 0.000952795833953 0.989413946457
5.25 0.00954693361611 0.999055732597 0.000944267402617 0.989508798981
5.26 0.00946138236933 0.999064184846 0.000935815153612 0.989602802477
5.27 0.00937659706201 0.999072561591 0.000927438409187 0.989695964529
5.28 0.00929257084912 0.999080863502 0.000919136497569 0.989788292653
5.29 0.00920929694655 0.999089091247 0.000910908752915 0.989879794301
5.3 0.00912676863063 0.999097245485 0.000902754515256 0.989970476854
5.31 0.00904497923755 0.99910532687 0.000894673130454 0.990060347632
5.32 0.00896392216285 0.99911333605 0.000886663950142 0.990149413887
5.33 0.00888359086091 0.999121273668 0.000878726331679 0.990237682807
5.34 0.0088039788444 0.999129140362 0.000870859638102 0.990325161517
5.35 0.00872507968379 0.999136936762 0.000863063238071 0.990411857078
5.36 0.00864688700682 0.999144663494 0.000855336505826 0.990497776487
5.37 0.00856939449799 0.999152321179 0.000847678821132 0.990582926681
5.38 0.00849259589809 0.999159910431 0.00084008956924 0.990667314533
5.39 0.00841648500368 0.999167431859 0.000832568140828 0.990750946855
5.4 0.00834105566656 0.999174886068 0.000825113931964 0.990833830401
5.41 0.00826630179337 0.999182273656 0.000817726344053 0.990915971863
5.42 0.00819221734502 0.999189595216 0.000810404783792 0.990997377871
5.43 0.00811879633623 0.999196851337 0.000803148663124 0.991078055001
5.44 0.00804603283511 0.999204042601 0.000795957399194 0.991158009766
5.45 0.00797392096259 0.999211169586 0.000788830414301 0.991237248623
5.46 0.00790245489205 0.999218232864 0.000781767135853 0.991315777972
5.47 0.00783162884878 0.999225233004 0.000774766996326 0.991393604155
5.48 0.00776143710956 0.999232170567 0.000767829433214 0.991470733457
5.49 0.00769187400218 0.999239046111 0.000760953888993 0.991547172109
5.5 0.00762293390504 0.999245860189 0.000754139811069 0.991622926284
5.51 0.00755461124661 0.999252613348 0.000747386651741 0.991698002102
5.52 0.00748690050509 0.999259306132 0.000740693868156 0.991772405627
5.53 0.00741979620788 0.999265939078 0.000734060922268 0.99184614287
5.54 0.00735329293119 0.999272512719 0.000727487280792 0.991919219788
5.55 0.00728738529963 0.999279027585 0.000720972415169 0.991991642285
5.56 0.00722206798571 0.999285484198 0.000714515801519 0.992063416213
5.57 0.00715733570948 0.999291883079 0.000708116920602 0.99213454737
5.58 0.00709318323807 0.999298224742 0.000701775257779 0.992205041504
5.59 0.0070296053853 0.999304509697 0.000695490302969 0.992274904312
5.6 0.00696659701124 0.999310738449 0.000689261550611 0.992344141438
5.61 0.00690415302182 0.9993169115 0.000683088499624 0.992412758479
5.62 0.00684226836841 0.999323029347 0.000676970653367 0.992480760978
5.63 0.00678093804743 0.99932909248 0.000670907519602 0.992548154433
5.64 0.00672015709993 0.99933510139 0.000664898610453 0.99261494429
5.65 0.00665992061121 0.999341056558 0.00065894344237 0.992681135946
5.66 0.00660022371043 0.999346958464 0.00065304153609 0.992746734753
5.67 0.00654106157021 0.999352807583 0.000647192416599 0.992811746013
5.68 0.00648242940625 0.999358604387 0.000641395613096 0.992876174981
5.69 0.00642432247694 0.999364349341 0.000635650658956 0.992940026864
5.7 0.00636673608298 0.999370042908 0.000629957091691 0.993003306825
5.71 0.00630966556703 0.999375685547 0.000624314452916 0.99306601998
5.72 0.00625310631331 0.999381277712 0.000618722288315 0.993128171398
5.73 0.00619705374723 0.999386819852 0.000613180147599 0.993189766105
5.74 0.00614150333505 0.999392312416 0.000607687584478 0.99325080908
5.75 0.00608645058348 0.999397755843 0.00060224415662 0.99331130526
5.76 0.00603189103936 0.999403150574 0.000596849425619 0.993371259535
5.77 0.00597782028928 0.999408497043 0.000591502956962 0.993430676754
5.78 0.00592423395922 0.99941379568 0.000586204319991 0.993489561721
5.79 0.00587112771422 0.999419046912 0.000580953087872 0.993547919198
5.8 0.00581849725802 0.999424251162 0.00057574883756 0.993605753904
5.81 0.00576633833274 0.99942940885 0.000570591149767 0.993663070517
5.82 0.00571464671848 0.999434520391 0.000565479608928 0.993719873673
5.83 0.00566341823306 0.999439586197 0.000560413803168 0.993776167964
5.84 0.00561264873162 0.999444606676 0.00055539332427 0.993831957944
5.85 0.00556233410632 0.999449582232 0.000550417767644 0.993887248126
5.86 0.00551247028603 0.999454513268 0.000545486732293 0.993942042982
5.87 0.00546305323594 0.999459400179 0.000540599820783 0.993996346943
5.88 0.0054140789573 0.999464243361 0.000535756639211 0.994050164403
5.89 0.00536554348707 0.999469043203 0.000530956797173 0.994103499716
5.9 0.0053174428976 0.999473800092 0.000526199907734 0.994156357195
5.91 0.00526977329633 0.999478514413 0.000521485587401 0.994208741116
5.92 0.00522253082547 0.999483186544 0.000516813456085 0.994260655718
5.93 0.0051757116617 0.999487816863 0.000512183137077 0.994312105201
5.94 0.00512931201583 0.999492405743 0.000507594257018 0.994363093727
5.95 0.00508332813255 0.999496953554 0.000503046445866 0.994413625422
5.96 0.00503775629008 0.999501460663 0.000498539336869 0.994463704373
5.97 0.00499259279989 0.999505927433 0.000494072566538 0.994513334634
5.98 0.00494783400642 0.999510354225 0.000489645774615 0.994562520219
5.99 0.00490347628676 0.999514741396 0.000485258604043 0.994611265109
6.0 0.00485951605037 0.999519089299 0.000480910700945 0.994659573249
6.01 0.00481594973881 0.999523398285 0.000476601714588 0.994707448547
6.02 0.00477277382541 0.999527668703 0.000472331297359 0.994754894877
6.03 0.00472998481504 0.999531900895 0.000468099104739 0.99480191608
6.04 0.00468757924379 0.999536095205 0.000463904795273 0.994848515961
6.05 0.0046455536787 0.999540251969 0.000459748030542 0.994894698291
6.06 0.00460390471751 0.999544371525 0.000455628475141 0.994940466807
6.07 0.00456262898834 0.999548454203 0.000451545796646 0.994985825215
6.08 0.00452172314948 0.999552500334 0.000447499665595 0.995030777185
6.09 0.00448118388906 0.999556510245 0.000443489755454 0.995075326355
6.1 0.00444100792482 0.999560484257 0.000439515742599 0.995119476333
6.11 0.00440119200383 0.999564422694 0.000435577306283 0.99516323069
6.12 0.00436173290226 0.999568325871 0.000431674128615 0.995206592969
6.13 0.00432262742508 0.999572194105 0.000427805894536 0.99524956668
6.14 0.00428387240581 0.999576027708 0.000423972291788 0.995292155302
6.15 0.0042454647063 0.999579826989 0.000420173010896 0.995334362283
6.16 0.00420740121645 0.999583592255 0.000416407745139 0.995376191038
6.17 0.00416967885395 0.999587323809 0.000412676190528 0.995417644956
6.18 0.00413229456405 0.999591021954 0.000408978045779 0.99545872739
6.19 0.00409524531932 0.999594686988 0.000405313012293 0.995499441668
6.2 0.0040585281194 0.999598319206 0.00040168079413 0.995539791086
6.21 0.00402213999075 0.999601918902 0.000398081097985 0.995579778911
6.22 0.0039860779864 0.999605486367 0.000394513633165 0.99561940838
6.23 0.00395033918576 0.999609021888 0.000390978111569 0.995658682703
6.24 0.00391492069434 0.999612525752 0.000387474247658 0.995697605058
6.25 0.00387981964354 0.999615998242 0.000384001758442 0.995736178598
6.26 0.0038450331904 0.999619439637 0.000380560363448 0.995774406446
6.27 0.00381055851739 0.999622850215 0.000377149784703 0.995812291698
6.28 0.00377639283217 0.999626230253 0.000373769746712 0.995849837421
6.29 0.00374253336739 0.999629580024 0.000370419976435 0.995887046656
6.3 0.00370897738044 0.999632899797 0.000367100203263 0.995923922416
6.31 0.00367572215322 0.999636189841 0.000363810158999 0.995960467688
6.32 0.00364276499196 0.999639450422 0.00036054957784 0.99599668543
6.33 0.00361010322699 0.999642681804 0.000357318196346 0.996032578577
6.34 0.00357773421249 0.999645884247 0.000354115753431 0.996068150034
6.35 0.00354565532633 0.99964905801 0.000350941990332 0.996103402683
6.36 0.00351386396982 0.999652203349 0.000347796650595 0.99613833938
6.37 0.00348235756752 0.99965532052 0.000344679480051 0.996172962952
6.38 0.00345113356704 0.999658409773 0.000341590226798 0.996207276206
6.39 0.00342018943879 0.999661471359 0.000338528641179 0.99624128192
6.4 0.00338952267583 0.999664505524 0.000335494475764 0.996274982848
6.41 0.00335913079366 0.999667512515 0.000332487485329 0.996308381721
6.42 0.00332901132997 0.999670492573 0.000329507426836 0.996341481243
6.43 0.00329916184451 0.999673445941 0.000326554059414 0.996374284096
6.44 0.00326957991884 0.999676372856 0.000323627144343 0.996406792937
6.45 0.00324026315617 0.999679273555 0.000320726445028 0.996439010399
6.46 0.00321120918115 0.999682148273 0.000317851726987 0.996470939092
6.47 0.00318241563968 0.999684997242 0.000315002757829 0.996502581602
6.48 0.00315388019873 0.999687820693 0.000312179307235 0.996533940494
6.49 0.00312560054612 0.999690618853 0.000309381146941 0.996565018307
6.5 0.00309757439039 0.999693391949 0.000306608050721 0.996595817559
6.51 0.00306979946056 0.999696140206 0.000303859794363 0.996626340745
6.52 0.00304227350599 0.999698863844 0.000301136155661 0.996656590338
6.53 0.00301499429616 0.999701563086 0.000298436914387 0.996686568789
6.54 0.00298795962053 0.999704238148 0.000295761852279 0.996716278527
6.55 0.00296116728831 0.999706889247 0.000293110753024 0.996745721959
6.56 0.00293461512835 0.999709516598 0.000290483402239 0.996774901469
6.57 0.00290830098891 0.999712120413 0.000287879587452 0.996803819424
6.58 0.0028822227375 0.999714700902 0.000285299098091 0.996832478164
6.59 0.00285637826073 0.999717258275 0.000282741725458 0.996860880014
6.6 0.00283076546412 0.999719792737 0.000280207262722 0.996889027273
6.61 0.00280538227192 0.999722304495 0.000277695504898 0.996916922223
6.62 0.00278022662698 0.999724793751 0.000275206248827 0.996944567124
6.63 0.00275529649055 0.999727260707 0.000272739293167 0.996971964216
6.64 0.00273058984211 0.999729705562 0.000270294438371 0.99699911572
6.65 0.00270610467926 0.999732128513 0.000267871486676 0.997026023834
6.66 0.0026818390175 0.999734529758 0.000265470242082 0.99705269074
6.67 0.00265779089009 0.99973690949 0.000263090510339 0.9970791186
6.68 0.00263395834791 0.999739267901 0.000260732098933 0.997105309553
6.69 0.00261033945926 0.999741605183 0.000258394817068 0.997131265724
6.7 0.00258693230977 0.999743921524 0.000256078475651 0.997156989215
6.71 0.00256373500216 0.999746217113 0.000253782887278 0.997182482111
6.72 0.00254074565617 0.999748492134 0.000251507866219 0.997207746478
6.73 0.00251796240836 0.999750746772 0.000249253228401 0.997232784363
6.74 0.00249538341196 0.999752981209 0.000247018791396 0.997257597797
6.75 0.00247300683674 0.999755195626 0.000244804374405 0.997282188789
6.76 0.00245083086887 0.999757390202 0.000242609798243 0.997306559333
6.77 0.00242885371074 0.999759565115 0.000240434885327 0.997330711404
6.78 0.00240707358082 0.99976172054 0.000238279459659 0.99735464696
6.79 0.00238548871356 0.999763856653 0.000236143346813 0.99737836794
6.8 0.0023640973592 0.999765973626 0.000234026373921 0.997401876267
6.81 0.00234289778365 0.99976807163 0.00023192836966 0.997425173847
6.82 0.00232188826833 0.999770150836 0.000229849164236 0.997448262567
6.83 0.00230106711007 0.999772211411 0.000227788589372 0.997471144301
6.84 0.00228043262094 0.999774253522 0.000225746478297 0.997493820901
6.85 0.00225998312811 0.999776277334 0.000223722665726 0.997516294206
6.86 0.00223971697375 0.999778283012 0.000221716987853 0.997538566038
6.87 0.00221963251486 0.999780270718 0.000219729282335 0.997560638203
6.88 0.00219972812315 0.999782240612 0.000217759388281 0.997582512489
6.89 0.00218000218491 0.999784192854 0.000215807146234 0.997604190669
6.9 0.00216045310088 0.999786127602 0.000213872398166 0.997625674501
6.91 0.00214107928614 0.999788045013 0.000211954987458 0.997646965726
6.92 0.00212187916993 0.999789945241 0.000210054758892 0.997668066071
6.93 0.00210285119558 0.999791828441 0.000208171558637 0.997688977246
6.94 0.00208399382034 0.999793694766 0.000206305234236 0.997709700945
6.95 0.00206530551528 0.999795544365 0.000204455634596 0.99773023885
6.96 0.00204678476518 0.99979737739 0.000202622609973 0.997750592625
6.97 0.00202843006837 0.999799193988 0.000200806011962 0.99777076392
6.98 0.00201023993663 0.999800994307 0.000199005693483 0.99779075437
6.99 0.00199221289507 0.999802778491 0.000197221508774 0.997810565596
7.0 0.00197434748202 0.999804546687 0.000195453313372 0.997830199205
7.01 0.00195664224886 0.999806299036 0.000193700964108 0.997849656787
7.02 0.00193909576 0.999808035681 0.000191964319091 0.997868939921
7.03 0.00192170659267 0.999809756762 0.0001902432377 0.99788805017
7.04 0.00190447333685 0.999811462419 0.00018853758057 0.997906989083
7.05 0.00188739459514 0.99981315279 0.000186847209583 0.997925758195
7.06 0.00187046898267 0.999814828012 0.000185171987853 0.997944359029
7.07 0.00185369512698 0.99981648822 0.000183511779722 0.997962793093
7.08 0.00183707166787 0.999818133549 0.000181866450741 0.997981061881
7.09 0.00182059725736 0.999819764132 0.000180235867666 0.997999166875
7.1 0.00180427055951 0.999821380102 0.000178619898443 0.998017109542
7.11 0.00178809025038 0.999822981588 0.000177018412198 0.998034891337
7.12 0.00177205501785 0.999824568721 0.000175431279229 0.998052513703
7.13 0.00175616356158 0.999826141629 0.000173858370992 0.998069978067
7.14 0.00174041459288 0.99982770044 0.000172299560093 0.998087285847
7.15 0.00172480683458 0.99982924528 0.000170754720279 0.998104438445
7.16 0.00170933902096 0.999830776274 0.000169223726424 0.998121437253
7.17 0.00169400989765 0.999832293545 0.000167706454521 0.998138283648
7.18 0.00167881822151 0.999833797218 0.000166202781673 0.998154978997
7.19 0.00166376276052 0.999835287414 0.000164712586081 0.998171524653
7.2 0.00164884229371 0.999836764253 0.000163235747036 0.998187921959
7.21 0.00163405561106 0.999838227855 0.000161772144909 0.998204172244
7.22 0.00161940151335 0.999839678339 0.000160321661141 0.998220276826
7.23 0.00160487881215 0.999841115822 0.000158884178232 0.99823623701
7.24 0.00159048632963 0.99984254042 0.000157459579734 0.998252054091
7.25 0.00157622289856 0.99984395225 0.000156047750241 0.998267729351
7.26 0.00156208736212 0.999845351425 0.000154648575378 0.998283264062
7.27 0.00154807857389 0.999846738058 0.000153261941794 0.998298659484
7.28 0.0015341953977 0.999848112263 0.000151887737153 0.998313916865
7.29 0.00152043670755 0.99984947415 0.000150525850121 0.998329037442
7.3 0.00150680138755 0.99985082383 0.000149176170363 0.998344022442
7.31 0.00149328833181 0.999852161411 0.000147838588529 0.99835887308
7.32 0.00147989644431 0.999853487004 0.000146512996248 0.998373590559
7.33 0.0014666246389 0.999854800714 0.00014519928612 0.998388176075
7.34 0.00145347183911 0.999856102648 0.000143897351702 0.998402630809
7.35 0.00144043697816 0.999857392912 0.000142607087508 0.998416955934
7.36 0.0014275189988 0.999858671611 0.000141328388992 0.998431152612
7.37 0.00141471685326 0.999859938847 0.000140061152545 0.998445221994
7.38 0.00140202950316 0.999861194725 0.000138805275486 0.998459165221
7.39 0.00138945591941 0.999862439344 0.000137560656051 0.998472983425
7.4 0.00137699508216 0.999863672807 0.000136327193387 0.998486677724
7.41 0.00136464598068 0.999864895212 0.000135104787544 0.998500249232
7.42 0.00135240761331 0.999866106661 0.000133893339466 0.998513699047
7.43 0.00134027898736 0.999867307249 0.000132692750984 0.998527028262
7.44 0.00132825911903 0.999868497075 0.000131502924806 0.998540237956
7.45 0.00131634703334 0.999869676235 0.000130323764512 0.998553329202
7.46 0.00130454176405 0.999870844825 0.000129155174545 0.998566303061
7.47 0.00129284235356 0.99987200294 0.000127997060201 0.998579160586
7.48 0.00128124785287 0.999873150672 0.000126849327627 0.99859190282
7.49 0.00126975732147 0.999874288116 0.000125711883807 0.998604530795
7.5 0.0012583698273 0.999875415363 0.000124584636558 0.998617045536
7.51 0.00124708444661 0.999876532505 0.000123467494523 0.998629448059
7.52 0.00123590026397 0.999877639633 0.000122360367163 0.998641739369
7.53 0.00122481637212 0.999878736835 0.000121263164747 0.998653920463
7.54 0.00121383187196 0.999879824202 0.00012017579835 0.99866599233
7.55 0.00120294587243 0.99988090182 0.00011909817984 0.998677955948
7.56 0.00119215749045 0.999881969778 0.000118030221877 0.998689812288
7.57 0.00118146585087 0.999883028162 0.0001169718379 0.998701562311
7.58 0.00117087008635 0.999884077058 0.000115922942125 0.998713206972
7.59 0.00116036933737 0.99988511655 0.000114883449534 0.998724747213
7.6 0.00114996275207 0.999886146724 0.000113853275871 0.998736183972
7.61 0.00113964948625 0.999887167662 0.000112832337634 0.998747518176
7.62 0.00112942870326 0.999888179448 0.000111820552069 0.998758750745
7.63 0.00111929957395 0.999889182163 0.000110817837162 0.998769882589
7.64 0.00110926127662 0.999890175888 0.000109824111634 0.998780914612
7.65 0.0010993129969 0.999891160705 0.000108839294933 0.998791847708
7.66 0.00108945392774 0.999892136693 0.000107863307227 0.998802682765
7.67 0.00107968326932 0.999893103931 0.000106896069402 0.998813420661
7.68 0.00107000022899 0.999894062497 0.000105937503049 0.998824062268
7.69 0.0010604040212 0.99989501247 0.000104987530462 0.998834608448
7.7 0.00105089386743 0.999895953925 0.000104046074632 0.998845060058
7.71 0.00104146899615 0.999896886941 0.000103113059238 0.998855417945
7.72 0.00103212864274 0.999897811591 0.000102188408643 0.998865682949
7.73 0.00102287204944 0.999898727952 0.000101272047886 0.998875855903
7.74 0.00101369846528 0.999899636097 0.000100363902678 0.998885937632
7.75 0.001004607146 0.999900536101 9.94638993964e-05 0.998895928955
7.76 0.000995597354039 0.999901428035 9.85719650759e-05 0.998905830681
7.77 0.000986668358425 0.999902311973 9.76880274053e-05 0.998915643614
7.78 0.000977819434749 0.999903187985 9.6812014721e-05 0.998925368551
7.79 0.000969049865089 0.999904056144 9.59438560007e-05 0.998935006279
7.8 0.00096035893796 0.999904916519 9.50834808584e-05 0.998944557581
7.81 0.000951745948254 0.99990576918 9.42308195382e-05 0.998954023232
7.82 0.000943210197181 0.999906614197 9.33858029089e-05 0.998963404
7.83 0.000934750992214 0.999907451638 9.25483624583e-05 0.998972700645
7.84 0.000926367647036 0.99990828157 9.17184302877e-05 0.998981913923
7.85 0.000918059481477 0.999909104061 9.08959391066e-05 0.998991044579
7.86 0.000909825821467 0.999909919178 9.00808222269e-05 0.999000093356
7.87 0.000901665998975 0.999910726986 8.92730135576e-05 0.999009060987
7.88 0.00089357935196 0.999911527552 8.84724476e-05 0.9990179482
7.89 0.000885565224313 0.999912320941 8.76790594416e-05 0.999026755716
7.9 0.000877622965807 0.999913107215 8.68927847513e-05 0.999035484249
7.91 0.000869751932041 0.99991388644 8.61135597743e-05 0.999044134508
7.92 0.000861951484394 0.999914658679 8.53413213265e-05 0.999052707194
7.93 0.000854220989965 0.999915423993 8.45760067899e-05 0.999061203003
7.94 0.000846559821528 0.999916182446 8.38175541073e-05 0.999069622624
7.95 0.000838967357479 0.999916934098 8.30659017771e-05 0.999077966741
7.96 0.000831442981786 0.999917679011 8.23209888488e-05 0.999086236029
7.97 0.000823986083937 0.999918417245 8.15827549175e-05 0.999094431161
7.98 0.000816596058895 0.99991914886 8.08511401197e-05 0.999102552801
7.99 0.000809272307044 0.999919873915 8.01260851277e-05 0.999110601608
8.0 0.000802014234145 0.999920592469 7.94075311455e-05 0.999118578235
8.01 0.000794821251283 0.99992130458 7.86954199034e-05 0.999126483329
8.02 0.000787692774824 0.999922010306 7.79896936539e-05 0.999134317532
8.03 0.000780628226365 0.999922709705 7.72902951667e-05 0.999142081478
8.04 0.000773627032687 0.999923402832 7.65971677239e-05 0.9991497758
8.05 0.000766688625711 0.999924089745 7.5910255116e-05 0.999157401119
8.06 0.000759812442448 0.999924770498 7.52295016368e-05 0.999164958056
8.07 0.000752997924958 0.999925445148 7.4554852079e-05 0.999172447223
8.08 0.0007462445203 0.999926113748 7.38862517301e-05 0.999179869228
8.09 0.000739551680492 0.999926776354 7.32236463673e-05 0.999187224673
8.1 0.000732918862463 0.999927433018 7.2566982254e-05 0.999194514155
8.11 0.000726345528009 0.999928083794 7.19162061345e-05 0.999201738266
8.12 0.000719831143753 0.999928728735 7.12712652306e-05 0.999208897591
8.13 0.000713375181098 0.999929367893 7.06321072365e-05 0.999215992712
8.14 0.000706977116187 0.99993000132 6.99986803154e-05 0.999223024203
8.15 0.000700636429855 0.999930629067 6.93709330944e-05 0.999229992637
8.16 0.000694352607597 0.999931251185 6.87488146612e-05 0.999236898578
8.17 0.000688125139515 0.999931867725 6.81322745594e-05 0.999243742586
8.18 0.000681953520285 0.999932478737 6.75212627847e-05 0.999250525217
8.19 0.000675837249112 0.99993308427 6.69157297807e-05 0.999257247021
8.2 0.000669775829691 0.999933684374 6.63156264351e-05 0.999263908544
8.21 0.000663768770165 0.999934279096 6.57209040756e-05 0.999270510326
8.22 0.000657815583088 0.999934868486 6.51315144657e-05 0.999277052902
8.23 0.000651915785383 0.99993545259 6.45474098013e-05 0.999283536805
8.24 0.000646068898303 0.999936031457 6.39685427066e-05 0.999289962559
8.25 0.000640274447393 0.999936605134 6.33948662301e-05 0.999296330686
8.26 0.000634531962454 0.999937173666 6.28263338411e-05 0.999302641704
8.27 0.000628840977498 0.999937737101 6.22628994257e-05 0.999308896123
8.28 0.000623201030719 0.999938295483 6.17045172831e-05 0.999315094452
8.29 0.000617611664447 0.999938848858 6.11511421222e-05 0.999321237193
8.3 0.000612072425118 0.999939397271 6.06027290575e-05 0.999327324846
8.31 0.000606582863232 0.999939940766 6.00592336057e-05 0.999333357903
8.32 0.000601142533322 0.999940479388 5.95206116821e-05 0.999339336855
8.33 0.000595750993911 0.99994101318 5.89868195969e-05 0.999345262186
8.34 0.000590407807482 0.999941542186 5.8457814052e-05 0.999351134378
8.35 0.000585112540441 0.999942066448 5.79335521371e-05 0.999356953907
8.36 0.000579864763078 0.999942586009 5.74139913262e-05 0.999362721246
8.37 0.00057466404954 0.999943100911 5.68990894748e-05 0.999368436861
8.38 0.000569509977789 0.999943611195 5.63888048156e-05 0.999374101217
8.39 0.00056440212957 0.999944116904 5.58830959559e-05 0.999379714774
8.4 0.000559340090381 0.999944618078 5.53819218735e-05 0.999385277988
8.41 0.000554323449434 0.999945114758 5.48852419142e-05 0.999390791309
8.42 0.000549351799624 0.999945606984 5.43930157879e-05 0.999396255185
8.43 0.000544424737496 0.999946094796 5.39052035655e-05 0.999401670059
8.44 0.000539541863213 0.999946578234 5.34217656758e-05 0.999407036371
8.45 0.000534702780521 0.999947057337 5.29426629021e-05 0.999412354557
8.46 0.000529907096722 0.999947532144 5.24678563792e-05 0.999417625047
8.47 0.000525154422634 0.999948002692 5.19973075901e-05 0.99942284827
8.48 0.000520444372569 0.999948469022 5.15309783631e-05 0.999428024649
8.49 0.000515776564293 0.999948931169 5.10688308683e-05 0.999433154605
8.5 0.000511150619003 0.999949389172 5.06108276151e-05 0.999438238553
8.51 0.000506566161288 0.999949843069 5.01569314487e-05 0.999443276907
8.52 0.000502022819106 0.999950292894 4.97071055474e-05 0.999448270075
8.53 0.00049752022375 0.999950738687 4.92613134192e-05 0.999453218463
8.54 0.000493058009817 0.999951180481 4.88195188995e-05 0.999458122471
8.55 0.000488635815183 0.999951618314 4.83816861474e-05 0.999462982499
8.56 0.00048425328097 0.99995205222 4.79477796436e-05 0.999467798939
8.57 0.000479910051515 0.999952482236 4.75177641869e-05 0.999472572184
8.58 0.000475605774346 0.999952908395 4.70916048915e-05 0.999477302621
8.59 0.000471340100153 0.999953330733 4.66692671844e-05 0.999481990633
8.6 0.000467112682755 0.999953749283 4.62507168024e-05 0.9994866366
8.61 0.000462923179077 0.99995416408 4.58359197893e-05 0.999491240901
8.62 0.000458771249117 0.999954575158 4.54248424933e-05 0.999495803908
8.63 0.000454656555925 0.999954982548 4.50174515642e-05 0.999500325993
8.64 0.00045057876557 0.999955386286 4.46137139506e-05 0.99950480752
8.65 0.000446537547117 0.999955786403 4.42135968974e-05 0.999509248856
8.66 0.000442532572596 0.999956182932 4.3817067943e-05 0.999513650359
8.67 0.000438563516979 0.999956575905 4.34240949169e-05 0.999518012388
8.68 0.000434630058151 0.999956965354 4.30346459368e-05 0.999522335296
8.69 0.000430731876888 0.999957351311 4.26486894061e-05 0.999526619434
8.7 0.000426868656825 0.999957733806 4.22661940114e-05 0.999530865149
8.71 0.000423040084436 0.999958112871 4.18871287201e-05 0.999535072787
8.72 0.000419245849004 0.999958488537 4.15114627776e-05 0.999539242688
8.73 0.0004154856426 0.999958860834 4.1139165705e-05 0.999543375192
8.74 0.000411759160056 0.999959229793 4.07702072966e-05 0.999547470633
8.75 0.000408066098938 0.999959595442 4.04045576174e-05 0.999551529343
8.76 0.000404406159527 0.999959957813 4.00421870006e-05 0.999555551653
8.77 0.000400779044789 0.999960316934 3.96830660455e-05 0.999559537889
8.78 0.000397184460354 0.999960672834 3.93271656148e-05 0.999563488374
8.79 0.000393622114491 0.999961025543 3.89744568325e-05 0.999567403429
8.8 0.000390091718087 0.999961375089 3.86249110812e-05 0.999571283371
8.81 0.000386592984619 0.9999617215 3.82785000002e-05 0.999575128515
8.82 0.000383125630134 0.999962064805 3.79351954828e-05 0.999578939174
8.83 0.000379689373225 0.99996240503 3.75949696746e-05 0.999582715657
8.84 0.000376283935009 0.999962742205 3.72577949705e-05 0.99958645827
8.85 0.000372909039102 0.999963076356 3.6923644013e-05 0.999590167317
8.86 0.0003695644116 0.99996340751 3.65924896897e-05 0.999593843099
8.87 0.000366249781054 0.999963735695 3.62643051315e-05 0.999597485914
8.88 0.00036296487845 0.999964060936 3.59390637098e-05 0.999601096058
8.89 0.000359709437184 0.999964383261 3.5616739035e-05 0.999604673824
8.9 0.000356483193046 0.999964702695 3.52973049538e-05 0.999608219502
8.91 0.000353285884192 0.999965019264 3.49807355474e-05 0.99961173338
8.92 0.000350117251129 0.999965332995 3.46670051296e-05 0.999615215744
8.93 0.000346977036686 0.999965643912 3.4356088244e-05 0.999618666875
8.94 0.000343864986004 0.99996595204 3.40479596627e-05 0.999622087054
8.95 0.000340780846504 0.999966257406 3.37425943838e-05 0.999625476559
8.96 0.000337724367876 0.999966560032 3.34399676297e-05 0.999628835664
8.97 0.000334695302053 0.999966859945 3.31400548446e-05 0.999632164643
8.98 0.00033169340319 0.999967157168 3.28428316932e-05 0.999635463765
8.99 0.000328718427651 0.999967451726 3.2548274058e-05 0.999638733298
9.0 0.000325770133981 0.999967743642 3.22563580379e-05 0.999641973508
9.01 0.000322848282891 0.99996803294 3.1967059946e-05 0.999645184657
9.02 0.00031995263724 0.999968319644 3.16803563078e-05 0.999648367006
9.03 0.000317082962011 0.999968603776 3.1396223859e-05 0.999651520814
9.04 0.000314239024295 0.99996888536 3.11146395442e-05 0.999654646336
9.05 0.000311420593271 0.999969164419 3.08355805145e-05 0.999657743826
9.06 0.00030862744019 0.999969440976 3.05590241257e-05 0.999660813536
9.07 0.000305859338351 0.999969715052 3.02849479369e-05 0.999663855714
9.08 0.000303116063089 0.99996998667 3.0013329708e-05 0.999666870607
9.09 0.000300397391751 0.999970255853 2.97441473987e-05 0.999669858461
9.1 0.000297703103682 0.999970522621 2.94773791659e-05 0.999672819517
9.11 0.000295032980207 0.999970786997 2.92130033625e-05 0.999675754016
9.12 0.000292386804608 0.999971049001 2.89509985354e-05 0.999678662197
9.13 0.000289764362115 0.999971308657 2.8691343424e-05 0.999681544294
9.14 0.00028716543988 0.999971565983 2.84340169581e-05 0.999684400543
9.15 0.000284589826966 0.999971821002 2.81789982564e-05 0.999687231175
9.16 0.000282037314326 0.999972073733 2.79262666249e-05 0.999690036419
9.17 0.000279507694791 0.999972324198 2.76758015551e-05 0.999692816504
9.18 0.000277000763044 0.999972572417 2.74275827222e-05 0.999695571654
9.19 0.000274516315615 0.99997281841 2.71815899839e-05 0.999698302094
9.2 0.000272054150854 0.999973062197 2.69378033783e-05 0.999701008046
9.21 0.000269614068923 0.999973303797 2.66962031223e-05 0.999703689728
9.22 0.000267195871773 0.99997354323 2.64567696106e-05 0.999706347359
9.23 0.000264799363133 0.999973780517 2.62194834132e-05 0.999708981153
9.24 0.000262424348491 0.999974015675 2.59843252747e-05 0.999711591326
9.25 0.000260070635081 0.999974248724 2.57512761119e-05 0.999714178089
9.26 0.000257738031862 0.999974479683 2.55203170131e-05 0.999716741651
9.27 0.000255426349511 0.999974708571 2.52914292358e-05 0.999719282221
9.28 0.000253135400398 0.999974935406 2.50645942059e-05 0.999721800005
9.29 0.000250864998579 0.999975160206 2.48397935155e-05 0.999724295208
9.3 0.000248614959776 0.999975382991 2.46170089218e-05 0.999726768031
9.31 0.000246385101364 0.999975603778 2.43962223458e-05 0.999729218676
9.32 0.000244175242356 0.999975822584 2.41774158702e-05 0.999731647342
9.33 0.000241985203386 0.999976039428 2.39605717387e-05 0.999734054225
9.34 0.0002398148067 0.999976254328 2.3745672354e-05 0.999736439521
9.35 0.000237663876134 0.9999764673 2.35327002766e-05 0.999738803424
9.36 0.000235532237108 0.999976678362 2.33216382233e-05 0.999741146125
9.37 0.000233419716604 0.999976887531 2.3112469066e-05 0.999743467814
9.38 0.000231326143158 0.999977094824 2.290517583e-05 0.999745768681
9.39 0.000229251346842 0.999977300258 2.2699741693e-05 0.999748048911
9.4 0.000227195159252 0.99997750385 2.24961499833e-05 0.999750308691
9.41 0.000225157413496 0.999977705616 2.22943841788e-05 0.999752548202
9.42 0.000223137944177 0.999977905572 2.20944279055e-05 0.999754767628
9.43 0.000221136587381 0.999978103735 2.18962649363e-05 0.999756967148
9.44 0.000219153180665 0.999978300121 2.16998791894e-05 0.99975914694
9.45 0.000217187563043 0.999978494745 2.15052547274e-05 0.999761307182
9.46 0.000215239574971 0.999978687624 2.13123757556e-05 0.999763448049
9.47 0.000213309058337 0.999978878773 2.11212266211e-05 0.999765569715
9.48 0.000211395856447 0.999979068208 2.09317918111e-05 0.999767672352
9.49 0.000209499814012 0.999979255944 2.07440559522e-05 0.99976975613
9.5 0.000207620777136 0.999979441996 2.05580038087e-05 0.999771821219
9.51 0.000205758593302 0.99997962638 2.03736202813e-05 0.999773867786
9.52 0.000203913111361 0.99997980911 2.01908904064e-05 0.999775895998
9.53 0.00020208418152 0.999979990201 2.00097993544e-05 0.999777906019
9.54 0.00020027165533 0.999980169668 1.98303324288e-05 0.999779898012
9.55 0.000198475385672 0.999980347525 1.96524750646e-05 0.999781872139
9.56 0.000196695226748 0.999980523787 1.94762128276e-05 0.99978382856
9.57 0.000194931034065 0.999980698469 1.93015314131e-05 0.999785767435
9.58 0.000193182664427 0.999980871583 1.91284166444e-05 0.999787688919
9.59 0.000191449975924 0.999981043146 1.89568544722e-05 0.99978959317
9.6 0.000189732827916 0.999981213169 1.8786830973e-05 0.999791480341
9.61 0.000188031081025 0.999981381668 1.86183323481e-05 0.999793350587
9.62 0.000186344597123 0.999981548655 1.84513449226e-05 0.999795204058
9.63 0.000184673239323 0.999981714145 1.82858551443e-05 0.999797040906
9.64 0.000183016871961 0.99998187815 1.81218495824e-05 0.999798861278
9.65 0.000181375360594 0.999982040685 1.79593149265e-05 0.999800665324
9.66 0.000179748571982 0.999982201762 1.77982379857e-05 0.99980245319
9.67 0.000178136374082 0.999982361394 1.76386056872e-05 0.99980422502
9.68 0.000176538636032 0.999982519595 1.74804050755e-05 0.999805980959
9.69 0.000174955228148 0.999982676377 1.73236233114e-05 0.999807721149
9.7 0.000173386021905 0.999982831752 1.71682476705e-05 0.99980944573
9.71 0.000171830889932 0.999982985734 1.70142655428e-05 0.999811154845
9.72 0.000170289706002 0.999983138336 1.68616644313e-05 0.99981284863
9.73 0.000168762345017 0.999983289568 1.67104319509e-05 0.999814527223
9.74 0.000167248683004 0.999983439444 1.65605558277e-05 0.999816190761
9.75 0.000165748597098 0.999983587976 1.64120238979e-05 0.999817839379
9.76 0.000164261965541 0.999983735176 1.62648241066e-05 0.99981947321
9.77 0.000162788667662 0.999983881055 1.61189445071e-05 0.999821092388
9.78 0.000161328583875 0.999984025627 1.59743732599e-05 0.999822697043
9.79 0.000159881595665 0.999984168901 1.58310986314e-05 0.999824287306
9.8 0.000158447585582 0.999984310891 1.56891089936e-05 0.999825863305
9.81 0.000157026437227 0.999984451607 1.55483928224e-05 0.99982742517
9.82 0.000155618035246 0.999984591061 1.54089386973e-05 0.999828973026
9.83 0.000154222265319 0.999984729265 1.52707353e-05 0.999830506999
9.84 0.000152839014153 0.999984866229 1.51337714139e-05 0.999832027214
9.85 0.000151468169467 0.999985001964 1.49980359227e-05 0.999833533795
9.86 0.000150109619993 0.999985136482 1.48635178101e-05 0.999835026862
9.87 0.000148763255455 0.999985269794 1.47302061584e-05 0.999836506538
9.88 0.000147428966569 0.99998540191 1.45980901477e-05 0.999837972943
9.89 0.000146106645031 0.999985532841 1.44671590555e-05 0.999839426196
9.9 0.000144796183508 0.999985662598 1.4337402255e-05 0.999840866414
9.91 0.000143497475629 0.999985791191 1.42088092149e-05 0.999842293715
9.92 0.000142210415978 0.999985918631 1.40813694984e-05 0.999843708215
9.93 0.000140934900083 0.999986044927 1.39550727622e-05 0.999845110027
9.94 0.00013967082441 0.999986170091 1.38299087558e-05 0.999846499267
9.95 0.000138418086355 0.999986294133 1.37058673205e-05 0.999847876046
9.96 0.00013717658423 0.999986417062 1.35829383888e-05 0.999849240477
9.97 0.000135946217263 0.999986538888 1.34611119836e-05 0.999850592671
9.98 0.000134726885584 0.999986659622 1.33403782169e-05 0.999851932736
9.99 0.000133518490219 0.999986779273 1.32207272897e-05 0.999853260782
10.0 0.000132320933082 0.999986897851 1.31021494908e-05 0.999854576917
