5.000000e-01 0.0222328578682883
2.500000e-01 0.0056105872036356
1.250000e-01 0.0014059384158673
6.250000e-02 0.0003516906171153
3.125000e-02 0.0000879355345922
1.562500e-02 0.0000219846887375
7.812500e-03 0.0000054962225007
3.906250e-03 0.0000013740587703
1.953125e-03 0.0000003435148854
9.765625e-04 0.0000000858787685
4.882812e-04 0.0000000214697180
2.441406e-04 0.0000000053673417
1.220703e-04 0.0000000013416908
6.103516e-05 0.0000000003357896
3.051758e-05 0.0000000000838596
1.525879e-05 0.0000000000220139
7.629395e-06 0.0000000000001861
3.814697e-06 0.0000000000070899
1.907349e-06 0.0000000000074620
9.536743e-07 0.0000000000216418
4.768372e-07 0.0000000000365659
2.384186e-07 0.0000000001529812
1.192093e-07 0.0000000000798495
5.960464e-08 0.0000000003858118
2.980232e-08 0.0000000005455107
1.490116e-08 0.0000000005455107
7.450581e-09 0.0000000005455107
3.725290e-09 0.0000000005455107
1.862645e-09 0.0000000292568116
9.313226e-10 0.0000000292568116
4.656613e-10 0.0000000292568116
2.328306e-10 0.0000000292568116
1.164153e-10 0.0000000292568116
5.820766e-11 0.0000000292568116
2.910383e-11 0.0000000292568116
1.455192e-11 0.0000000292568116
7.275958e-12 0.0000038439540773
3.637979e-12 0.0000114148349852
1.818989e-12 0.0000191027431398
9.094947e-13 0.0000191027431398
4.547474e-13 0.0000191027431398
2.273737e-13 0.0002250378818602
1.136868e-13 0.0002632433681398
5.684342e-14 0.0007133191318602
2.842171e-14 0.0012398058681398
1.421085e-14 0.0012398058681398
7.105427e-15 0.0065726941318602
3.552714e-15 0.0090523058681398
1.776357e-15 0.0221976941318602
