5.000000e-01 0.2282543022758239
2.500000e-01 0.1102477676773810
1.250000e-01 0.0539294315385503
6.250000e-02 0.0266391001213466
3.125000e-02 0.0132348497213584
1.562500e-02 0.0065958430104245
7.812500e-03 0.0032924755384172
3.906250e-03 0.0016448699861527
1.953125e-03 0.0008220922622555
9.765625e-04 0.0004109603504090
4.882812e-04 0.0002054587177596
2.441406e-04 0.0001027239929541
1.220703e-04 0.0000513606548380
6.103516e-05 0.0000256799923632
3.051758e-05 0.0000128399116917
1.525879e-05 0.0000064199341110
7.629395e-06 0.0000032099562346
3.814697e-06 0.0000016049672964
1.907349e-06 0.0000008024873792
9.536743e-07 0.0000004012037649
4.768372e-07 0.0000002006201654
2.384186e-07 0.0000001005029886
1.192093e-07 0.0000000497459083
5.960464e-08 0.0000000255315213
2.980232e-08 0.0000000106303601
1.490116e-08 0.0000000069050698
7.450581e-09 0.0000000005455107
3.725290e-09 0.0000000005455107
1.862645e-09 0.0000000292568116
9.313226e-10 0.0000000292568116
4.656613e-10 0.0000000292568116
2.328306e-10 0.0000000292568116
1.164153e-10 0.0000000292568116
5.820766e-11 0.0000000292568116
2.910383e-11 0.0000000292568116
1.455192e-11 0.0000037854404540
7.275958e-12 0.0000038439540773
3.637979e-12 0.0000114148349852
1.818989e-12 0.0000191027431398
9.094947e-13 0.0000191027431398
4.547474e-13 0.0000191027431398
2.273737e-13 0.0002250378818602
1.136868e-13 0.0002632433681398
5.684342e-14 0.0007133191318602
2.842171e-14 0.0012398058681398
1.421085e-14 0.0012398058681398
7.105427e-15 0.0065726941318602
3.552714e-15 0.0090523058681398
1.776357e-15 0.0221976941318602
