0                     0.
0.01                  1.6317987487058205e-12
0.02                  3.6695545022502205e-12
0.03                  6.611547904531728e-12
0.04                  1.1159652973922272e-11
0.05                  1.8371944588816452e-11
0.06                  2.988646704529344e-11
0.07                  4.8258555846861943e-11
0.08                  7.747371918762334e-11
0.09                  1.237276484184318e-10
0.1                   1.9660868630637057e-10
0.11                  3.108821255624193e-10
0.12                  4.891686442243026e-10
0.13                  7.659430528067783e-10
0.14                  1.1934710371008816e-9
0.15                  1.85057371417308e-9
0.16                  2.855493944033251e-9
0.17                  4.3846769172877154e-9
0.18                  6.700027582180767e-9
0.19                  1.0188244894107314e-8
0.2                   1.541725787876029e-8
0.21                  2.3216732224963324e-8
0.22                  3.479224859091707e-8
0.23                  5.188629340707715e-8
0.24                  7.700392745514751e-8
0.25                  1.1372725656882954e-7
0.26                  1.671510579086335e-7
0.27                  2.444826505751075e-7
0.28                  3.5586299300754496e-7
0.29                  5.154838246337216e-7
0.3                   7.430983723413735e-7
0.31                  1.0660517934737629e-6
0.32                  1.5219933628622817e-6
0.33                  2.1624768200401822e-6
0.34                  3.0577097964381646e-6
0.35000000000000003   4.302779463675134e-6
0.36                  6.025761151762084e-6
0.37                  8.39821131521594e-6
0.38                  0.000011648657367199579
0.39                  0.000016079825760166998
0.4                   0.000022090496998585434
0.41000000000000003   0.000030203042064138297
0.42                  0.00004109787809945872
0.43                  0.000055656279961398835
0.44                  0.00007501319466545893
0.45                  0.00010062192211963686
0.46                  0.0001343327399405242
0.47000000000000003   0.00017848775202400054
0.48                  0.000236034416529349
0.49                  0.00031066034263919066
0.5                   0.0004069520174449588
0.51                  0.0005305801122510535
0.52                  0.0006885138966450791
0.53                  0.0008892670321324568
0.54                  0.0011431765973566523
0.55                  0.0014627165866811513
0.56                  0.0018628462979818935
0.5700000000000001    0.002361392962674661
0.58                  0.0029794666563329845
0.59                  0.0037419039555431216
0.6                   0.004677734981047266
0.61                  0.005820666407810878
0.62                  0.007209570764742532
0.63                  0.00888896994391429
0.64                  0.0109094983642693
0.65                  0.013328328780817553
0.66                  0.016209541409225453
0.67                  0.019624414976639717
0.68                  0.023651616655356027
0.6900000000000001    0.02837726673798747
0.7000000000000001    0.033894853524689315
0.71                  0.04030497436254074
0.72                  0.047714880237351175
0.73                  0.05623780387727592
0.74                  0.06599205505934755
0.75                  0.07709987174354176
0.76                  0.08968602177036464
0.77                  0.10387615706308502
0.78                  0.11979493042591834
0.79                  0.1375638939099034
0.8                   0.15729920705028524
0.81                  0.17910919272672218
0.8200000000000001    0.20309178757716803
0.8300000000000001    0.22933194239164767
0.84                  0.25789903529233943
0.85                  0.2888443663464848
0.86                  0.3221988061625815
0.87                  0.35797067264432814
0.88                  0.3961439091520741
0.89                  0.4366766336748911
0.9                   0.4795001221869535
0.91                  0.5245182802130764
0.92                  0.5716076449533316
0.93                  0.6206179464376899
0.9400000000000001    0.6713732405408728
0.9500000000000001    0.7236736098317634
0.96                  0.7772974107895214
0.97                  0.8320040285726363
0.98                  0.8875370839817149
0.99                  0.9436280222029834
1.                    1.
