0                     0.
0.01                  0.002929972838408306
0.02                  0.005865803303484291
0.03                  0.008813347552521724
0.04                  0.011778458789450646
0.05                  0.014766985751685243
0.06                  0.01778477115340097
0.07                  0.02083765007104153
0.08                  0.023931448257130616
0.09                  0.027071980368807
0.1                   0.030265048097910884
0.11                  0.033516438189923045
0.12                  0.03683192033959839
0.13                  0.04021724495173125
0.14                  0.04367814075615439
0.15                  0.047220312266786614
0.16                  0.05084943707532036
0.17                  0.05457116297096475
0.18                  0.05839110487853745
0.19                  0.06231484160812146
0.2                   0.06634791241047301
0.21                  0.0704958133333741
0.22                  0.07476399337517317
0.23                  0.07915785043283674
0.24                  0.0836827270429475
0.25                  0.08834390591522201
0.26                  0.09314660525928317
0.27                  0.09809597390659816
0.28                  0.10319708623068831
0.29                  0.10845493686991728
0.3                   0.11387443525836924
0.31                  0.11946039997153757
0.32                  0.12521755289474434
0.33                  0.13115051322340404
0.34                  0.13726379130542096
0.35000000000000003   0.14356178233717132
0.36                  0.15004875992565175
0.37                  0.1567288695304845
0.38                  0.1636061218005357
0.39                  0.17068438582094306
0.4                   0.17796738228732834
0.41000000000000003   0.1854586766249197
0.42                  0.19316167207118776
0.43                  0.20107960274143516
0.44                  0.20921552669754456
0.45                  0.21757231904079138
0.46                  0.22615266505026127
0.47000000000000003   0.23495905338897002
0.48                  0.2439937694002625
0.49                  0.2532588885174708
0.5                   0.2627562698101255
0.51                  0.27248754969024525
0.52                  0.28245413580237083
0.53                  0.2926572011210626
0.54                  0.3030976782795318
0.55                  0.3137762541529491
0.56                  0.32469336471973215
0.5700000000000001    0.3358491902237956
0.58                  0.34724365066031776
0.59                  0.3588764016070622
0.6                   0.37074683042267476
0.61                  0.3828540528326754
0.62                  0.39519690992305195
0.63                  0.40777396556048046
0.64                  0.42058350425720975
0.65                  0.4336235294975824
0.66                  0.4468917625420159
0.67                  0.46038564172303437
0.68                  0.4741023222466407
0.6900000000000001    0.48803867651093985
0.7000000000000001    0.5021912949524838
0.71                  0.5165564874292993
0.72                  0.5311302851480113
0.73                  0.5459084431408473
0.74                  0.5608864432966687
0.75                  0.5760594979484747
0.76                  0.5914225540180998
0.77                  0.6069702977170782
0.78                  0.6226971598008783
0.79                  0.6385973213719403
0.8                   0.6546647202251524
0.81                  0.6708930577276391
0.8200000000000001    0.687275806222957
0.8300000000000001    0.703806216948045
0.84                  0.7204773284495567
0.85                  0.7372819754845079
0.86                  0.7542127983885178
0.87                  0.7712622528933261
0.88                  0.7884226203737135
0.89                  0.805686018502461
0.9                   0.8230444122905677
0.91                  0.8404896254885911
0.92                  0.8580133523237106
0.93                  0.8756071695459251
0.9400000000000001    0.8932625487557035
0.9500000000000001    0.9109708689844076
0.96                  0.9287234294979051
0.97                  0.9465114627929961
0.98                  0.9643261477555847
0.99                  0.9821586229489497
1.                    1.
