0                     0.
0.01                  1.3896753666901145e-108
0.02                  1.9329656448816318e-106
0.03                  2.557675994732711e-104
0.04                  3.21956928695467e-102
0.05                  3.855509910198644e-100
0.06                  4.3923672344264114e-98
0.07                  4.760463466298938e-96
0.08                  4.908339996326021e-94
0.09                  4.814552381513319e-92
0.1                   4.492769858723021e-90
0.11                  3.9885087228022584e-88
0.12                  3.368574941890742e-86
0.13                  2.7065894906236255e-84
0.14                  2.0689039844880814e-82
0.15                  1.5045317216457936e-80
0.16                  1.0408946480839934e-78
0.17                  6.851063757854494e-77
0.18                  4.2899921003943783e-75
0.19                  2.5556637914069222e-73
0.2                   1.4484424372736233e-71
0.21                  7.809993281767249e-70
0.22                  4.0063938921752595e-68
0.23                  1.9552933522556996e-66
0.24                  9.07877579257651e-65
0.25                  4.0105285390708935e-63
0.26                  1.6855312991874273e-61
0.27                  6.739612641394617e-60
0.28                  2.5638821011653626e-58
0.29                  9.27958052592133e-57
0.3                   3.19542103462124e-55
0.31                  1.0468866235051034e-53
0.32                  3.2632135342257256e-52
0.33                  9.677611644169053e-51
0.34                  2.7306775798374885e-49
0.35000000000000003   7.330861244305742e-48
0.36                  1.872513007294027e-46
0.37                  4.550750417376547e-45
0.38                  1.0522834157323628e-43
0.39                  2.315140334700867e-42
0.4                   4.846411842405281e-41
0.41000000000000003   9.653068682451043e-40
0.42                  1.8294326354168017e-38
0.43                  3.298963053176823e-37
0.44                  5.660473306643435e-36
0.45                  9.241591953531322e-35
0.46                  1.435701966774757e-33
0.47000000000000003   2.1223169041005082e-32
0.48                  2.985312776759676e-31
0.49                  3.995845064171196e-30
0.5                   5.089468973814307e-29
0.51                  6.168612661162035e-28
0.52                  7.11476004539677e-27
0.53                  7.809040145707962e-26
0.54                  8.156559843011626e-25
0.55                  8.107671698367093e-24
0.56                  7.669610518818893e-23
0.5700000000000001    6.904739421755263e-22
0.58                  5.91599065687658e-21
0.59                  4.824184038035695e-20
0.6                   3.744097384202825e-19
0.61                  2.7657231621517694e-18
0.62                  1.9445575919781576e-17
0.63                  1.3013573355567872e-16
0.64                  8.289914674372228e-16
0.65                  5.026856153741073e-15
0.66                  2.9016972125628606e-14
0.67                  1.594536990821389e-13
0.68                  8.341862847891331e-13
0.6900000000000001    4.1548762266523704e-12
0.7000000000000001    1.970344471179933e-11
0.71                  8.896919091838935e-11
0.72                  3.8254023259385983e-10
0.73                  1.5663312921022132e-9
0.74                  6.107886359709456e-9
0.75                  2.2684748592600757e-8
0.76                  8.025111266927568e-8
0.77                  2.704484788633557e-7
0.78                  8.68322808545471e-7
0.79                  2.6563968243191815e-6
0.8                   7.7442164310441e-6
0.81                  0.0000215178643781203
0.8200000000000001    0.00005699411623331867
0.8300000000000001    0.00014392985649715767
0.84                  0.0003466193511346663
0.85                  0.0007962301575908092
0.86                  0.001745118699528901
0.87                  0.0036504344044418708
0.88                  0.007290358091535637
0.89                  0.013906296895346075
0.9                   0.025347318677468277
0.91                  0.04417134490844266
0.92                  0.07363827012030275
0.93                  0.11752486809663941
0.9400000000000001    0.17971249487900023
0.9500000000000001    0.2635524772829733
0.96                  0.3710933695226971
0.97                  0.5023349543605017
0.98                  0.6547208460185767
0.99                  0.8230632737581213
1.                    1.
