0                     0
0.01                  0.009999999946503028
0.02                  0.019999999893058996
0.03                  0.029999999839720445
0.04                  0.03999999978653982
0.05                  0.049999999733569986
0.06                  0.059999999680863204
0.07                  0.06999999962847134
0.08                  0.07999999957644613
0.09                  0.0899999995248388
0.1                   0.09999999947370045
0.11                  0.10999999942308149
0.12                  0.11999999937303195
0.13                  0.12999999932360096
0.14                  0.13999999927483783
0.15                  0.14999999922678994
0.16                  0.15999999917950564
0.17                  0.16999999913303046
0.18                  0.17999999908741107
0.19                  0.18999999904269257
0.2                   0.1999999989989188
0.21                  0.2099999989561328
0.22                  0.21999999891437702
0.23                  0.22999999887369238
0.24                  0.2399999988341198
0.25                  0.2499999987956975
0.26                  0.2599999987584636
0.27                  0.26999999872245495
0.28                  0.27999999868770725
0.29                  0.2899999986542544
0.3                   0.2999999986221298
0.31                  0.30999999859136496
0.32                  0.31999999856199035
0.33                  0.32999999853403494
0.34                  0.33999999850752594
0.35000000000000003   0.34999999848249014
0.36                  0.35999999845895153
0.37                  0.36999999843693426
0.38                  0.37999999841645926
0.39                  0.38999999839754723
0.4                   0.39999999838021644
0.41000000000000003   0.40999999836448425
0.42                  0.41999999835036605
0.43                  0.4299999983378757
0.44                  0.4399999983270261
0.45                  0.4499999983178273
0.46                  0.45999999831028837
0.47000000000000003   0.46999999830441724
0.48                  0.47999999830021955
0.49                  0.4899999982976993
0.5                   0.4999999982968587
0.51                  0.509999998297699
0.52                  0.5199999983002198
0.53                  0.5299999983044175
0.54                  0.5399999983102889
0.55                  0.5499999983178274
0.56                  0.5599999983270262
0.5700000000000001    0.569999998337876
0.58                  0.5799999983503662
0.59                  0.5899999983644841
0.6                   0.5999999983802166
0.61                  0.609999998397547
0.62                  0.6199999984164595
0.63                  0.6299999984369343
0.64                  0.6399999984589517
0.65                  0.6499999984824902
0.66                  0.659999998507526
0.67                  0.6699999985340346
0.68                  0.6799999985619903
0.6900000000000001    0.689999998591365
0.7000000000000001    0.6999999986221299
0.71                  0.7099999986542543
0.72                  0.719999998687707
0.73                  0.7299999987224549
0.74                  0.7399999987584637
0.75                  0.7499999987956971
0.76                  0.7599999988341196
0.77                  0.7699999988736925
0.78                  0.7799999989143771
0.79                  0.7899999989561329
0.8                   0.7999999989989187
0.81                  0.8099999990426928
0.8200000000000001    0.8199999990874115
0.8300000000000001    0.8299999991330307
0.84                  0.8399999991795054
0.85                  0.8499999992267899
0.86                  0.8599999992748375
0.87                  0.8699999993236012
0.88                  0.879999999373032
0.89                  0.8899999994230815
0.9                   0.8999999994737004
0.91                  0.9099999995248389
0.92                  0.9199999995764461
0.93                  0.9299999996284711
0.9400000000000001    0.9399999996808631
0.9500000000000001    0.9499999997335702
0.96                  0.9599999997865397
0.97                  0.9699999998397202
0.98                  0.9799999998930589
0.99                  0.9899999999465031
1.                    1.
